0 3 0
1 1 0 0 0 0 0 
1 -0.49687038190912264 -0.63310973319960306 -0.28273337863862419 0 0 0 
1 -0.50312961809087731 0.63310973319960306 0.28273337863862419 0 0 0 

0.01 3 0.00279117
1 0.99996675911941479 -7.2356841405439582e-08 -3.2313030688681192e-08 -0.0066482587598835265 -1.4471515441601458e-05 -6.4626718565002394e-06 
1 -0.4968538277832521 -0.63307894185103608 -0.2827196278754362 0.0033108662213890455 0.0061583605254380705 0.0027501931923117301 
1 -0.50311293133616153 0.63307901420787838 0.28271966018846711 0.0033373925384944663 -0.0061438890099964919 -0.0027437305204552273 

0.02 3 0.00362301
1 0.99986703151868628 -2.8943619570356615e-07 -1.2925606608198067e-07 -0.013297509381925563 -2.8944796974785509e-05 -1.2926132412042873e-05 
1 -0.4968041629426071 -0.63298656235606343 -0.28267837315234329 0.0066222250824415256 0.012317810995897937 0.0055008731309525317 
1 -0.50306286857607652 0.63298685179225989 0.28267850240841008 0.0066752842994840236 -0.012288866198923181 -0.0054879469985404904 

0.029999999999999999 3 0.00444984
1 0.9997008023168289 -6.5126455765394288e-07 -2.9084093817753815e-07 -0.019948744542844381 -4.3421611594041785e-05 -1.9391170768884976e-05 
1 -0.49672137999608662 -0.63283257836146922 -0.28260960716634553 0.0099345696255438987 0.018479442433565661 0.0082525270432902455 
1 -0.50297942232074078 0.63283322962602595 0.28260989800728581 0.01001417491730046 -0.018436020821971762 -0.0082331358725213598 

0.040000000000000001 3 0.00527072
1 0.99946804669861389 -1.157886100239133e-06 -5.1708737369243094e-07 -0.02660295855009015 -5.7903728100090681e-05 -2.5858576835911887e-05 
1 -0.49660546661846422 -0.63261696259393374 -0.28251331773775806 0.013248393699320519 0.024644348017556876 0.011005643119931564 
1 -0.50286258008014983 0.63261812048003052 0.2825138348251342 0.013354564850769583 -0.024586444289456784 -0.010979784543095639 

0.050000000000000003 3 0.00608563
1 0.99916872989417937 -1.8093626972469208e-06 -8.0802300414791201e-07 -0.033261148161248026 -7.2392918004041796e-05 -3.2329141732415323e-05 
1 -0.49645640554031051 -0.63233967683304271 -0.28238948779815365 0.016564192363735138 0.030813624168895506 0.013760710999250915 
1 -0.50271232435386548 0.63234148619573705 0.28239029582116149 0.016696955797513006 -0.030741231250891513 -0.013728381857518521 

0.060000000000000005 3 0.00690866
1 0.99880280715039249 -2.60577395489993e-06 -1.1636833799945456e-06 -0.039924313408303137 -8.6890956432766797e-05 -3.880365819240073e-05 
1 -0.49627417453384925 -0.63200067187341691 -0.28223809537345257 0.019882462297579045 0.036988371643342739 0.016518222255424361 
1 -0.50252863261654324 0.6320032776473653 0.282239259056836 0.020041851110724342 -0.03690148068691023 -0.016479418597231992 

0.070000000000000007 3 0.00773263
1 0.99837022369398432 -3.5472172525465802e-06 -1.5841119887838899e-06 -0.046593458428412747 -0.00010139962303587241 -4.5282920969641679e-05 
1 -0.49605874639470482 -0.63159988747585227 -0.28205911356210556 0.023203702209155116 0.043169696634747554 0.019278670891162163 
1 -0.50231147729927972 0.63160343469309455 0.28206069767409608 0.023389756219257974 -0.043068297011711651 -0.019233387970192584 

0.080000000000000002 3 0.00853968
1 0.99787091468628386 -4.6338077924315971e-06 -2.0693602773950031e-06 -0.053269592302860283 -0.00011592070289469959 -5.1767727243600573e-05 
1 -0.49581008891955014 -0.63113725230736539 -0.28185251050831328 0.026528413250978183 0.049358711891633163 0.022042553836353899 
1 -0.50206082576673949 0.63114188611514421 0.28185457986859341 0.02674117905188254 -0.04924279118873838 -0.021990786109110386 

0.089999999999999997 3 0.00935864
1 0.99730480516956688 -5.8656786585677127e-06 -2.6194876783252323e-06 -0.059953729905889507 -0.00013045598743360119 -5.825887702639792e-05 
1 -0.49552816487956525 -0.63061268387000025 -0.28161824937024282 0.029857099439326355 0.055556537849805965 0.024810371453866151 
1 -0.50177664029001234 0.63061854954864649 0.28162086885792359 0.030096630466563822 -0.055426081862372273 -0.024752112576839791 

0.099999999999999992 3 0.0105865
1 0.99667181000481175 -7.2429808847333989e-06 -3.2345616400566187e-06 -0.066646892765158575 -0.00014500727533394041 -6.4757173570981417e-05 
1 -0.49521293198967342 -0.63002608841822794 -0.28135628828312514 0.033190268079496023 0.061764303783828904 0.027582628053767037 
1 -0.50145887801515099 0.63003333139909978 0.28135952284476889 0.033456624685663343 -0.061619296508495007 -0.027517870880196225 

0.10999999999999999 3 0.0115244
1 0.99597183380082877 -8.7658835316250577e-06 -3.9146576615103624e-06 -0.073350109935592794 -0.00015957637345100008 -7.1263423780601755e-05 
1 -0.49486434287351122 -0.62937736086469187 -0.28106658031717924 0.036528430197634888 0.06798314898030236 0.03035983241728802 
1 -0.50110749092732942 0.62938612674821337 0.28107049497484288 0.036821679737958551 -0.067823572606851068 -0.030288568993507514 

0.11999999999999998 3 0.0124044
1 0.99520477083452863 -1.0434573773193592e-05 -4.6598593306031134e-06 -0.080064418888466798 -0.00017416509773405931 -7.7778438619694194e-05 
1 -0.494482345024018 -0.62866638467413605 -0.28074907343022631 0.039872100980048383 0.074214223935984397 0.033142498331879496 
1 -0.50072242581052184 0.62867681924789942 0.28075373328955905 0.040192317908418845 -0.074040058838250322 -0.033064719893260049 

0.12999999999999998 3 0.0164576
1 0.99437050496227586 -1.2249256992199273e-05 -5.4702583669194372e-06 -0.086790866417601156 -0.00018877527414989031 -8.4303033526279432e-05 
1 -0.49406688075960986 -0.62789303174518873 -0.28040371041491197 0.043221800220906111 0.080458691583909128 0.035931145138768432 
1 -0.50030362420267205 0.62790528100216769 0.28040918067328102 0.043569066196695247 -0.080269916309759118 -0.035846842105242423 

0.13999999999999999 3 0.0172896
1 0.99346890952202593 -1.4210156885018814e-05 -6.3459546685165116e-06 -0.093530509564625136 -0.0002034087396098145 -9.083802882599686e-05 
1 -0.49361788717582239 -0.62705716227973085 -0.28003042884036433 0.046578052779303714 0.086717728550777223 0.038726298294483361 
1 -0.49985102234621259 0.62707137243660371 0.28003677479503608 0.04695245678532195 -0.086514319811167278 -0.03863546026565743 

0.14999999999999999 3 0.0181186
1 0.99249984722615547 -1.6317515575740768e-05 -7.2870563628769391e-06 -0.10028441656533015 -0.00021806734290033414 -9.7384250147687952e-05 
1 -0.49313529609233037 -0.62615862463954675 -0.2796291609881737 0.049941389046670927 0.092992526449054091 0.0415284899478775 
1 -0.49936455113383482 0.62617494215511271 0.27963644804453969 0.050343027518659884 -0.092774459106154422 -0.041431105697729766 

0.16 3 0.0189416
1 0.99146317004466811 -1.8571593739586358e-05 -8.2936798620255667e-06 -0.10705366781921057 -0.00023275294561743223 -0.00010394252884063319 
1 -0.49261903399524137 -0.62519725518984492 -0.27919983378250984 0.053312345425557336 0.09928429320737045 0.044338259534256845 
1 -0.49884413604943922 0.62521582678357301 0.27920812746237428 0.053741322393653944 -0.09905154026175339 -0.044234317005416093 

0.17000000000000001 3 0.0197587
1 0.99035871907863771 -2.0972670735690413e-05 -9.3659499218267682e-06 -0.11383935688438945 -0.00024746742310448051 -0.00011051370239340547 
1 -0.49206902197454294 -0.62417287812926436 -0.27874236871421121 0.056691464820866205 0.10559425444299622 0.047156154388299371 
1 -0.49828969710410692 0.62419385079998946 0.2787517346641365 0.057147892063523595 -0.10534678701989243 -0.047045640685905638 

0.18000000000000002 3 0.0205736
1 0.98918632442350374 -2.3521044749278865e-05 -1.050399970547806e-05 -0.1206425915002152 -0.00026221266539353324 -0.0001170986148542363 
1 -0.4914851756565638 -0.62308530530592998 -0.27825668175864715 0.060079297144659788 0.11192365488038182 0.04998273037754377 
1 -0.49770114876695071 0.62310882635067222 0.27826718575835385 0.060563294355555575 -0.11166144221498896 -0.049865631762689024 

0.19000000000000003 3 0.0213907
1 0.98794580502203588 -2.6217032943275803e-05 -1.17079708512144e-05 -0.12746449463993009 -0.00027699057814979444 -0.00012369811725278424 
1 -0.4908674051313221 -0.62193433601910597 -0.27774268328711721 0.063476399835707409 0.11827375981996487 0.052818552558328659 
1 -0.49707839989072455 0.62196055305203901 0.27775439125797302 0.063988094804223364 -0.11799676924181578 -0.052694854441075592 

0.20000000000000004 3 0.0221958
1 0.98663696850659155 -2.9060971619369413e-05 -1.2978013544236652e-05 -0.13430620559592452 -0.00029180308361890372 -0.00013031306802317844 
1 -0.49021561487457999 -0.62071975680582414 -0.27720027797159535 0.066883338395006792 0.12464585666171084 0.055664195856172535 
1 -0.4964213536320195 0.62074881777743618 0.27721325598514646 0.06742286720091846 -0.12435405357809262 -0.05553388278814924 

0.21000000000000005 3 0.023006
1 0.98525961103035642 -3.2053216388561711e-05 -1.4314286592875803e-05 -0.14116888110022258 -0.00030665212157645803 -0.0001369443334280579 
1 -0.48952970366449428 -0.61944134121207028 -0.27662936468252008 0.070300686938575566 0.13104125648811452 0.058520245772710179 
1 -0.49572990736587019 0.61947339442844762 0.27664367896911862 0.070868194161648496 -0.13073460436653819 -0.05838330143928204 

0.22000000000000006 3 0.0238228
1 0.98381351708719289 -3.5194142351223049e-05 -1.5716957509001398e-05 -0.14805369648299443 -0.00032153965027919364 -0.00014359278798334486 
1 -0.48880956449260576 -0.61809884954774696 -0.27602983637937528 0.073729028768870025 0.13746129571171226 0.061387299121435389 
1 -0.49500395259459345 0.61813404369008174 0.2760455533368909 0.074324667714125423 -0.13713975606143328 -0.061243706333451657 

0.23000000000000007 3 0.0246327
1 0.98229845931967996 -3.8484144286663495e-05 -1.7186202592680002e-05 -0.15496184687202638 -0.00033646764741691003 -0.00015025931488335314 
1 -0.48805508446904722 -0.61669202862485395 -0.27540157999377163 0.077168956966273475 0.14390733779247231 0.064265964794650424 
1 -0.49424337485064113 0.61673051276911939 0.27541876619637201 0.077792889905753712 -0.14357087014505598 -0.064115705479766819 

0.24000000000000007 3 0.0254986
1 0.98071419831497708 -4.1923636852222201e-05 -1.8722207021084487e-05 -0.16189454843627757 -0.00035143811106419054 -0.00015694480642581556 
1 -0.48726614472171215 -0.61522061147811968 -0.27474447630468379 0.080621075002171833 0.1503807750308106 0.067156864564190552 
1 -0.49344805359327937 0.61526253511494755 0.27476319851171294 0.08127347343410625 -0.15002933691974621 -0.066999919757764162 

0.25000000000000006 3 0.0264547
1 0.9790604823879957 -4.5513054791868114e-05 -2.032516494165029e-05 -0.16885303967680826 -0.0003664530606306062 -0.00016365016443622087 
1 -0.48644262028918051 -0.61368431706729043 -0.27405839980549396 0.0840859973752245 0.15688303044237958 0.070060633918664045 
1 -0.49261786209882746 0.61372983012206095 0.27407872497044283 0.084767042301584841 -0.15651657738174873 -0.069896983754227607 

0.26000000000000006 3 0.0272667
1 0.97733704735139326 -4.9252853154289906e-05 -2.1995279569470237e-05 -0.17583858276858824 -0.00038151453780803829 -0.00017037630069086118 
1 -0.48558438000716797 -0.61208284996023699 -0.27334321856247806 0.087564350272539171 0.1634155597212302 0.072977922940159715 
1 -0.49175266734423434 0.61213210281337138 0.27336521384205553 0.088274232496050431 -0.16303404518342196 -0.072807546639468937 

0.27000000000000007 3 0.0280898
1 0.9755436162719151 -5.3143507520436317e-05 -2.3732763288909019e-05 -0.18285246495689697 -0.00039662460751317994 -0.00017712413733773146 
1 -0.4846912863882244 -0.61041589999596779 -0.27259879406431581 0.091056772257559759 0.16997985329843171 0.075909397223580116 
1 -0.49085232988370353 0.61046904350346598 0.27262252682761073 0.091795692699338141 -0.16958322869091816 -0.075732273086242752 

0.28000000000000008 3 0.0289149
1 0.97367989921248166 -5.7185514240448681e-05 -2.5537837759412338e-05 -0.18989600001227011 -0.00041178535882323535 -0.00018389460731440917 
1 -0.48376319549440766 -0.60868314192652584 -0.27182498106216774 0.094563914986595499 0.17657743850376756 0.078855738842013051 
1 -0.48991670371808321 0.60874032744074702 0.27185051889993217 0.095332085025675736 -0.17616565314494378 -0.078671844234698737 

0.29000000000000009 3 0.029732
1 0.97174559295936647 -6.1379390679908681e-05 -2.7410734025475652e-05 -0.19697052974822266 -0.00042699890590246052 -0.00019068865476180546 
1 -0.48279995680264753 -0.60688423503674316 -0.27102162739986685 0.098086443956045322 0.18320988183873857 0.081817647361802776 
1 -0.48894563615672482 0.60694561442740325 0.27104903813389669 0.098884085792178292 -0.18278288293283543 -0.081626958707040606 

0.3000000000000001 3 0.030551
1 0.96974038073392421 -6.5725675475290825e-05 -2.9351692630724294e-05 -0.20407742560622727 -0.00044226738891655926 -0.00019750723543252957 
1 -0.48180141306247759 -0.60501882274066066 -0.27018857383368566 0.10162503928250204 0.18987879136973837 0.084795840911293233 
1 -0.4879389676714519 0.60508454841611536 0.27021792552631968 0.10245238632372694 -0.18943652398082184 -0.084598333675860407 

0.31000000000000011 3 0.031359
1 0.96766393188808619 -7.0224928798488814e-05 -3.1360963736044444e-05 -0.21121809031277169 -0.00045759297493176958 -0.00020435131709239902 
1 -0.48076740014577896 -0.6030865321533746 -0.26932565384113649 0.10518039651807597 0.19658581925099267 0.087791057307520348 
1 -0.48689653174231062 0.60315675708215033 0.26935701480487667 0.1060376937946983 -0.19612822627606055 -0.08758670599042763 

0.32000000000000012 3 0.032177
1 0.96551590158289491 -7.4877732630235932e-05 -3.3438807241688127e-05 -0.21839395961362865 -0.00047297785879481588 -0.00021122187991341057 
1 -0.47969774688819378 -0.60108697363696029 -0.26843269341818909 0.10875322750343722 0.2033326643876483 0.090804055245489138 
1 -0.48581815469470541 0.60116185136956946 0.26846613222543386 0.10964073211019354 -0.20285968652885475 -0.090592833365575318 

0.33000000000000013 3 0.032995
1 0.96329593044930972 -7.9684691042214965e-05 -3.5585492913256163e-05 -0.22560650409084179 -0.00048842426398939425 -0.00021811991685622483 
1 -0.47859227492181527 -0.59901974031903737 -0.26750951086426311 0.11234426126124655 0.21012107525027254 0.093835615555069737 
1 -0.48470365552749634 0.59909942501005553 0.26754509635717816 0.11326224282959768 -0.20963265098628422 -0.09361749563821245 

0.34000000000000014 3 0.0338211
1 0.96100364423038165 -8.4646430487593668e-05 -3.78013005114467e-05 -0.23285723106834422 -0.00050393444346409416 -0.00022504643403989331 
1 -0.47745079849871275 -0.59688440758234396 -0.2665559165542965 0.11595424493284058 0.21695285285297364 0.096886542530963238 
1 -0.48355284573167123 0.59696905401280831 0.26659371785480929 0.11690298613550588 -0.21644891840951067 -0.096661496096922428 

0.35000000000000014 3 0.0347693
1 0.95863865340392429 -8.9763600099673554e-05 -4.0086519925423931e-05 -0.24014768661253599 -0.0005195106804261714 -0.00023200245109634919 
1 -0.47627312430487201 -0.59468053252369224 -0.26557171269712215 0.11958394476124973 0.22382985390844351 0.099957665341677202 
1 -0.482365529099052 0.59477029612377319 0.26561179921704975 0.12056374185128882 -0.22331034322801796 -0.099725662890579742 

0.36000000000000015 3 0.0357132
1 0.95620055278465321 -9.5036871998277895e-05 -4.2441451309645108e-05 -0.24747945763464038 -0.00053515528909441046 -0.00023898900150662143 
1 -0.47505905126406389 -0.59240765338042212 -0.26455669307932811 0.12323414712384 0.23075399417437989 0.10304983952396672 
1 -0.4811415015205936 0.59250269025240154 0.26459913453064215 0.12424531051080283 -0.23021883888528577 -0.10281085052245889 

0.37000000000000016 3 0.0366542
1 0.95368892110478598 -0.00010046694160343363 -4.4866405223944759e-05 -0.25485417410216271 -0.00055087061540377684 -0.00024600713291549661 
1 -0.47380837033110756 -0.59006528892235455 -0.2635106427937226 0.12690565961813541 0.23772725200705427 0.10616394856978222 
1 -0.47988055077368513 0.59016575586393438 0.26355550919895188 0.1279485144840308 -0.23717638139165165 -0.10591794143686512 

0.38000000000000017 3 0.0375943
1 0.95110332057192903 -0.00010605452795582307 -4.7361702776640643e-05 -0.26227351136735427 -0.00056665903765306259 -0.00025305790742077632 
1 -0.47252086427401035 -0.58765293780710204 -0.26243333795143153 0.13059931220463206 0.24475167213924726 0.10930090561341321 
1 -0.47858245629792601 0.58775899233503748 0.26248069965421461 0.13167419916272396 -0.24418501310159543 -0.10904784770599123 

0.39000000000000018 3 0.0385392
1 0.94844329640307745 -0.00011180037404338702 -4.9927675770388627e-05 -0.26973919262116708 -0.00058252296708593372 -0.00026014240183274117 
1 -0.47119630744437363 -0.58517007789642972 -0.26132454537659128 0.13431595841072236 0.25182936970133823 0.11246165522722686 
1 -0.47724698895871004 0.58528187827045042 0.26137447305236766 0.13542323421044611 -0.25124684673425418 -0.11220151282539269 

0.40000000000000019 3 0.039484
1 0.94570837633339144 -0.00011770524713336053 -5.2564666850461549e-05 -0.27725299148193144 -0.00059846484839418948 -0.00026726170789889719 
1 -0.4698344655354259 -0.58261616553106643 -0.26018402228250354 0.1380564766001636 0.25896253450617351 0.1156471753351947 
1 -0.47587391079796904 0.58273387077817929 0.26023658694936108 0.13919651488176951 -0.2583640696577818 -0.11537991362729427 

0.4100000000000002 3 0.0404789
1 0.94289807009838134 -0.00012376993910889736 -5.5273029655080587e-05 -0.28481673472861652 -0.00061448716013050937 -0.00027441693248830769 
1 -0.46843509532702371 -0.57999063476128521 -0.25901151592802302 0.14182177131287085 0.26615343562025223 0.11885847925428784 
1 -0.4744629747713609 0.5801144047003739 0.25906678895768376 0.14299496341574874 -0.2655389484601231 -0.11858406232179791 

0.42000000000000021 3 0.0414689
1 0.94001186888800425 -0.00012999526680931438 -5.80531289673592e-05 -0.29243230518947366 -0.00063059241501634575 -0.00028160919772908207 
1 -0.46699794441688214 -0.57729289653021298 -0.25780676325284524 0.14561277468022232 0.27340442624600159 0.12209661787479933 
1 -0.47301392447112472 0.57742289179700268 0.2578648163818163 0.14681953050925267 -0.27277383383098669 -0.12181500867706845 

0.43000000000000022 3 0.042418
1 0.93704924477102658 -0.00013638207237281791 -6.0905340868359384e-05 -0.30010164479761747 -0.00064678316012835562 -0.00028883964109162975 
1 -0.46552275093724488 -0.57452233780667294 -0.25656949049024791 0.14943044792146018 0.28071794894236829 0.12536268199174819 
1 -0.47152649383378265 0.57465871987902983 0.25663039583111952 0.15067119687615543 -0.28007116578224311 -0.12507384235065488 

0.44000000000000022 3 0.04337
1 0.93400965008795245 -0.00014293122358041593 -6.3830052890673263e-05 -0.30782675782619839 -0.00066306197694498785 -0.00029610941540947192 
1 -0.4640092432561625 -0.57167832066398927 -0.25529941275570966 0.15327578292725316 0.2880965412136679 0.12865780480074188 
1 -0.470000406831794 0.57182125188755772 0.25536324280860384 0.15455097489894212 -0.28743347923672824 -0.12836169538533088 

0.45000000000000023 3 0.044306
1 0.93089251681066565 -0.00014964361419950344 -6.6827664171862719e-05 -0.31560971431679641 -0.00067943148123165834 -0.00030341968882796236 
1 -0.46245713966247665 -0.56876018130093853 -0.2539962336096816 0.15714980393698119 0.29554284149971932 0.13198316457303919 
1 -0.46843537714819555 0.56890982491512743 0.25406306127385581 0.15845991037981122 -0.29486341001848948 -0.13167974488420958 

0.46000000000000024 3 0.045253
1 0.92769725586672336 -0.00015652016432539791 -6.9898585606981473e-05 -0.32345265371588233 -0.00069589432274050952 -0.00031077164467020773 
1 -0.46086614803352227 -0.56576722900062371 -0.25265964459264856 0.16105356931687201 0.30305959560367079 0.13533998752609377 
1 -0.46683110783320841 0.56592374916494093 0.2527295431782578 0.16239908439900702 -0.30236370128093309 -0.13502921588142189 

0.47000000000000025 3 0.0461962
1 0.92442325642620604 -0.00016356182071883171 -7.3043239999292099e-05 -0.3313577887354946 -0.00071245318469720777 -0.00031816648120787974 
1 -0.45923596548452783 -0.56269874502273998 -0.25128932473043464 0.16498817344672043 0.31064966359786195 0.13872955090754632 
1 -0.46518729094168537 0.56286230684345673 0.25136236797043698 0.16636961528876848 -0.30993721041316857 -0.13841138442633655 

0.48000000000000026 3 0.0470543
1 0.92106988514875943 -0.00017076955713711347 -7.6262062208155574e-05 -0.33932740945567458 -0.00072911078304343385 -0.00032560541132292334 
1 -0.45756627799855631 -0.55955398142419888 -0.24988494000751804 0.16895474872361405 0.31831602725222324 0.14215318631260646 
1 -0.46350360715020733 0.55972475098133478 0.24996120206973066 0.17037266073205445 -0.31758691646918258 -0.14182758090128167 

0.49000000000000027 3 0.0478694
1 0.91763648538831588 -0.00017814437465635556 -7.9555499292930222e-05 -0.34736388768783244 -0.00074586986539939518 -0.00033308966204424691 
1 -0.45585676003579689 -0.55633215980263029 -0.24844614280591196 0.17295446769179551 0.32606179803472024 0.14561228325687237 
1 -0.46177972535252837 0.55651030417728564 0.24852569830520946 0.17440941999603138 -0.32531592816932303 -0.14527919359482674 

0.50000000000000022 3 0.0486765
1 0.91412237635281191 -0.00018568730198174918 -8.2924010651536491e-05 -0.35546968161988346 -0.00076273320970576645 -0.00034062047394123297 
1 -0.4541070741208722 -0.55303246995683042 -0.24697257130694286 0.17698854530865502 0.33389022573871258 0.14910829302913092 
1 -0.46001530223195075 0.55321815725880952 0.24705549531759871 0.17848113631122367 -0.33312749252900931 -0.14876767255518902 

0.51000000000000023 3 0.0494995
1 0.91052685221593055 -0.00019339939574247576 -8.6368068152155615e-05 -0.3636473407659731 -0.00077970362249878199 -0.00034819910035344061 
1 -0.4523168704067797 -0.54965406845752107 -0.24546384885298431 0.18105824135771056 0.34180470779830968 0.15264273285139587 
1 -0.458209981809165 0.54984746785325678 0.24555021692114073 0.18258909940825807 -0.34102500417581338 -0.15229453375104202 

0.52000000000000024 3 0.0503185
1 0.90684918117773239 -0.00020128174076731108 -8.9888156256308406e-05 -0.37189951124570986 -0.0007967839367656617 -0.00035582680643287149 
1 -0.45048578621390672 -0.54619607712125395 -0.24391958326593421 0.18516486302045665 0.34980879935975029 0.15621719037657469 
1 -0.45636339496383993 0.54639735886201124 0.24400947142219381 0.18673464822525088 -0.34901201542298654 -0.15586136357014119 

0.53000000000000025 3 0.0511343
1 0.90308860447072203 -0.00020933545033643955 -9.3484772131313763e-05 -0.38022894142020136 -0.00081397700932019719 -0.00036350486797196894 
1 -0.44861344554247562 -0.54265758137948461 -0.24233936611888057 0.18930976762004317 0.3579062241847708 0.15983332855767618 
1 -0.45447515892826174 0.54286691682981458 0.24243285089101618 0.19091917380015633 -0.3570922471754519 -0.15946982368970378 

0.54000000000000026 3 0.0519423
1 0.89924433530766701 -0.00021756166640434383 -9.7158425749823153e-05 -0.38863848791476174 -0.00083128571762972254 -0.00037123456998661923 
1 -0.44669945855664495 -0.5390376285341465 -0.24072277195707137 0.19349436555098962 0.36610088647083217 0.16349289092648037 
1 -0.45254487675103788 0.53925519020054202 0.24081993038282529 0.19514412236376905 -0.3652696007532038 -0.16312165635649339 

0.55000000000000027 3 0.0527604
1 0.89531555776709426 -0.00022596155978789868 -0.00010090963997381948 -0.39713112206111667 -0.00084871295601492711 -0.00037901720501905289 
1 -0.44474342103830738 -0.53533522588999338 -0.2390693574638631 0.19772012341046158 0.37439688368335422 0.16719770732413461 
1 -0.45057213672880025 0.53556118744976922 0.23917026710384076 0.19941099865065398 -0.3735481707273402 -0.16681869011911496 

0.56000000000000028 3 0.0535705
1 0.89130142561214454 -0.00023453633031295356 -0.00010473895062007876 -0.405709936795148 -0.00086626163113264886 -0.00038685407112056203 
1 -0.4427449138085201 -0.53154933875314536 -0.23737866056691825 0.20198856734816706 0.38279852050662555 0.17094970013134245 
1 -0.44855651180364198 0.5317838750834416 0.23748339951754213 0.20372136944697958 -0.38193225887549337 -0.17056284606022079 

0.57000000000000028 3 0.0543885
1 0.88720106103799756 -0.00024328720691174351 -0.00010864690650367147 -0.41437815404977918 -0.00088393465663878063 -0.00039474646946806562 
1 -0.44070350211422632 -0.52767888828405352 -0.23565019947937496 0.20630128665357861 0.3913103240334222 0.17475089105171798 
1 -0.4464975589237854 0.527922175490945 0.23575884638588274 0.20807686739619838 -0.3904263893767817 -0.17435614458224771 

0.58000000000000029 3 0.0552034
1 0.88301355334269682 -0.0002522154476623361 -0.00011263406945557895 -0.42313913268666858 -0.00090173494691359502 -0.00040269570156198202 
1 -0.43861873497787296 -0.52372274919179163 -0.2338834716701742 0.21065993760103779 0.39993706032847787 0.17860340850868345 
1 -0.44439481836484018 0.52397496463943283 0.23399610573963406 0.21247919508562926 -0.39903532538156455 -0.17820071280711969 

0.5900000000000003 3 0.0563855
1 0.87873795751579775 -0.00026132233976009596 -0.00011670101430994923 -0.43199637701485993 -0.00091966540971419178 -0.00041070306594496027 
1 -0.43649014450717005 -0.51967974725523602 -0.23207795275706677 0.21506624757536746 0.40868375251842709 0.18250949572405345 
1 -0.4422478130086413 0.51994106959497377 0.23219465377138176 0.21693012943948892 -0.40776408710871376 -0.18209879265810708 

0.60000000000000031 3 0.0575955
1 0.87437329273864473 -0.00027060919940966754 -0.00012084832885586083 -0.44095354594949632 -0.00093772893759898909 -0.00041876985437223815 
1 -0.43431724516210563 -0.51554865665499194 -0.23023309531510766 0.21952201950292086 0.41755570058082375 0.18647151955538907 
1 -0.44005604757655264 0.51581926585437698 0.23035394364396941 0.22143152644657055 -0.41661797164322512 -0.1860527497010151 

0.61000000000000032 3 0.0586915
1 0.86991854078963304 -0.00028007737162433324 -0.00012507661374771788 -0.45001446286941699 -0.00095592839794585475 -0.00042689734735395769 
1 -0.43209953297598508 -0.51132819709812405 -0.22834832759263085 0.22402913661555129 0.42655850302796228 0.19049198017953956 
1 -0.4378190078136644 0.51160827446972468 0.22847340420638351 0.22598532625386025 -0.42560257463001633 -0.19006508283218401 

0.62000000000000033 3 0.0597913
1 0.86537264434713967 -0.00028972822991767756 -0.00012938648236755415 -0.4591831262386637 -0.00097426662135867198 -0.00043508680897777317 
1 -0.42983648472706515 -0.50701703071568072 -0.22642305212573519 0.22858956757785542 0.43569808070789906 0.19457352172166581 
1 -0.43553615962009085 0.50730675894557575 0.22655243860810778 0.23059355866080319 -0.4347238140865412 -0.19413843491268729 

0.63000000000000034 3 0.0615773
1 0.86073450518209504 -0.00029956317587028413 -0.00013377856063153168 -0.4684637210640874 -0.00099274638822559303 -0.00044333948090606519 
1 -0.42752755705695267 -0.50261375871056557 -0.22445664424130693 0.23320537201126326 0.44498070297597125 0.19871894394288767 
1 -0.43320694812515814 0.50291332188641058 0.22459042280194441 0.23525834905281798 -0.44398795658774531 -0.19827560446198214 

0.64000000000000035 3 0.0626822
1 0.85600298223149807 -0.00030958363855165821 -0.00013825348673178128 -0.477860631269164 -0.00101137041315608 -0.00045165657542583501 
1 -0.425172185531626 -0.49811691773064681 -0.22244845043732225 0.23787870645213224 0.45441301652599925 0.20293121511569173 
1 -0.4308307966998921 0.49842650136917027 0.22258670392406027 0.23998192481702643 -0.45340164611284162 -0.20247955854026589 

0.65000000000000036 3 0.0641422
1 0.85117688954323001 -0.00031979107377461526 -0.00014281191080342792 -0.4873784530731749 -0.001030141326981182 -0.00046003926741043589 
1 -0.42276978364052259 -0.49352497593891886 -0.22039778662786585 0.24261183078503928 0.46400207721225428 0.2072134862349396 
1 -0.42840710590272923 0.493844767012664 0.22054059853867511 0.24476662228812932 -0.46297193588527186 -0.20675344696752948 

0.66000000000000036 3 0.0655293
1 0.84625499408163218 -0.00033018696315598899 -0.00014745449450512428 -0.49702200947497666 -0.0010490616559518827 -0.00046848868502997765 
1 -0.42031974172874914 -0.48883632874891075 -0.21830393623865035 0.24740711519699268 0.4737553852420463 0.21156910673413731 
1 -0.42593525235290725 0.48916651571203634 0.21845139073316183 0.24961489427797678 -0.47270632358609294 -0.21110061804910821 

0.67000000000000037 3 0.0665975
1 0.84123601338229248 -0.00034077281295358112 -0.00015218191049965816 -0.50679636595217381 -0.0010681337977122849 -0.0004770058990214536 
1 -0.41782142585692522 -0.48404929418952231 -0.2161661481370587 0.25226704770338754 0.48368092417614889 0.21600164190219662 
1 -0.4234145875253934 0.48439006700244563 0.21631833004756504 0.25452931824878183 -0.48261279037843619 -0.21552463600317584 

0.68000000000000038 3 0.0675454
1 0.83611861304322377 -0.00035155015264469046 -0.00015699484181914944 -0.51670684749946505 -0.001087359993555963 -0.00048559191029905028 
1 -0.41527417658267829 -0.47916210785875468 -0.21398363437858139 0.25719424230227017 0.49378720424154315 0.22051489222598583 
1 -0.42084443646057451 0.47951365801137064 0.21414062922040741 0.25951260519719516 -0.49269984424798796 -0.22002930031568813 

0.69000000000000039 3 0.0684934
1 0.83090140403841861 -0.00036252053320629023 -0.0001618939810970199 -0.52675905714469595 -0.0011067422963942327 -0.00049424763564940915 
1 -0.41267730765719057 -0.47417291742035006 -0.21175556774913129 0.26219144781993492 0.50408331054039668 0.22511291491943849 
1 -0.41822409638125752 0.47453543795352732 0.21191746173023535 0.26456760932476037 -0.50297656824400838 -0.22461866728379051 

0.7000000000000004 3 0.0693054
1 0.82558293983818298 -0.0003736855250507067 -0.00016688002964610399 -0.53695889609803393 -0.0011262825337701064 -0.00050297389121448175 
1 -0.4100301046295427 -0.46907977659107675 -0.20948107907989982 0.26726155751820541 0.51457895683316479 0.22980004794194489 
1 -0.41555283520866942 0.46945346211609701 0.20964795910955222 0.26969733857982908 -0.513452674299402 -0.22929707405073174 

0.71000000000000041 3 0.0701203
1 0.82016171331914256 -0.00038504671556348265 -0.00017195369635911883 -0.54731258570881014 -0.0011459822651407969 -0.00051177137341477919 
1 -0.4073318233508687 -0.46388063855907885 -0.20715925430812424 0.27240761954200177 0.52528454568528471 0.23458093685859144 
1 -0.41282988996830117 0.46426568527461015 0.20733120800448843 0.27490496616680898 -0.52413856342015008 -0.23406916548517931 

0.72000000000000042 3 0.0709355
1 0.81463615344476803 -0.00039660570618167869 -0.00017711569640388786 -0.5578266914264719 -0.0011658427325195381 -0.00052064063690708095 
1 -0.40458168836944508 -0.45857334876515843 -0.20478913125336426 0.27763284829515739 0.53621123590003295 0.23946056495424614 
1 -0.41005446507535059 0.45896995447130728 0.20496624694977264 0.28019384313131507 -0.53504539316752242 -0.23893992431734101 

0.73000000000000043 3 0.0717833
1 0.80900462169542742 -0.00040836410894102404 -0.00018236674968137806 -0.5685081489871423 -0.0011858648034115936 -0.00052958206910083086 
1 -0.4017788912069914 -0.45315563696886546 -0.20236969607438687 0.28294063684303417 0.5473710183192555 0.2444442870845514 
1 -0.40722573048846644 0.45356400107777589 0.20255206282407229 0.28556751214410814 -0.54618515351585106 -0.24391470501545248 

0.74000000000000044 3 0.0726702
1 0.80326540822437342 -0.00042032354240878315 -0.00018770757900939995 -0.57936429307604809 -0.0012060489047934129 -0.00053859586067466294 
1 -0.39892258850536305 -0.44762510850952836 -0.19989987936652734 0.28833457045252547 0.55877680126502283 0.24953786783235979 
1 -0.40434281971904501 0.44804543205190633 0.20008758694553982 0.29102972262352306 -0.5575707523602379 -0.24899927197168581 

0.75000000000000044 3 0.0739064
1 0.79741672771356342 -0.0004324856269055723 -0.00019313890798877432 -0.59040288874910063 -0.0012263949466627063 -0.00054768197143545004 
1 -0.3960119000316184 -0.44197923465850009 -0.19737855185320366 0.29381844139369534 0.57044250712600375 0.25474752464115991 
1 -0.40140482768198199 0.44241172028537373 0.19757169076119516 0.29658444735540557 -0.56921611217935331 -0.25419984266972367 

0.76000000000000045 3 0.0754383
1 0.79145671490016578 -0.00044485197890344871 -0.00019866145850163473 -0.60163216593497737 -0.001246902233422924 -0.00055684009074452741 
1 -0.39304590652821614 -0.43621534194251776 -0.1948045196179628 0.29939626514278045 0.58238318187213922 0.26007997672200001 
1 -0.39841080837198983 0.43666019392139011 0.19500318107646764 0.30223590079220425 -0.58113627963873049 -0.25952313663125476 

0.77000000000000046 3 0.0762563
1 0.78538341974111636 -0.00045742420446859169 -0.00020427594778307234 -0.61306085738305793 -0.0012675693610491876 -0.00056606959159416785 
1 -0.39002364739350659 -0.43033060029859582 -0.19217651881470016 0.30507229814397868 0.59461511962164315 0.26554250068247581 
1 -0.39535977234765046 0.43078802450303288 0.19238079476248746 0.30798855923908258 -0.59334755026060448 -0.26497643109088193 

0.78000000000000047 3 0.0770812
1 0.77919480217927717 -0.00047020389159459171 -0.00020998308499734454 -0.62469824047332012 -0.0012883940976021534 -0.00057536947724759621 
1 -0.38694411817609131 -0.42432200989757957 -0.18949320978334158 0.31085105730749107 0.60715600480100407 0.27114299401237574 
1 -0.39225068400322488 0.42479221378914189 0.1897031928683432 0.31384718316583021 -0.60586761070340744 -0.27056762453512839 

0.79000000000000048 3 0.077898
1 0.77288872647022555 -0.00048319260124578798 -0.00021578356723801816 -0.63655418336357317 -0.0013093732441985032 -0.00058473831915136778 
1 -0.38380626786469474 -0.41818638644566775 -0.18675317048581494 0.31673734144412985 0.62002507495104009 0.27689004778940413 
1 -0.38908245860556989 0.41866957904688118 0.18696895405305775 0.31981684191944554 -0.61871570170684997 -0.27630530947025222 

0.80000000000000049 3 0.0790272
1 0.76646295502364348 -0.00049639185689854919 -0.00022167807485732282 -0.64863919601786901 -0.0013305024729927922 -0.00059417418458151689 
1 -0.38060899595307029 -0.41192034473958927 -0.18395488916213956 0.32273625486278867 0.63324330786518535 0.28279303025116814 
1 -0.3858539590706066 0.41241673659645356 0.1841765672369996 0.32590294115508317 -0.63191280539219963 -0.28219885606658418 

0.8100000000000005 3 0.0802872
1 0.75991514170745955 -0.00050980313233040344 -0.0002276672660130484 -0.66096448674024166 -0.001351776138056329 -0.00060367455218604223 
1 -0.37735114925707741 -0.40552028021046332 -0.18109675608830503 0.32885323338667571 0.64683363753382661 0.28886218323134499 
1 -0.3825639924504084 0.40603008334276725 0.18132442335432131 0.33211125335358466 -0.64548186139576769 -0.2882585086791592 

0.82000000000000051 3 0.0815992
1 0.75324282455615255 -0.00052342783736256181 -0.00023375177030144522 -0.67354202493153292 -0.0013731870542191224 -0.00061323621322040408 
1 -0.37403151845829219 -0.39898234814193545 -0.17817705429553152 0.3350940730775584 0.66082120435257519 0.29510873389739301 
1 -0.37921130609790138 0.39950577597926856 0.17841080606583523 0.33844795185397947 -0.65944801729836078 -0.29449549768416977 

0.83000000000000052 3 0.0828962
1 0.74644341781707035 -0.0005372673012062595 -0.00023993218132005659 -0.68638461089691138 -0.0013947262379506156 -0.00062285515583039748 
1 -0.37064883434551482 -0.39230244018756094 -0.17519394908343533 0.34146496199545928 0.67523364629219718 0.30154502478085715 
1 -0.37579458347161399 0.3928397074887317 0.17543388126475576 0.34491964890145521 -0.67383892005426316 -0.30092216962502494 

0.84000000000000052 3 0.0842102
1 0.7395142032593659 -0.00055132275299897223 -0.00024620904797560553 -0.69950595366135138 -0.0014163826031337546 -0.0006325264291912907 
1 -0.36720176372195329 -0.38547615773802912 -0.17214547612639261 0.3479725153639191 0.69010143929698209 0.30818466579205728 
1 -0.3723124395374694 0.38602748049098795 0.17239168517436809 0.35153343829744449 -0.68868505669386315 -0.30755213936286152 

0.85000000000000053 3 0.0856321
1 0.73245232066021604 -0.00056559529903748489 -0.00025258286431677793 -0.71292075790215681 -0.0014381426030902207 -0.00064224398364385172 
1 -0.363688904942019 -0.37849878159644029 -0.16902952793116383 0.35462381455899206 0.70545829718094266 0.31504271280527307 
1 -0.36876341571824289 0.37906437689543671 0.16928211079548158 0.35829694334318668 -0.70402015457786149 -0.31440046882162631 

0.86000000000000054 3 0.087157
1 0.72525475737090828 -0.00058008589611975093 -0.00025905405762924772 -0.72664482128868657 -0.0014599898083697477 -0.00065200048214405799 
1 -0.36010878303718319 -0.37136523730486165 -0.16584383835246375 0.36142645039380317 0.72134164386470612 0.32213587854969034 
1 -0.36514597433377033 0.37194532320093843 0.16610289241009346 0.36521837089490355 -0.71988165405633775 -0.32148387806753559 

0.87000000000000055 3 0.088706
1 0.7179183368512706 -0.00059479532029121994 -0.00026562297447844962 -0.7406951437330207 -0.0014819044075294564 -0.00066178707732173208 
1 -0.35645984438529338 -0.36407005532106818 -0.16258596480874421 0.3683885712292102 0.73779317412929646 0.32948278303017337 
1 -0.36145849246603762 0.36466485064131687 0.16285158778322281 0.37230657250382865 -0.73631126972176131 -0.32882099595284114 

0.88000000000000056 3 0.0902259
1 0.71043970604486106 -0.00060972413015027073 -0.00027228986432257141 -0.7550900503105652 -0.0015038626152878922 -0.00067159314717466401 
1 -0.35274045087223299 -0.35660732506173159 -0.15925326775885632 0.37551893650483731 0.75485952341777562 0.33710425264645921 
1 -0.35769925517269613 0.35721704919184438 0.15952555762317869 0.37957111380574204 -0.75335566080248395 -0.33643265949927925 

0.89000000000000057 3 0.0917389
1 0.70281532144809511 -0.00062487262369391049 -0.00027905486024075253 -0.76984932991361599 -0.0015258359688916678 -0.00068140598084090323 
1 -0.34894887348842663 -0.34897064159577318 -0.15584288689642198 0.38282697635182406 0.7725930729546433 0.34502367974240233 
1 -0.35386644795973643 0.34959551421942803 0.156121941756661 0.38702235356179771 -0.77106723698574609 -0.34434227376156673 

0.90000000000000058 3 0.0932491
1 0.6950414337042693 -0.00064024078747188754 -0.0002859179562263995 -0.78499439206580979 -0.001547790489082693 -0.00069121040390444173 
1 -0.34508328529582144 -0.34115304347241698 -0.15235171338517628 0.3903228580159338 0.79105292409047334 0.35326745772765361 
1 -0.34995814840851208 0.34179328425984218 0.15263763134140132 0.39467153404987526 -0.7895051336013863 -0.3525762473237557 

0.91000000000000059 3 0.0947721
1 0.68711407052689044 -0.00065582823655455167 -0.00029287898037809955 -0.80054844476377351 -0.0015696856764512677 -0.00070098833018791525 
1 -0.34114175369327249 -0.33314693978080012 -0.14877635728533986 0.39801755988225551 0.81030608604693122 0.36186551149933793 
1 -0.34597231683368523 0.33380276801730718 0.14906923626571264 0.40253088488151478 -0.80873640037046146 -0.36116452316915354 

0.9200000000000006 3 0.0959041
1 0.67902901772555502 -0.00067163414349325509 -0.00029993756317483317 -0.81653669674060758 -0.0015914733068690607 -0.00071071822381847118 
1 -0.33712223190022211 -0.32494402402995765 -0.14511310909421987 0.40592295394083028 0.83042893519425842 0.37085194912446445 
1 -0.34190678582541045 0.32561565817340726 0.14541304665738833 0.41061374279977081 -0.8288374618873845 -0.37014123090065293 

0.9300000000000006 3 0.097028
1 0.67078179807060401 -0.00068765715404600733 -0.00030709309984084217 -0.83298658818602245 -0.0016130959806727938 -0.00072037445132389327 
1 -0.33302254956994704 -0.31653517176591578 -0.14135789402420154 0.41405189755113414 0.85150902319201704 0.38026586931723205 
1 -0.33775924850072742 0.31722282891991715 0.14166498712403605 0.41893469063487293 -0.84989592721133234 -0.37954549486591127 

0.94000000000000061 3 0.0981638
1 0.66236764768848833 -0.00070389528693238698 -0.00031434470557832058 -0.849928054734019 -0.0016344853687399019 -0.00072992649836729653 
1 -0.32884040243516571 -0.30791031794312279 -0.13750621723941969 0.42241833532474021 0.87364733807301664 0.39015237119114443 
1 -0.33352724525340199 0.30861421323000132 0.13782056194499262 0.4275097194092814 -0.87201285270426576 -0.3894224446927731 

0.95000000000000062 3 0.0992918
1 0.65378148962759142 -0.0007203458142422389 -0.00032169116216044629 -0.86739383047473961 -0.001655560083772764 -0.00073933801910775832 
1 -0.32457334088136514 -0.29905830884874685 -0.13355309772829579 0.43103741180661909 0.89696116014265392 0.40056382964309462 
1 -0.32920814874631887 0.29977865466293752 0.13387478889045157 0.43635641866812114 -0.89530560005887017 -0.39982449162397482 

0.96000000000000063 3 0.100418
1 0.64501790417036553 -0.00073700511831413312 -0.00032913085401636578 -0.8854197969013905 -0.0016762230859542102 -0.00074856567762118364 
1 -0.32021875733752581 -0.28996672170522969 -0.12949298774185808 0.43992559532117176 0.92158770877192508 0.41156152393373291 
1 -0.3247991468329276 0.29070372682348566 0.12982211859586937 0.44549420158022962 -0.9199114856859556 -0.41081295825610181 

0.97000000000000064 3 0.101555
1 0.63607109539238726 -0.00075386851987222425 -0.00033666169148072536 -0.90404538611728102 -0.0016963585072384338 -0.00075755772969583908 
1 -0.31577387237328441 -0.28062164274578372 -0.12531967368696978 0.44910081273428026 0.94768885520927659 0.42321774232936155 
1 -0.32029722301918861 0.28137551126560456 0.12565633537844836 0.45494457338301064 -0.94599249670203167 -0.42246018459965989 

0.98000000000000065 3 0.102903
1 0.62693485337696087 -0.00077093007089734764 -0.00034428101829432942 -0.92331404836175734 -0.0017158277459916338 -0.00076625227878179662 
1 -0.3112357193989585 -0.27100739125890499 -0.12102615289045991 0.45858259375406357 0.97545729391359781 0.43561853808827639 
1 -0.31569913397809246 0.2717783213297526 0.12137043390875096 0.46473145460771009 -0.9737414661675986 -0.43485228580948937 

0.99000000000000066 3 0.104538
1 0.61760251138307565 -0.00078818230402124146 -0.00035198549968888361 -0.94327379604514472 -0.0017344646408830593 -0.00077457512075304949 
1 -0.30660112788778154 -0.26110617234666378 -0.11660447852833873 0.46839222138072167 1.0051247427219681 0.44886739148179888 
1 -0.31100138349538775 0.26189435465063554 0.11695646402802493 0.47488157466444653 -1.0033902780810762 -0.44809281636104981 

1.0000000000000007 3 0.105841
1 0.60806689712999262 -0.00080561592805165319 -0.00035977098641500781 -0.96397783910051826 -0.0017520694762709324 -0.00078243706683990967 
1 -0.30186670508978375 -0.25089763416418764 -0.11204556189834719 0.47855288156976022 1.0369730175571443 0.46309015552374527 
1 -0.30620019204030813 0.25170325009218775 0.11240533288475825 0.48542495753077936 -1.0352209480808479 -0.46230771845690694 

1.0100000000000007 3 0.107136
1 0.59832027719816183 -0.00082321945639976361 -0.00036763234880575132 -0.98548532967254576 -0.0017684014958789162 -0.00078973060039579481 
1 -0.29702881630421107 -0.24035829493706823 -0.10733891653808302 0.48908979891975979 1.0713492645500347 0.4784418583132416 
1 -0.30129146089405556 0.24118151439341762 0.10770654888688422 0.49639553075281295 -1.0695808630541248 -0.4776521277128441 

1.0200000000000007 3 0.108883
1 0.58835429334698552 -0.00084097875146841921 -0.00037556327331007768 -1.0078622380871363 -0.0017831695004784723 -0.00079632567802148094 
1 -0.29208356395975094 -0.22946078895576855 -0.10247232150208853 0.50003033406433439 1.1086873459210276 0.49511625351571104 
1 -0.29627072938735971 0.23030176770717578 0.10284788477539691 0.50783190402276557 -1.1069041764204792 -0.49431992783768935 

1.0300000000000007 3 0.11063
1 0.57815988930757301 -0.00085887646316995362 -0.00038355601174684472 -1.0311823867941661 -0.001796019969044237 -0.00080206442472520803 
1 -0.28702676608555749 -0.21817285531072603 -0.097431369752411012 0.51140399828601524 1.1495385773639206 0.51335954702665554 
1 -0.29113312322210672 0.2190317317738352 0.097814925764155944 0.51977838850813274 -1.1477425573947886 -0.51255748260192335 

1.0400000000000007 3 0.112348
1 0.56772722631371242 -0.00087689133326103485 -0.00039160107063547581 -1.0555286746296317 -0.001806521958194409 -0.00080675439033304358 
1 -0.28185393536876086 -0.20645595167123687 -0.09219884910163309 0.52324230343325073 1.1946171112066135 0.53349066412860102 
1 -0.28587329094506286 0.20733284300444449 0.092590450172271924 0.53228637119639488 -1.1928105892484471 -0.53268390973822988 

1.0500000000000007 3 0.113953
1 0.5570455852800491 -0.00089499732853733278 -0.00039968682409905452 -1.0809945302571344 -0.001814147783289132 -0.00081015992207673568 
1 -0.27656026113214144 -0.19426330536150649 -0.086753871864788154 0.53557829338770002 1.2448690717658859 0.55593212387422586 
1 -0.28048532414800376 0.19515830268999154 0.087153558688893809 0.54541623686941754 -1.2430549239827686 -0.55512196395211766 

1.0600000000000007 3 0.115456
1 0.5461032531112473 -0.00091316255433709806 -0.00040779902865813097 -1.1076856406940643 -0.0018182481410982762 -0.00081199105490560521 
1 -0.27114059873773955 -0.18153709059654199 -0.081070614272783906 0.54844545959814661 1.3015818213296393 0.58125883495635078 
1 -0.27496265437366196 0.18245025315081859 0.081478413301447727 0.5592401810959321 -1.2997635731886572 -0.58044684390145151 

1.0700000000000007 3 0.116974
1 0.53488739013440145 -0.00093134788417661193 -0.00041592021125492492 -1.1357220073778642 -0.0018180198646589032 -0.0008118891114889345 
1 -0.26558947521793735 -0.16820419242492005 -0.07511642473906123 0.56187544004610179 1.3665644162094102 0.6102786835538675 
1 -0.26929791491661703 0.16913554030901837 0.075532344950328664 0.57384656733171657 -1.3647463963449253 -0.60946679444240526 

1.0800000000000007 3 0.118492
1 0.52338387509960538 -0.00094950522021686938 -0.00042402889241473506 -1.1652403856689135 -0.0018124638628449277 -0.00080940791892046213 
1 -0.25990112888248201 -0.15416956976545712 -0.068848859932606254 0.57589321777992852 1.4424620428507102 0.64417295382908024 
1 -0.2634827462172582 0.15511907498560074 0.06927288882503374 0.58934716788890329 -1.4406495789880407 -0.64336354591015577 

1.0900000000000007 3 0.121725
1 0.51157712365343 -0.00096757527071287988 -0.00043209859370176121 -1.1963971576984096 -0.0018003299428725368 -0.00080398916761963591 
1 -0.25406962056784166 -0.13930528421361957 -0.062210785275498635 0.59050686010828124 1.5333418050382761 0.68475792806930824 
1 -0.25750750308558029 0.14027285948424725 0.062642883869183721 0.60589029758995228 -1.5315414750951362 -0.68395393890180989 

1.1000000000000008 3 0.124341
1 0.49944987581239042 -0.00098548469228088606 -0.00044009656151637502 -1.2293716576575255 -0.0017800441137915597 -0.00079492994661302873 
1 -0.24808910269965559 -0.1234310752700694 -0.055121700252051785 0.60568426028455125 1.6458821634930318 0.73501606518280005 
1 -0.25136077311281257 0.12441655996227612 0.05556179681354359 0.62368739737253687 -1.6441021193789529 -0.73422113523625565 

1.1100000000000008 3 0.127787
1 0.48698294816651244 -0.0010031423944694745 -0.00044798211679541458 -1.2643698738341285 -0.001749612691588801 -0.00078133991890585747 
1 -0.24195446565672668 -0.10627667100448941 -0.047460907150661001 0.62129486270683287 1.7920841848308751 0.80030678697855073 
1 -0.2450284825100679 0.10727981339892931 0.047908889267404012 0.64307501112530885 -1.7903345721383803 -0.79952544705970541 

1.1200000000000008 3 0.130525
1 0.47415494840842881 -0.0010204347416707124 -0.00045570451228580441 -1.3016281838604935 -0.0017064965235020777 -0.00076208515273063718 
1 -0.23566301584165586 -0.087398563843223642 -0.039030344895625811 0.63693812714326026 1.9965620085294098 0.89162224608362761 
1 -0.23849193256713005 0.088418998584829878 0.039486049407850277 0.66469005671565495 -1.9948555120058009 -0.89086016093048948 

1.1300000000000008 3 0.133588
1 0.46094195645910652 -0.0010372193230742096 -0.00046320015034097918 -1.3414159833328179 -0.0016474498784266112 -0.0007357161734156207 
1 -0.22921968402876286 -0.065955464973976613 -0.029454311747113847 0.65128032724879603 2.3220020881033383 1.036956883063376 
1 -0.23172227243100829 0.066992684296990679 0.02991751189742323 0.69013565608276672 -2.3203546382259659 -1.0362211668910037 

1.1400000000000008 3 0.169893
1 0.44731719892229888 -0.0010533169515133626 -0.00047038900977241387 -1.3840331970012172 -0.0015683312739353751 -0.0007003834827488273 
1 -0.22266090547042711 -0.039828570997895191 -0.017786595046824439 0.65756753680208546 3.0174658358724105 1.347536242082485 
1 -0.22465629345217109 0.040881887949406961 0.018256984056598119 0.72646566020260872 -3.0158975046017407 -1.3468358585999356 

