0 3 0
1 1 0 0 0 0 0 
1 -0.60000360703143463 0.16459816883434303 -0.36371036637509779 0 0 0 
1 -0.39999639296856537 -0.16459816883434303 0.36371036637509779 0 0 0 

0.01 3 0.00579
1 0.99995947216422143 -8.3214128029433799e-07 1.8387714278662772e-06 -0.0081057159055131847 -0.00016642353264921552 0.00036774384831828993 
1 -0.59996783348754812 0.16456681643093035 -0.36364108738971812 0.0071550293444005673 -0.0062708528216898936 0.013856619386553373 
1 -0.39999163867666881 -0.16456598428964914 0.36363924861829044 0.00095068656111264177 0.0064372763543391071 -0.014224363234871697 

0.02 3 0.00693202
1 0.99983787973097438 -3.3282816310941599e-06 7.3544592872299803e-06 -0.01621321715309321 -0.00033279035297830589 0.00073536238018333158 
1 -0.59986049361478855 0.16447273688320715 -0.36343320107474059 0.014313908091247765 -0.012546174667135842 0.02772311391496993 
1 -0.399977386116181 -0.16446940860157408 0.36342584661545513 0.0018993090618455743 0.012878965020114135 -0.028458476295153284 

0.029999999999999999 3 0.00822401
1 0.99963519591277172 -7.4875697228877576e-06 1.6545182406685729e-05 -0.024324291048110552 -0.00049904357671060539 0.0011027298991718119 
1 -0.5996815296187924 0.16431586308697291 -0.36308655915091281 0.021480499870799974 -0.018830452927765352 0.041609399313910396 
1 -0.39995366629397688 -0.16430837551724758 0.36307001396850952 0.0028437911773106766 0.0193294965044759 -0.042712129213081845 

0.040000000000000001 3 0.00931597
1 0.99935137603105695 -1.330858380476414e-05 2.9407799162311581e-05 -0.032440728826914296 -0.0006651259749780419 0.0014697199474213922 
1 -0.59943084493798149 0.16409608289510161 -0.36260091380823622 0.028658696908050389 -0.025128211914139924 0.055525472891749736 
1 -0.39992053109306985 -0.16408277431129467 0.36257150600907734 0.0037820319188640208 0.0257933378891179 -0.056995192839170566 

0.050000000000000003 3 0.00996208
1 0.99898635746702424 -2.0789327389944524e-05 4.5937897944045763e-05 -0.040564327633264334 -0.00083097980032652806 0.0018362049211571941 
1 -0.59910830388468594 0.16381323865412978 -0.36197591668196027 0.035852434670443238 -0.031444031778370476 0.069481455349187107 
1 -0.39987805358232686 -0.16379244932673639 0.36192997878402267 0.0047118929628210803 0.032275011578696944 -0.071317660270343558 

0.060000000000000005 3 0.0106051
1 0.99854005959260039 -2.9927223191706639e-05 6.6129783755980285e-05 -0.048696892507920406 -0.00099654661067384446 0.0022020556816938568 
1 -0.59871373113775017 0.16346712654895124 -0.36121111740458767 0.043065706943282475 -0.037782568001501704 0.083487633840256106 
1 -0.39982632845483895 -0.16343719932575609 0.36114498762083885 0.0056311855646380797 0.038779114612175432 -0.085689689521948928 

0.070000000000000007 3 0.0112381
1 0.99801238368148104 -4.0719105285749622e-05 8.9976460897643937e-05 -0.056840238395821543 -0.0011617670905226935 0.0025671411603724135 
1 -0.5982469110816151 0.16305749574898321 -0.3603059617191397 0.050302581487750762 -0.044148571650398649 0.097554506733694854 
1 -0.39976547259985168 -0.16301677664369371 0.36021598525824872 0.0065376569080707004 0.045310338740920962 -0.10012164789406625 

0.080000000000000002 3 0.0120411
1 0.99740321279993593 -5.3161209468013533e-05 0.00011746961165780285 -0.064996192175325984 -0.0013265808687190424 0.0029313279558634167 
1 -0.59770758698523352 0.16258404734699405 -0.35925978913431372 0.057567216447528526 -0.050546910623183491 0.11169283055870467 
1 -0.39969562581468709 -0.16253088613752253 0.35914231952266301 0.0074289757277974941 0.051873491491902027 -0.114624158514567 

0.089999999999999997 3 0.0132811
1 0.9967124116772319 -6.7249161769792799e-05 0.00014859957093646503 -0.073166594714032279 -0.001490926332030078 0.003294479922232545 
1 -0.59709546001241276 0.16204643307955743 -0.35807183009708793 0.064863877684441767 -0.056982592121207168 0.12591366966096307 
1 -0.39961695166480315 -0.1619791839177851 0.35792323052615654 0.0083027170295907841 0.058473518453236888 -0.12920814958319471 

0.099999999999999992 3 0.0144422
1 0.99593982655533819 -8.2977965084632952e-05 0.00018335529669450971 -0.081353302955753201 -0.0016547404337970799 0.0036564577461235042 
1 -0.59641018805334556 0.16144425381558017 -0.35674120265283377 0.072196957241862328 -0.063460786609481873 0.14022844914767049 
1 -0.3995296385019716 -0.16136127585049342 0.35655784735614543 0.0091563457138912271 0.065115527043278665 -0.14388490689379291 

0.10999999999999999 3 0.0151312
1 0.99508528501756555 -0.00010034198385394549 0.00022172433611369834 -0.089558192043279014 -0.0018179584968966113 0.0040171185113639356 
1 -0.59565138436495946 0.16077705779657128 -0.3552669085568777 0.079570993157281736 -0.069986853557207435 0.15464901176604687 
1 -0.39943390065258094 -0.16067671581271481 0.35504518422076858 0.0099871988859975367 0.071804812054104411 -0.15866613027740983 

0.11999999999999998 3 0.0157521
1 0.9941485957958166 -0.00011933492675049014 0.00026369278733259788 -0.097783157481638294 -0.0019805140102181901 0.0043763152492449541 
1 -0.59481861600535968 0.16004433860926398 -0.35364782879461171 0.086990690873356577 -0.076566369286456132 0.169187679440195 
1 -0.39932997979042684 -0.15992500368251006 0.3533841360072843 0.010792466608282283 0.078546883296674544 -0.17356399468943939 

0.12999999999999998 3 0.0163732
1 0.9931295485559386 -0.00013994982729081265 0.00030924525660613812 -0.1060301173466352 -0.0021423384178387707 0.0047338964726628121 
1 -0.59391140204501325 0.15924553286767595 -0.35188271845958907 0.094460946530698892 -0.08320515730142565 0.18385732028924606 
1 -0.39921814651089754 -0.15910558304038147 0.35157347320298793 0.01156917081593652 0.085347495719264865 -0.18859121676190688 

0.13999999999999999 3 0.0170033
1 0.99202791366079301 -0.00016217902229937793 0.00035836481071810638 -0.11430101454351087 -0.0023033609000432317 0.0050897056922426511 
1 -0.59292921153425515 0.1583800175777253 -0.34997020093013664 0.10198687246696234 -0.089909321524493574 0.19867142206862232 
1 -0.3990987021265055 -0.15821783855542107 0.34961183611942381 0.012314142076548561 0.092212682424536868 -0.20376112776086297 

0.14999999999999999 3 0.0176284
1 0.99084344191041307 -0.00018601412813847192 0.00041103292445667341 -0.12259781912066951 -0.0024635081453067355 0.0054435809124911798 
1 -0.59187146120324674 0.15744710715292992 -0.3479087612750012 0.10957382529683615 -0.096685282930472266 0.21364417312025985 
1 -0.39897198070713336 -0.1572610930247868 0.34749772835054948 0.013023993823833091 0.099148791075778883 -0.21908775403274941 

0.16 3 0.0187316
1 0.98957586425877742 -0.00021144601460891689 0.00046722942294315055 -0.13092253064346263 -0.0026227041123187641 0.0057953541059442655 
1 -0.59073751286644038 0.15644605004444112 -0.34569673880677421 0.11722743700829688 -0.10353982014941096 0.22879055209207741 
1 -0.39883835139230367 -0.15623460402982842 0.34522950938383651 0.013695093635165505 0.10616252426172987 -0.23458590619801889 

0.17000000000000001 3 0.0198567
1 0.9882248915064884 -0.00023846477641725801 0.00052693241858342565 -0.13927718063310496 -0.0027808697810907117 0.0061448506631927892 
1 -0.58952667049888974 0.15537602494247413 -0.34333231868823272 0.12495364958423749 -0.11048011470402318 0.24412642789850592 
1 -0.39869822100755881 -0.1551375601660534 0.3428053862696544 0.014323531048867104 0.11326098448511396 -0.25027127856169734 

0.18000000000000002 3 0.0208118
1 0.98679021396872446 -0.00026705970209530452 0.0005901182423898836 -0.14766383507584802 -0.002937922892149432 0.0064918888165820324 
1 -0.58823817694631908 0.15423613649897977 -0.34081352248080077 0.13275875374843527 -0.11751380166417412 0.25966867165104074 
1 -0.3985520370223698 -0.15396907679688052 0.34022340423841851 0.014905081327411307 0.12045172455632373 -0.26616056046762065 

0.19000000000000003 3 0.0214369
1 0.98527150111775463 -0.00029721924024773207 0.00065676136939917624 -0.1560845970075698 -0.0030937776727787496 0.0068362790352912923 
1 -0.5868712102241348 0.15302541051290969 -0.33813819750548746 0.14064943254451059 -0.12464902664268417 0.27543528260109651 
1 -0.39840029089358264 -0.15272819127265849 0.33748143613609821 0.015435164463057109 0.127742804315464 -0.28227156163638573 

0.20000000000000004 3 0.022058
1 0.98366840119915999 -0.00032893096299285496 0.00072683433788780453 -0.164541609178954 -0.0032483445492306195 0.0071778233894107318 
1 -0.58542487935310872 0.15174278850932257 -0.3353040048644067 0.1486328105909891 -0.131894510230188 0.29144553052085076 
1 -0.39824352184601247 -0.15141385754632491 0.33457717052652874 0.015908798587962982 0.13514285477941818 -0.29862335391025896 

0.21000000000000005 3 0.02268
1 0.98198054082102182 -0.00036218152645072475 0.00080030766206319625 -0.17303705680642628 -0.003401529843788411 0.0075163148805462068 
1 -0.58389821966995881 0.15038712163157983 -0.33230840594445404 0.15671651002111817 -0.13925962117984067 0.30772011741851762 
1 -0.39808232115102488 -0.15002494010512576 0.33150809828240058 0.016320546785306821 0.14266115102362883 -0.31523643229906312 

0.22000000000000006 3 0.0233071
1 0.98020752451512472 -0.00039695662812132694 0.00087714973788286779 -0.18157317041392279 -0.0035532354555286717 0.0078515367364026221 
1 -0.58229018754015782 0.14895716375152623 -0.32914864719295489 0.16490871432071391 -0.14675445991555019 0.32428136206535474 
1 -0.39791733697492965 -0.14856020712340226 0.32827149745508194 0.016664456093208067 0.15030769537107899 -0.33213289880175806 

0.23000000000000007 3 0.0239351
1 0.97834893426927749 -0.00043324096098396666 0.00095732674162844961 -0.19015222877046539 -0.0037033585235958025 0.0081832616667267578 
1 -0.5805996543868891 0.1474515636851981 -0.32582174291682597 0.17321824153171633 -0.15438995426329477 0.34115341153188333 
1 -0.39774927988235187 -0.1470183227242125 0.32486441617520817 0.016933987238749042 0.15809331278689062 -0.34933667319861139 

0.24000000000000007 3 0.0245602
1 0.97640432902975827 -0.00047101816413691128 0.0010408025208347937 -0.19877656192831572 -0.0038517910717803827 0.008511251077936724 
1 -0.57882539993384519 0.14586885638069713 -0.3223244558105266 0.18165462860702752 -0.16217796971138154 0.35836248482849831 
1 -0.39757892909587578 -0.14539783821655861 0.32128365328970526 0.01712193332128879 0.16602976078316287 -0.36687373590643613 

0.25000000000000006 3 0.0261693
1 0.9743732441728542 -0.00051027076978427252 0.0011275384771475825 -0.20744855436615914 -0.0039984196331787122 0.0088352542437369844 
1 -0.57696610453981489 0.14420745291932677 -0.31865327486172712 0.19022822910183948 -0.1701314370148154 0.3759371548711245 
1 -0.39740713963300445 -0.14369718214954089 0.3175257363845943 0.017220325264320827 0.17412985664799457 -0.38477240911486194 

0.26000000000000006 3 0.0278444
1 0.97225519094442836 -0.00055098014636471339 0.0012174934406555373 -0.21617064824137114 -0.0041431248537134938 0.0091550074290233756 
1 -0.57502034047869699 0.14246562913986421 -0.31480439021448842 0.19895032689222344 -0.17826450060142932 0.39390867641226779 
1 -0.39723485046571061 -0.14191464899349671 0.31358689677384716 0.01722032134915288 0.1824076254551375 -0.40306368384128982 

0.27000000000000007 3 0.0293674
1 0.97004965586640779 -0.00059312643760494189 0.0013106235352179031 -0.22494534675481909 -0.0042857810733182688 0.0094702329644323312 
1 -0.57298656198858566 0.14064151265737568 -0.31077366448494476 0.20783326925592407 -0.18659269205366846 0.41231136938137114 
1 -0.39706309387779376 -0.14004838621976656 0.30946304094973892 0.017112077498899998 0.19087847312697837 -0.4217816023458022 

0.28000000000000008 3 0.0308905
1 0.96775610010902935 -0.00063668849726817049 0.0014068820342787976 -0.2337752176308264 -0.004426255883644226 0.0097806382690112 
1 -0.57086309387641154 0.13873306800015731 -0.30655659991854906 0.21689062347579968 -0.19513313398245682 0.4311830693821822 
1 -0.39689300623259383 -0.13809637950288278 0.30514971788428868 0.016884594155034023 0.19955938986609217 -0.44096370765119075 

0.29000000000000009 3 0.0324025
1 0.96537395882775467 -0.00068164381935807391 0.0015062192066399769 -0.24266289671393404 -0.0045644096612354147 0.010085914818681386 
1 -0.56864811841751772 0.13673807952888375 -0.30214830064681814 0.22613736219494929 -0.20390478095494102 0.45056566006754295 
1 -0.39672584041021058 -0.13605643570951753 0.30064208144019333 0.016525534518995143 0.20846919061616739 -0.4606515748862155 

0.3000000000000001 3 0.0339684
1 0.96290264046354612 -0.00072796846352796369 0.0016085821516383751 -0.25161109168260559 -0.0047000950752652502 0.010385737058491102 
1 -0.56633966023111282 0.13465413172705346 -0.29754342913532483 0.23559008414381091 -0.21292870588304003 0.47050570596831803 
1 -0.39656298023240732 -0.13392616326352083 0.29593484698370348 0.016021007538806687 0.21762880095829873 -0.48089144302680298 

0.31000000000000011 3 0.0352845
1 0.9603415260055157 -0.00077563697543702674 0.0017139146231584851 -0.2606225858782874 -0.004833156569138704 0.010679761257118914 
1 -0.56393556873729433 0.13247858635680634 -0.29273615570524186 0.24526727868954726 -0.22222844256707361 0.49105520940747971 
1 -0.39640595726820188 -0.1317029493813687 0.29102224108210134 0.015355307188754346 0.22706159913620735 -0.50173497066459283 

0.32000000000000012 3 0.0361707
1 0.95768996821470453 -0.00082462230179026249 0.0018221568418970693 -0.26970024224577516 -0.0049634298155694203 0.010967624302763599 
1 -0.56143349770533524 0.13020855585287039 -0.28772009974231022 0.25518964508623615 -0.23183039811200948 0.51227252181076011 
1 -0.3962564705093346 -0.12938393355108016 0.28589794290043818 0.014510597159560443 0.23679382792757625 -0.52324014611351621 

0.33000000000000013 3 0.0370507
1 0.95494729080782992 -0.00087489569979635779 0.0019332452952936384 -0.2788470073778288 -0.005090741145164882 0.01124894244049753 
1 -0.5588308812786672 0.12784087217102882 -0.28248826086170642 0.26538048055941799 -0.2417643529700774 0.53422344864409699 
1 -0.39611640952910343 -0.12696597647123392 0.28055501556644058 0.013466526818433676 0.24685509411524123 -0.54547239108458101 

0.34000000000000014 3 0.0379686
1 0.95211278760023277 -0.00092642664078131467 0.002047112524546724 -0.28806591565289102 -0.0052149069491384771 0.011523309952446827 
1 -0.55612490569987927 0.12537205010409944 -0.2770329378478707 0.27586615576872442 -0.2520640718086628 0.55698259924018478 
1 -0.39598788190029505 -0.12444562346332064 0.27498582532335192 0.012199759884191082 0.25727897875779987 -0.56850590919262878 

0.35000000000000014 3 0.0389006
1 0.94918572160706338 -0.00097918270770536294 0.0021636868981581535 -0.29736009344974457 -0.0053357330575634224 0.011790297783928436 
1 -0.55331247574474818 0.12279824381127061 -0.27134563259791639 0.28667670223730879 -0.262768055832585 0.5806350491950224 
1 -0.39587324586224776 -0.121819061103566 0.26918194569978565 0.010683391212463457 0.26810378889014091 -0.592425346978941 

0.36000000000000015 3 0.0398307
1 0.94616532410184595 -0.0010331294863498606 0.0022828923714905852 -0.30673276341609451 -0.0054530140956626939 0.012049452121051433 
1 -0.55039017458904604 0.12011519495176107 -0.26541693551334455 0.29784654472687033 -0.2739204774532864 0.60527840569384417 
1 -0.39577514951274267 -0.11908206546541109 0.26313404314187538 0.0088862186892499917 0.27937349154894203 -0.61732785781487121 

0.37000000000000016 3 0.0407488
1 0.94305079363245647 -0.0010882304499730245 0.002404648231892504 -0.31618724875938142 -0.0055665328220833752 0.012300292928511895 
1 -0.54735421544637453 0.11731817033723571 -0.25923638773134988 0.30941542334051947 -0.28557235256412933 0.63102539787204337 
1 -0.39569657818601822 -0.11622993988726095 0.25683173949947669 0.0067718254188817344 0.29113888538621335 -0.64332569080052437 

0.38000000000000017 3 0.0416849
1 0.93984129499406899 -0.0011444468372821374 0.002528868829055187 -0.32572697751687468 -0.0056760594550644356 0.01254231246063375 
1 -0.54420038278834004 0.11440188636874084 -0.25279231415418529 0.32142956698756003 -0.29778302608282781 0.65800715939845378 
1 -0.39564091220565722 -0.11325743953145778 0.2502634453251591 0.0042974105293361918 0.30345908553789619 -0.67054947185906022 

0.39000000000000018 3 0.0432699
1 0.93653595815978996 -0.0012017375236409538 0.0026554632904213916 -0.33535548674707649 -0.0057813509950522196 0.012774973764561734 
1 -0.54092396022732736 0.1113604166294459 -0.24607161925805135 0.33394320429235408 -0.31062207585433005 0.68637743550401886 
1 -0.39561199793238894 -0.11015867910580465 0.24341615596766134 0.0014122824547400897 0.31640342684938721 -0.69915240926854882 

0.40000000000000019 3 0.0448868
1 0.93313387717015128 -0.0012600588855344128 0.0027843352216949178 -0.34507642656482268 -0.0058821505558938189 0.012997709202408969 
1 -0.53751964111322525 0.10818707775154707 -0.23905953489474036 0.34702053412734352 -0.3241717832037096 0.71631804212934691 
1 -0.39561423605685592 -0.10692701886601243 0.23627519967307561 -0.0019441075625017108 0.33005393375960901 -0.72931575133174342 

0.4100000000000002 3 0.046406
1 0.92963410898338961 -0.0013193646584565347 0.0029153823928172932 -0.35489356391627247 -0.0059781867216032189 0.013209919029911065 
1 -0.53398141642038033 0.10487428689194941 -0.23173930535755263 0.36073833228837582 -0.33853038303820038 0.748046047631589 
1 -0.39565269256295632 -0.10355492223349277 0.22882392296476542 -0.0058447683720812809 0.34450856975980648 -0.76125596666148021 

0.42000000000000021 3 0.047941
1 0.92603567228986672 -0.0013796057885889072 0.0030484964102237954 -0.36481078595483085 -0.0060691729523490619 0.013410970083844476 
1 -0.53030243234892704 0.10141338156451511 -0.22409178926703333 0.37518945439391249 -0.35381640507996448 0.78182336554831733 
1 -0.39573323994089143 -0.10003377577592544 0.2210432928568429 -0.010378668439055157 0.35988557803231419 -0.79523433563214141 

0.43000000000000022 3 0.0498128
1 0.92233754629539966 -0.0014407302789173652 0.0031835623768095805 -0.37483210283115792 -0.0061548070725018873 0.013600194650773794 
1 -0.52647480685686765 0.09779438874822266 -0.21609494937237494 0.39048762668456677 -0.37017457208358068 0.81796978780953655 
1 -0.39586273943847827 -0.096353658469305881 0.21291138699559639 -0.015655523853384749 0.37632937915607606 -0.83156998246028091 

0.44000000000000022 3 0.0519147
1 0.91853866948075025 -0.0015026830308232262 0.0033204585418957528 -0.38496164964450519 -0.0062347708864122307 0.013776889618039341 
1 -0.52248938944559131 0.094005724394306919 -0.20772318855636238 0.40677412921770711 -0.38778396842956692 0.8568810347693161 
1 -0.39604928003513185 -0.092503041363484528 0.20440273001449311 -0.021812479573167402 0.3940187393159697 -0.87065792438734735 

0.45000000000000023 3 0.0530808
1 0.91463793834722218 -0.0015654056827272701 0.0034590559446833701 -0.39520368721032528 -0.0063087299857520745 0.01394031604804293 
1 -0.51833544085817129 0.090033795451920709 -0.19894647043682007 0.42422733058728967 -0.40686960148689261 0.89905430219348126 
1 -0.39630249748903529 -0.088468389769192191 0.19548741449215973 -0.02902364337691684 0.41317833147262734 -0.91299461824153705 

0.46000000000000024 3 0.0542538
1 0.91063420616215884 -0.0016288364481265355 0.0035992180563653208 -0.40556260116718329 -0.0063763338384081117 0.014089699374674277 
1 -0.51400019698604704 0.085862462134795481 -0.18972913114447254 0.44307664470427133 -0.42771917679898142 0.94512532916313097 
1 -0.39663400917606478 -0.084233625686670408 0.18612991308813145 -0.037514043537040832 0.43409551063735291 -0.95921502853784935 

0.47000000000000025 3 0.0554059
1 0.90652628172459149 -0.0016929099564421137 0.0037408004284501771 -0.41604289875363559 -0.0064372162873514143 0.014224230505656505 
1 -0.50946826064337314 0.081472294350689312 -0.18002823626505587 0.46362357617459338 -0.45070814801760889 0.99592375057773586 
1 -0.39705802108124433 -0.07977938439424527 0.17628743583662884 -0.047580677420904466 0.45714536430492114 -1.0101479810833882 

0.48000000000000026 3 0.0565758
1 0.90231292817881203 -0.0017575571016510911 0.0038836503582858539 -0.42664920229668435 -0.0064909966458289205 0.01434306824257746 
1 -0.50472072903273668 0.076839515326681623 -0.16979124658230701 0.48627457634955262 -0.47633840226247798 1.0525585796752481 
1 -0.39759219914609661 -0.075081958225030762 0.16590759622404289 -0.059625374052838083 0.48282939890825693 -1.0669016479177356 

0.49000000000000027 3 0.0585577
1 0.89799286191442729 -0.0018227049059534753 0.0040276065878064897 -0.43738623800599424 -0.0065372816652210092 0.014445343629236279 
1 -0.49973389956354214 0.071934451979379949 -0.15895259388176899 0.51159449741930496 -0.50530043434176086 1.1165555935735298 
1 -0.39825896235092589 -0.070111747073425823 0.1549249872939801 -0.074208259413275551 0.51183771600691474 -1.1310009372026515 

0.50000000000000022 3 0.0606778
1 0.89356475161116011 -0.0018882764091558376 0.0041724990591040676 -0.4482588179466569 -0.0065756687971036858 0.014530167159777159 
1 -0.49447727147934789 0.066719172244192396 -0.14742846018900074 0.54039799752795969 -0.53857820006123147 1.1900890262215711 
1 -0.39908748013188422 -0.064830895835038288 0.14325596112992312 -0.092139179581269035 0.54515386885826822 -1.2046191933811925 

0.51000000000000023 3 0.0640748
1 0.88902721751086033 -0.0019541905997824101 0.0043181487622082496 -0.45927181184335719 -0.0066057514165429616 0.014596640320538564 
1 -0.48891030359338966 0.061143707655356531 -0.13510843085527369 0.57391574274350221 -0.57763675667209702 1.2763961949807154 
1 -0.40011691391755316 -0.059189517055574854 0.1307902820931203 -0.11464393090021674 0.58424250808852962 -1.290992835301102 

0.52000000000000024 3 0.0662527
1 0.88437883104396264 -0.0020203624125740092 0.0044643677295553704 -0.47043010317842016 -0.0066271271140047336 0.014643873912566384 
1 -0.48297681461739678 0.055139641183948485 -0.12184132568925432 0.61412108477776828 -0.62478426073045956 1.3805774024398498 
1 -0.40140201642660855 -0.053119278771370522 0.11737695795978915 -0.14369098159942056 0.63141138784440842 -1.39522127635227 

0.53000000000000025 3 0.0683217
1 0.87961811501192777 -0.0020867028318741253 0.0046109592644437069 -0.48173851980240939 -0.0066394110158141733 0.01467101748566486 
1 -0.47659448868566251 0.048608337112612421 -0.1074091906690683 0.66444136399034781 -0.68394271778815474 1.5112990516723226 
1 -0.40302362632625455 -0.046521634280738418 0.10279823140472417 -0.18270284418792387 0.69058212880409653 -1.5259700691578675 

0.54000000000000026 3 0.0717547
1 0.87474354466358262 -0.0021531191679067321 0.0047577185515186339 -0.49320172016546732 -0.0066422579208250268 0.014677308253485944 
1 -0.46963287493349543 0.041396894851805775 -0.091474163412512396 0.73154225098863668 -0.76252824414707232 1.6849484354189965 
1 -0.40511066973000703 -0.03924377568393566 0.086716444861077713 -0.23834053082330156 0.76917050206811821 -1.6996257436720437 

0.55000000000000027 3 0.0759475
1 0.86975355028578871 -0.0022195156297784668 0.0049044339229254632 -0.50482399375271414 -0.0066354015624463594 0.014662157850324303 
1 -0.46185897636186973 0.033240655421536099 -0.07345143052042051 0.83086031068248656 -0.87706952030114949 1.9380487573125398 
1 -0.40789457392396661 -0.031021139791790987 0.068546996597574419 -0.32603631693007845 0.88370492186329397 -1.9527109151625579 

0.56000000000000028 3 0.104743
1 0.86464652262326247 -0.0022857944576104862 0.0050508893599706672 -0.51660886501429981 -0.006618733251252144 0.014625326106592503 
1 -0.4527597419648795 0.023584642494710935 -0.052114668245292831 1.0113400385372124 -1.0769758546497517 2.3797791035347839 
1 -0.41188678065879325 -0.021298848037170238 0.047063778885402981 -0.49473117352361401 1.0835945879012605 -2.3944044296415385 

0.57000000000000028 3 0.195925
1 0.85942082469238623 -0.0023518583314442077 0.0051968698160419942 -0.52855806734653732 -0.006592507683910195 0.014567375822151089 
1 -0.44043950075817079 0.010579491742406723 -0.023377361029846607 1.6400951309365783 -1.6854955737876527 3.7244169665236191 
1 -0.41898132393407983 -0.0082276334109942784 0.018180491213840581 -1.1115370635898576 1.6920880814727373 -3.7389843423454376 

