0 3 0
1 1 0 0 0 0 0 
1 -0.49308851891714894 0.20426420454109337 -0.58654678202286059 0 0 0 
1 -0.506911481082851 -0.20426420454109337 0.58654678202286059 0 0 0 

0.01 3 0.00109601
1 0.99996494474083186 5.6329192990007777e-08 -1.6174986193227173e-07 -0.0070111485388011504 1.1265920946167159e-05 -3.2350208850066629e-05 
1 -0.49307122575046053 0.20425113441478268 -0.58650925101959106 0.0034586803127483025 -0.0026140749488791836 0.0075063433295930156 
1 -0.50689371899036906 -0.20425119074397538 0.58650941276945279 0.0035524682260528579 0.0026028090279330133 -0.007473993120742926 

0.02 3 0.00161195
1 0.99985977316049268 2.2532171276621134e-07 -6.4701363530530585e-07 -0.014023457731719494 2.2532830040367704e-05 -6.4703255177466851e-05 
1 -0.49301934343164272 0.20421192105426203 -0.58639664944812353 0.0069179244176440025 -0.0052287462799280012 0.015014399176771977 
1 -0.50684042972884891 -0.20421214637597429 0.58639729646175698 0.0071055333140754955 0.0052062134498876353 -0.014949695921594413 

0.029999999999999999 3 0.00212407
1 0.99968446784522447 5.0699238096444809e-07 -1.4558338806002134e-06 -0.021038089286266871 3.3801715274580143e-05 -9.7061976011406838e-05 
1 -0.49293286350194698 0.20414655551089284 -0.58620895161235131 0.010378296604146553 -0.0078446111501029227 0.022525882283931341 
1 -0.50675160434327782 -0.20414706250327302 0.58621040744623065 0.010659792682120304 0.0078108094348283167 -0.02242882030791972 

0.040000000000000001 3 0.00263691
1 0.99943899975452466 9.0136589769946713e-07 -2.5882815244526211e-06 -0.028056207019037466 4.5073564325686306e-05 -0.00012942920747629257 
1 -0.49281177185516933 0.2040550228573586 -0.58594611464832613 0.013840362157370166 -0.010462268268416848 0.030042511850211638 
1 -0.506627227899351 -0.20405592422325491 0.58594870292985135 0.01421584486166729 0.010417194704091175 -0.029913082642735032 

0.050000000000000003 3 0.00349188
1 0.99912332819476768 1.4084768375948214e-06 -4.0444558482526105e-06 -0.03507897791598958 5.6349364390398245e-05 -0.00016180778431771966 
1 -0.49265604872519331 0.2039373021682335 -0.58560807846847096 0.017304687858490309 -0.013082318678188881 0.037566013777737356 
1 -0.50646727946956926 -0.20393871064506994 0.58561212292432507 0.017774290057499267 0.013025969313798512 -0.037404205993419676 

0.060000000000000005 3 0.00472379
1 0.99873740078217221 2.0283696441195307e-06 -5.8244844718823373e-06 -0.042107573199641819 6.7630102011150965e-05 -0.00019420053940252553 
1 -0.49246566866851693 0.20379336649270074 -0.58519476568324413 0.020771842488256309 -0.015705366546800891 0.045098122939412559 
1 -0.50627173211365661 -0.2037953948623443 0.58520059016772019 0.021335730711385524 0.015637736444789649 -0.044903922400009913 

0.070000000000000007 3 0.00523472
1 0.99828115339507462 2.7610986221249856e-06 -7.9285233322858515e-06 -0.049143169405531179 7.8916762889746643e-05 -0.00022661030318366112 
1 -0.49224060054170982 0.20362318281932221 -0.58470608149994796 0.024242397334662831 -0.018332019965533568 0.052640585475657024 
1 -0.50604055285336536 -0.20362594391794375 0.58471401002328638 0.024900772070868542 0.018253103202643745 -0.052413975172473412 

0.080000000000000002 3 0.0057478
1 0.9977545101153662 3.6067279284440691e-06 -1.0356756656474244e-05 -0.056186949470317313 9.0210331685596068e-05 -0.00025903990312085265 
1 -0.49198080747380118 0.20342671203274781 -0.58414191359845591 0.027716926705847293 -0.02096289176211364 0.060195161127644989 
1 -0.50577370264156474 -0.20343031876067647 0.58415227035511574 0.028470022764470304 0.020872681430428155 -0.059936121224523894 

0.089999999999999997 3 0.00660086
1 0.99715738315896452 4.5653315603816572e-06 -1.3109396928476023e-05 -0.06324010383396253 0.00010151179179516158 -0.00029149216304723334 
1 -0.49168624683346956 0.20320390886222514 -0.58350213198332401 0.031196008449301506 -0.023598600328682308 0.067763625614823408 
1 -0.50547113632549767 -0.20320847419378626 0.58351524138025601 0.032044095384661395 0.023497088536887326 -0.067472133451776245 

0.099999999999999992 3 0.00780773
1 0.99648967279523648 5.6369933418906398e-06 -1.6186684849641482e-05 -0.070303831558476401 0.00011282212510908321 -0.00032396990247197217 
1 -0.49135687019103835 0.20295472182174035 -0.58278658881193612 0.034680224478507167 -0.026239770467985098 0.075347773064756651 
1 -0.50513280260419968 -0.2029603588150834 0.5828027754967896 0.035623607079969546 0.026126948342876273 -0.075023803162284644 

0.10999999999999999 3 0.00890255
1 0.99575126725506824 6.8218069071931331e-06 -1.9588889291610731e-05 -0.077379341465776325 0.00012414231174337251 -0.0003564759358083487 
1 -0.49099262327513554 0.20267909314159382 -0.58199511819800998 0.038170161308132035 -0.028887034260700328 0.082949418503668479 
1 -0.50475864397993342 -0.20268591494850335 0.58201470708730374 0.039209180157644748 0.02876289194895712 -0.082592942567860039 

0.11999999999999998 3 0.00980449
1 0.99494204262751573 8.119875681567043e-06 -2.3316307241142086e-05 -0.084467853297299167 0.0001354733297407117 -0.00038901307151607774 
1 -0.49059344592397219 0.2023769586911893 -0.58112753598985267 0.041666410598957739 -0.031541031956947262 0.090570400416417632 
1 -0.50434859670354859 -0.20238507856687404 0.58115085229709895 0.042801442698342025 0.031405558627206606 -0.09018138734490129 

0.12999999999999998 3 0.0103304
1 0.99406186274470421 9.5313128589798312e-06 -2.7369263735887118e-05 -0.091570598898078795 0.0001468161547378146 -0.00042158411114608888 
1 -0.49015927203110665 0.20204824789276365 -0.58018363952269525 0.045169569713741843 -0.034202412895172132 0.098212583385087385 
1 -0.50390259071360077 -0.20205777920562482 0.58021100878643639 0.046401029184337535 0.034055596740434284 -0.09779099927394061 

0.13999999999999999 3 0.0113182
1 0.99311057905474376 1.1056241376207261e-05 -3.1748111790072514e-05 -0.098688823428112096 0.00015817175959433944 -0.0004541918482749846 
1 -0.4896900294856032 0.20169288362578311 -0.57916320734412552 0.048680242285263138 -0.036871836451775566 0.10587786081585115 
1 -0.50342054956914573 -0.20170393986716184 0.57919495545592159 0.050008581142849562 0.036713664692181187 -0.10542366896757538 

0.14999999999999999 3 0.0118392
1 0.99208803048241623 1.2694793883030065e-05 -3.6453232308919759e-05 -0.10582378660394892 0.00016954111397875332 -0.00048683906731582564 
1 -0.48918564010642757 0.20131078212167813 -0.57806599891182653 0.052199038797838888 -0.039549973025047903 0.1135681577643544 
1 -0.50290239037599216 -0.20132347691556299 0.57810245214414169 0.053624747806111026 0.039380431911069082 -0.11308131869703715 

0.16 3 0.0123482
1 0.99099404327725893 1.4447112708052857e-05 -4.1485033990492943e-05 -0.11297676397355845 0.00018092518390602018 -0.00051952854219059982 
1 -0.48864601957096648 0.20090185284854289 -0.57689175426249517 0.055726577183657866 -0.042237505057194619 0.12128543387046692 
1 -0.50234802370629361 -0.2009162999612531 0.57693323929649087 0.057250186789901326 0.04205657987328866 -0.12076590532827471 

0.17000000000000001 3 0.0134814
1 0.98982843084872041 1.631334981963654e-05 -4.6843953213516764e-05 -0.12014904822767676 0.00019232493122166487 -0.00055226303484870681 
1 -0.4880710773375021 0.20046599838541732 -0.57564019365082664 0.059263483435329251 -0.044935128098485579 0.12903168641400301 
1 -0.50175735351121742 -0.20048231173523859 0.57568703760404905 0.060885564792348322 0.044742803167264138 -0.12847942337915336 

0.18000000000000002 3 0.0139892
1 0.98859099358801961 1.8293666781378774e-05 -5.2530453909537405e-05 -0.12734195055098771 0.00020374131302630037 -0.00058504529361448436 
1 -0.48746071656146645 0.20000311428568815 -0.57431101715729826 0.0628103922361051 -0.04764355191784312 0.13680895350378633 
1 -0.50113027702654911 -0.20002140795247128 0.574363547611215 0.064531558314883095 0.047439810604816952 -0.13622390821017102 

0.19000000000000003 3 0.0144961
1 0.9872815186762629 2.0388234701515423e-05 -5.8545027417629246e-05 -0.13455680201665951 0.00021517528103422536 -0.00061787805134541315 
1 -0.48681483400531544 0.19951308892914571 -0.57290390426331417 0.066367947609307171 -0.050363501664493014 0.14461931741334064 
1 -0.50046668467094801 -0.19953347716384817 0.57296244929074047 0.068188854407353117 0.050148326383458855 -0.14400143936199322 

0.20000000000000004 3 0.0150161
1 0.98589977987840183 2.2597234175549937e-05 -6.4888192319653048e-05 -0.14179495502795242 0.00022662778085913476 -0.00065076402338102917 
1 -0.48613331994178138 0.19899580336213521 -0.57141851339222194 0.069936803588558832 -0.053095719085658077 0.15246490807750721 
1 -0.49976645993662294 -0.19901840059631246 0.57148340158454891 0.071858151439393933 0.052869091304799234 -0.15181414405412499 

0.21000000000000005 3 0.0155401
1 0.98444553732250373 2.4920855221343838e-05 -7.1560494253869602e-05 -0.14905778481081478 0.00023809975121934449 -0.00068370590526072538 
1 -0.48541605805033494 0.19845113112523793 -0.56985448141448458 0.073517624910511337 -0.055840963805659331 0.16034790676540525 
1 -0.49902947927217123 -0.19847605198046164 0.5699260419087474 0.075540159900303383 0.055602864054440565 -0.15966420086014441 

0.22000000000000006 3 0.0160501
1 0.98291853726384615 2.7359297205822809e-05 -7.8562505704474374e-05 -0.15634669096161685 0.00024959212305430105 -0.00071670637018676471 
1 -0.48466292530659005 0.19787893806782644 -0.56821142311518902 0.077111087731833769 -0.058600014672232657 0.16827054994638591 
1 -0.49825561195725587 -0.19790629736503515 0.56828998562090161 0.079235603229783458 0.058350422549178924 -0.16755384357619782 

0.23000000000000007 3 0.0165541
1 0.98131851183320562 2.9912768762367503e-05 -8.5894825764383726e-05 -0.16366309905441351 0.00026110581854329172 -0.00074976806620653683 
1 -0.4838737918644031 0.19727908214879414 -0.56648893062182337 0.080717880372333239 -0.061373671176349023 0.17623513336706492 
1 -0.49744471996880008 -0.19730899491755949 0.5665748254475943 0.082945218682080171 0.061112565357806195 -0.17548536530085695 

0.24000000000000007 3 0.0170572
1 0.97964517876880353 3.2581487697861132e-05 -9.3558079868320834e-05 -0.17100846231239084 0.00027264175001649635 -0.00078289361308562686 
1 -0.48304852093042366 0.19665141322269528 -0.56468657279018231 0.084338704086186489 -0.064162754952377166 0.18424401635905552 
1 -0.49659665783837947 -0.19668399471039572 0.56478013087005186 0.086669758226204596 0.063890113202361612 -0.18346112274596829 

0.25000000000000006 3 0.017555
1 0.97789824113116319 3.5365680888263839e-05 -0.00010155291949295945 -0.17838426334848362 0.0002842008187475091 -0.00081608559884050651 
1 -0.482186968630756 0.19599577281044525 -0.56280389454592261 0.087974273863365468 -0.066968111366029898 0.19229962639876927 
1 -0.49571127250040897 -0.19603113849133583 0.56290544746541937 0.090409989485118053 0.066683910547284092 -0.19148354079992772 

0.26000000000000006 3 0.0180659
1 0.97607738700019253 3.8265584161472389e-05 -0.00010988002182055147 -0.18579201598041828 0.00029578391361546403 -0.00084934657589681283 
1 -0.4812889838694645 0.19531199385366885 -0.56084041617920288 0.091625319263470381 -0.069790611198210853 0.20040446394260356 
1 -0.49478840313072964 -0.19535025943783216 0.56095029620102477 0.094166696716948647 0.069494827284597591 -0.19955511736670542 

0.27000000000000007 3 0.0185699
1 0.97418228915374094 4.1281442166093602e-05 -0.00011854008936210814 -0.19323326712584657 0.00030739190962360697 -0.00088267905683545467 
1 -0.48035440817856939 0.19459990045170364 -0.55879563258943465 0.095292585284309964 -0.072631152433639781 0.20856110756299384 
1 -0.49382788097517577 -0.19464118189387067 0.55891417267879595 0.097940681841537286 0.072323760524018385 -0.2076784285061572 

0.28000000000000008 3 0.0193319
1 0.97221260472676396 4.4413508224626286e-05 -0.00012753384953581373 -0.20070959878357664 0.00031902566626002178 -0.00091608550968537406 
1 -0.4793830755591596 0.19385930758013811 -0.55666901247710998 0.09897683326772562 -0.075490662163976485 0.21677221941325944 
1 -0.49282952916760631 -0.19390372108836357 0.556796546326641 0.10173276551585132 0.075171636497718963 -0.21585613390357333 

0.29000000000000009 3 0.01984
1 0.97016797485022166 4.7662044169397413e-05 -0.00013686205419590974 -0.20822263010736355 0.00033068602568453486 -0.00094956835271724411 
1 -0.47837481231326628 0.19309002078971646 -0.55445999747916053 0.10267884184529398 -0.078370098616113937 0.22504055105185997 
1 -0.49179316253695537 -0.19313768283388624 0.55459685953335902 0.10554378826206964 0.078039412590431997 -0.22409098269914293 

0.3000000000000001 3 0.02035
1 0.96804802426874637 5.1027320159423601e-05 -0.00014652547910681363 -0.21577401957916029 0.00034237381072440063 -0.00098312994868805185 
1 -0.47732943686605328 0.19229183588427473 -0.55216800124419507 0.10639940792672653 -0.081270453317363323 0.2333689496597546 
1 -0.49071858740269469 -0.19234286320443439 0.55231452672330472 0.10937461165243412 0.080928079506641395 -0.23238581971106617 

0.31000000000000011 3 0.020865
1 0.96585236093606464 5.4509614476196023e-05 -0.00015652492335671477 -0.22336546728925097 0.00035408982265940146 -0.0010167725984810115 
1 -0.47624675957791118 0.19146453857629422 -0.54979240844337718 0.11013934773396081 -0.084192753410450044 0.24176036468793413 
1 -0.48960560135815678 -0.19151904819077026 0.54994893336673534 0.11322611955528943 0.083838663587793072 -0.24074359208945162 

0.32000000000000012 3 0.0213699
1 0.96358057558702381 5.8109213296174087e-05 -0.00016686120870428457 -0.23099871733121791 0.00036583483877504849 -0.0010504985340795366 
1 -0.4751265825459548 0.19060790411849499 -0.54733257371256361 0.11389949788413138 -0.087138064132574966 0.25021785497606891 
1 -0.48845399304106968 -0.1906660133317912 0.54749943492127306 0.11709921944708622 0.0867722292938021 -0.24916735644198731 

0.33000000000000013 3 0.022114
1 0.96123224128508211 6.1826410437553885e-05 -0.00017753517885152085 -0.23867556032033074 0.00037760960966029745 -0.0010843099108076056 
1 -0.4739686993944498 0.18972169690975302 -0.54478782052068464 0.11768071652482315 -0.090107491474286053 0.25874459638748731 
1 -0.48726354189063259 -0.18978352332019158 0.54496535569954063 0.12099484379550715 0.089729881864628006 -0.25766028647667999 

0.34000000000000014 3 0.0226262
1 0.95880691294394071 6.5661507078630421e-05 -0.0001885476986350221 -0.24639783604455656 0.00038941485622361266 -0.0011182087987613373 
1 -0.47277289505358883 0.18880567007345994 -0.54215743995899279 0.12148388452524199 -0.093102185035606577 0.26734389001058201 
1 -0.48603401789035272 -0.18887133158054045 0.54234598765763542 0.1249139515193151 0.092712770179384993 -0.26622568121182238 

0.35000000000000014 3 0.0231342
1 0.95630412682199317 6.9614811444791502e-05 -0.00019989965312718601 -0.25416743625816912 0.00040125126639845824 -0.0011521971733488175 
1 -0.47153894552608056 0.18785956500625345 -0.53944068944525414 0.12530990672717396 -0.096123341098761875 0.27601917098217349 
1 -0.48476518129591001 -0.18792917981769863 0.53964058909838541 0.12885752953099655 0.095722089832365645 -0.27486697380882613 

0.36000000000000015 3 0.0236332
1 0.95372339998803513 7.3686638460881412e-05 -0.00021159194663796798 -0.26198630762866687 0.00041311949150606451 -0.0011862769048457174 
1 -0.47026661764090383 0.18688311089484333 -0.53663679133629649 0.12915971325987666 -0.099172205939008856 0.28477401799458735 
1 -0.48345678234712691 -0.18695679753330555 0.53684838328293749 0.1328265943687916 0.098759086447504529 -0.28358774108974349 

0.37000000000000016 3 0.0241363
1 0.95106422975673088 7.7877309365330811e-05 -0.00022362550160685729 -0.26985645484862525 0.0004250201422398182 -0.0012204497468644394 
1 -0.46895566879357026 0.18587602419845561 -0.53374493144184521 0.13303426092332774 -0.10225007939748977 0.29361216355514502 
1 -0.4821085609631568 -0.18595390150782304 0.53396855694345546 0.13682219392529851 0.10182505925525191 -0.29239171380828127 

0.38000000000000017 3 0.0246372
1 0.94832609309207105 8.2187151282078164e-05 -0.00023600125737363364 -0.27777994392501915 0.00043695378423163066 -0.0012547173236228753 
1 -0.46760584667220428 0.18483800809411161 -0.53076425743164168 0.13693453464455849 -0.10535831874281207 0.30253750507472887 
1 -0.48072024641986283 -0.18492019524539621 0.53100025868901857 0.14084540928046091 0.10492136495858152 -0.3012827877511049 

0.39000000000000018 3 0.0251372
1 0.94550844597697703 8.6616496745879645e-05 -0.00024872016881529612 -0.28575890565963308 0.00044892093315611998 -0.0012890811158860294 
1 -0.4662168889686657 0.18376875188173364 -0.52769387712718341 0.14086154901213752 -0.10849834285116494 0.31155411687103673 
1 -0.47929155700830772 -0.18385536837848127 0.52794259729600423 0.14489735664749626 0.10804942191800924 -0.31026503575514952 

0.40000000000000019 3 0.0256362
1 0.94261072274711499 9.1165683176147298e-05 -0.00026178320483519077 -0.29379553933527541 0.00046092204932354086 -0.0013235424454395622 
1 -0.46478852307390994 0.18266793034571707 -0.52453285666849159 0.14481634989420103 -0.1116716367383684 0.3206662631823991 
1 -0.47782219967319783 -0.18275909602889406 0.52479463987333508 0.14897918944107344 0.11121071468904552 -0.3193427207369568 

0.4100000000000002 3 0.0261374
1 0.93963233538673063 9.5835052293938229e-05 -0.00027519134668887578 -0.30189211662381499 0.00047295753170663996 -0.0013581024579378668 
1 -0.46332046575674585 0.1815352030692656 -0.52128021854520856 0.14880001614583208 -0.11487975648129303 0.32987841229968418 
1 -0.47631186962997457 -0.18163103812156095 0.52155540989190996 0.15309210047798116 0.11440679894958655 -0.32852030984174485 

0.42000000000000021 3 0.0266333
1 0.93657267278422451 0.00010062494947612678 -0.00028894558612962832 -0.31005098573341211 0.00048502771134034651 -0.0013927621039511624 
1 -0.46181242282501916 0.18037021369740119 -0.51793493948031588 0.15281366141195557 -0.11812433457073107 0.33919525193713929 
1 -0.47476024995919447 -0.18047083864687913 0.51822388506646033 0.15723732432145665 0.1176393068593905 -0.33780248983318467 

0.43000000000000022 3 0.0271313
1 0.93343109994499629 0.00010553572304015769 -0.00030304692335460362 -0.31827457581387486 0.00049713284402594534 -0.0014275221180155187 
1 -0.46026408876829183 0.17917258914408007 -0.51449594815337074 0.15685843603237246 -0.12140708574311797 0.34862170597822356 
1 -0.47316701117670013 -0.17927812486712141 0.51479899507673843 0.16141613978150174 0.12090995289909172 -0.34719418386020756 

0.44000000000000022 3 0.0276272
1 0.93020695715885182 0.00011056772345204815 -0.00031749636473060483 -0.32656540164069814 0.00050927310226338632 -0.0014623829954663122 
1 -0.45867514638090029 0.17794193873838654 -0.51096212274878239 0.16093552905599828 -0.12472981334457525 0.35816295275003157 
1 -0.47153181077794937 -0.17805250646183937 0.51127961911352859 0.16562987258469922 0.12422054024231184 -0.35670056975456277 

0.45000000000000023 3 0.0281222
1 0.92689955911905808 0.00011572130244950241 -0.00033229492027609476 -0.33492606860027246 0.0005214485663262012 -0.0014973449668098185 
1 -0.45704526636432163 0.17667785330417235 -0.50733228831299915 0.16504617037184482 -0.128094416287756 0.3678244449999401 
1 -0.46985429275473878 -0.17679357460662351 0.50766458323329744 0.16987989822842775 0.12757296772143015 -0.36632710003312496 

0.46000000000000024 3 0.0293152
1 0.92350819398998996 0.00012099681207109208 -0.00034744360087348743 -0.34335927800072963 0.00053365921438312184 -0.0015324079693573378 
1 -0.45537410690759167 0.17537990416688465 -0.50360521390260016 0.16919163296479506 -0.13150289667003737 0.37761193177133517 
1 -0.46813408708239901 -0.17550090097895807 0.50395265750349538 0.17416764503593474 0.13096923745565525 -0.37607952380197518 

0.47000000000000025 3 0.0304041
1 0.92003212241988452 0.0001263946035814447 -0.0003629434151828033 -0.35186783273520539 0.00054590491155887986 -0.0015675716158131364 
1 -0.45366131324453085 0.17404764208057871 -0.49977960950319616 0.17337323530475199 -0.13495736813092951 0.38753148240199248 
1 -0.46637080917535179 -0.17417403668416373 0.50014255291840148 0.17849459743045432 0.13441146321937214 -0.38596391078617581 

0.48000000000000026 3 0.0312731
1 0.916470576495101 0.00013191502628124007 -0.0003787953662245648 -0.36045464332678245 0.00055818539781324198 -0.0016028351594690024 
1 -0.45190651718634545 0.17268059606730607 -0.49585412269671558 0.1775923438782821 -0.13846006503735106 0.39758951289969208 
1 -0.46456405930875228 -0.17281251109358972 0.49623291806296127 0.18286229944850024 0.13790187963953843 -0.39598667774022195 

0.49000000000000027 3 0.0317771
1 0.91282275863189344 0.00013755842618952128 -0.00039500044759604742 -0.36912273438716536 0.00057050027450233833 -0.0016381974556149061 
1 -0.45010933662817548 0.17127827216008196 -0.49182733505184212 0.18185037587245315 -0.14201335259797143 0.407792814985665 
1 -0.46271342200371135 -0.17141583058627324 0.49222233549946032 0.18727235851471388 0.14144285232346956 -0.40615461753004994 

0.50000000000000022 3 0.032285
1 0.90908784040136414 0.00014332514458441069 -0.00041155963928091632 -0.37787525152424079 0.00058284898946910438 -0.0016736569187261157 
1 -0.44826937502799691 0.16984015203959943 -0.48769775820930866 0.18614880202112472 -0.14561973802241349 0.41814858813834876 
1 -0.4608184653733603 -0.16998347718418619 0.48810931784861306 0.19172644950311749 0.14503688903294493 -0.41647493121962303 

0.51000000000000023 3 0.032788
1 0.90526496128296563 0.00014921551638665676 -0.0004284739030075759 -0.38671546873704615 0.00059523082049015388 -0.0017092114749306779 
1 -0.44638622085620933 0.16836569155357786 -0.48346382963019657 0.19048914962455565 -0.14928188285815194 0.42866447501892013 
1 -0.45887874042674509 -0.1685149070699668 0.48389230353323009 0.19622631911249172 0.14868665203766215 -0.42695526354398827 

0.52000000000000024 3 0.0332901
1 0.90135322734140699 0.00015522986836863001 -0.0004457441771062789 -0.39564679634053851 0.00060764485688397476 -0.0017448585091971924 
1 -0.44445944701410245 0.16685431910622192 -0.47912390797125187 0.19487300575370994 -0.15300261665791287 0.43934860071738346 
1 -0.45689378032729294 -0.16700954897459291 0.47956965214838482 0.20077379058682918 0.15239497180102984 -0.43760374220818554 

0.53000000000000025 3 0.0337882
1 0.89735170982150847 0.00016136851716930803 -0.00046337137080913071 -0.40467278946676649 0.00062008997905996655 -0.0017805948066096288 
1 -0.44248861021932478 0.16530543390363731 -0.47467626804657831 0.1993020206512495 -0.1567849521538528 0.45020961632537521 
1 -0.45486309960217403 -0.16546680242080805 0.47513963941741327 0.20537076881551755 0.1561648621747945 -0.44842902151876474 

0.54000000000000026 3 0.0342922
1 0.89325944365492038 0.00016763176709341516 -0.00048135635793030389 -0.41379715719375548 0.00063256483575854447 -0.0018164164870120689 
1 -0.44047325035627732 0.16371840403913104 -0.47011909532954838 0.20377791134161011 -0.16063210214243301 0.46125674742125361 
1 -0.4527861932986309 -0.16388603580622477 0.47060045168750381 0.21001924585214554 0.15999953730667552 -0.45944033093424275 

0.55000000000000027 3 0.0347972
1 0.88907542587219812 0.0001740199076702639 -0.00049969996985622586 -0.42302377235871352 0.00064506781869914421 -0.0018523189322102133 
1 -0.43841288978934817 0.16209256440013411 -0.46545047994252248 0.20830246546302758 -0.16454749831661653 0.47249984814695911 
1 -0.45066253608283724 -0.162266584307805 0.46595017991240467 0.21472130689568683 0.16390243049791828 -0.47064752921475139 

0.56000000000000028 3 0.035311
1 0.88479861391305359 0.0001805332109447912 -0.00051840298776675028 -0.43235668211803152 0.00065759703431461387 -0.0018882967048063388 
1 -0.43630703263662207 0.16042721437594534 -0.4606684100746074 0.2128775453345963 -0.16853481232084347 0.48394946166758623 
1 -0.44849158127641697 -0.16060774758689142 0.46118681306240134 0.21947913678343714 0.1678772152865293 -0.4820611649627814 

0.57000000000000028 3 0.035815
1 0.88042792382700519 0.00018717192846986268 -0.00053746613399854209 -0.44180011932315516 0.00067015027220628247 -0.0019243434576177267 
1 -0.43415516400171877 0.15872161534248719 -0.45577076475910255 0.2175050922715884 -0.17259797935044491 0.49561688793734249 
1 -0.44627275982526654 -0.15890878727095811 0.45630823089312594 0.22429502705156742 0.17192782907823809 -0.49369254447972799 

0.58000000000000029 3 0.0369759
1 0.87596222835584492 0.00019393628796502465 -0.00055689006245064013 -0.45135851478874817 0.00068272496990314402 -0.0019604518324823198 
1 -0.43195674916116672 0.1569749878967972 -0.45075530593231433 0.22218713116205499 -0.17674122467245279 0.50751425985433873 
1 -0.44400547919465977 -0.15716892418476441 0.45131219599479189 0.22917138362669251 0.1760584997025493 -0.5055538080218609 

0.5900000000000003 3 0.037488
1 0.87140035488866141 0.00020082648960240981 -0.00057667534791940023 -0.46103651053788458 0.00069531817345015615 -0.0019966133470875756 
1 -0.42971123270465394 0.15518650880989598 -0.44561966968369354 0.22692577531723723 -0.1809690935111033 0.51965462907711268 
1 -0.44168912218398654 -0.1553873352995005 0.44619634503163813 0.23411073522064638 0.18027377533765204 -0.51765801573002734 

0.60000000000000031 3 0.0379951
1 0.86674108327908295 0.00020784270187544735 -0.00059682247423545115 -0.47083897411825054 0.00070792649328258188 -0.0020328182682631821 
1 -0.42741803762536651 0.15335530766182837 -0.44036135659330589 0.23172323160730238 -0.18528648482128138 0.53205206300543118 
1 -0.43932304565369257 -0.15356315036370455 0.44095817906756596 0.23911574251094658 0.18457855832799794 -0.53001924473716744 

0.61000000000000032 3 0.038497
1 0.86198314351360883 0.00021498505700018637 -0.0006173318210585465 -0.48077101409378048 0.00072054605476517197 -0.0020690554699538139 
1 -0.42507656435748892 0.15148046311699212 -0.4349777210364173 0.23658180589225267 -0.18969868956999172 0.54472175470592465 
1 -0.43690657915609366 -0.15169544817399261 0.43559505285750244 0.24418920820152501 0.18897814351522474 -0.54265269923596815 

0.62000000000000033 3 0.038996
1 0.85712521321866164 0.00022225364579241179 -0.00063820364916715997 -0.49083799682793 0.000733172442683783 -0.0021053122738262818 
1 -0.42268618975789768 0.1495609987910996 -0.4294659593154152 0.24150390875530189 -0.19421143426360798 0.55768014790104214 
1 -0.43443902346073826 -0.14978325243689089 0.43010416296461068 0.2493340880726273 0.19347826182092184 -0.55557483562721388 

0.63000000000000034 3 0.0395
1 0.85216591499280614 0.00022964851195608041 -0.00065943808405765812 -0.50104556468801076 0.00074580063887141077 -0.002141574270161979 
1 -0.42024626602898124 0.14759587865302184 -0.42382309645617294 0.24649206154226297 -0.19883093060249171 0.57094507955280038 
1 -0.43191964896380375 -0.1478255271649779 0.42448253454025803 0.25455350314574859 0.19808512996361818 -0.56880350528263512 

0.64000000000000035 3 0.0399969
1 0.8471038135492438 0.0002371696457098242 -0.00068103509764273643 -0.51139965581494251 0.00075842495202749552 -0.0021778251163323313 
1 -0.41775611957954917 0.1455840018951382 -0.41804597147818573 0.25154890270513847 -0.20356393232113457 0.58453594307984569 
1 -0.42934769396967176 -0.145821171540848 0.41872700657585499 0.2598507531098076 0.20280550736910408 -0.58235811796351356 

0.65000000000000036 3 0.04125
1 0.84193741265207711 0.00024481697666816444 -0.00070299448780976694 -0.52190652561969841 0.00077103893864570938 -0.0022140463097420787 
1 -0.41521504982081969 0.14352419719412998 -0.41213122091438781 0.25667719444057835 -0.20841780048991448 0.59847387587211676 
1 -0.4267223628312411 -0.14376901417079752 0.41283421540222093 0.26522933117912373 0.20764676155126335 -0.59625982956237067 

0.66000000000000036 3 0.0427749
1 0.83666515182830159 0.00025259036588236978 -0.00072531585556601477 -0.53257277018679472 0.00078363531379797271 -0.0022502169316446843 
1 -0.41262232789462666 0.14141521627014 -0.40607526031623425 0.26187982960351364 -0.21340057882511135 0.61278197554434666 
1 -0.42404282393365494 -0.14166780663602055 0.4068005761718268 0.27069294058327598 0.21261694351130511 -0.61053175861268827 

0.67000000000000037 3 0.0443017
1 0.83128540283532015 0.0002604895969325433 -0.00074799857945950408 -0.54340535178675897 0.00079620585032490004 -0.0022863133576666228 
1 -0.40997719533122534 0.1392557266351073 -0.39987426343043125 0.26715983886195122 -0.21852108089127797 0.62748555033856424 
1 -0.42130820750406328 -0.1395162162320385 0.40062226200991313 0.27624551292479471 0.21772487504094534 -0.6251992369808963 

0.68000000000000038 3 0.0460868
1 0.82579646586191102 0.00026851436594671957 -0.00077104178691872916 -0.55441162672415378 0.000808741264753586 -0.0023223089302191217 
1 -0.40727886263461249 0.13704430340018647 -0.3935241386738863 0.27252039803945211 -0.22378899150439155 0.64261241030429317 
1 -0.41851760322726356 -0.13731281776613216 0.39429518046082462 0.28189122868469824 0.22298025023962983 -0.64029010137408182 

0.69000000000000039 3 0.0478239
1 0.82019656543795949 0.00027666427040476307 -0.00079444432210298019 -0.56559937577546504 0.00082123108799098609 -0.0023581735871930245 
1 -0.40452650779372545 0.13477941998656298 -0.38702050245968328 0.27796483556526719 -0.22921498517995542 0.65819320742353327 
1 -0.41567005764419224 -0.13505608425696422 0.38781494678180178 0.28763454021019413 0.2283937540919595 -0.65583503383635633 

0.7000000000000004 3 0.0494008
1 0.81448384602569268 0.00028493879656380416 -0.00081820470979426677 -0.57697683750258411 0.00083366351852243159 -0.0023938734404164411 
1 -0.40171927471914637 0.13245943755216516 -0.38035864883583026 0.28349663991603069 -0.2348108651526413 0.67426183480705015 
1 -0.41276457130650845 -0.13274437634872649 0.38117685354564129 0.29348019758653893 0.2339772016341112 -0.67186796136667148 

0.71000000000000041 3 0.0505788
1 0.80865636726211376 0.00029333730531728205 -0.00084232111479146262 -0.58855274476395836 0.00084602525546592568 -0.0024293702962688082 
1 -0.39885627160603937 0.13008259290745361 -0.37353351478526609 0.28911946688368012 -0.24058972736840947 0.69085589759955091 
1 -0.40980009565603287 -0.13037593021276903 0.374375835900077 0.29943327788025809 0.23974370211294013 -0.68842652730330911 

0.72000000000000042 3 0.0512788
1 0.80271209881874439 0.00030185901627114505 -0.00086679129618492587 -0.60033636478577923 0.00085830130838711262 -0.0024646211095624062 
1 -0.3959365692262331 0.12764698464389299 -0.36653964039367293 0.29483714643731684 -0.24656615498006501 0.70801727147553817 
1 -0.40677552959248348 -0.12794884366016065 0.36740643168987042 0.30549921834841798 0.24570785367167486 -0.70555265036600301 

0.73000000000000043 3 0.0519826
1 0.79664891484133038 0.00031050298978710231 -0.00089161255579359264 -0.61233754320228861 0.00087047478024836092 -0.0024995773602784288 
1 -0.39295919915501987 0.1251505571365327 -0.35937112291266743 0.30065368885509153 -0.25275645034843491 0.72579276883321264 
1 -0.40368971568627698 -0.12546106012631733 0.36026273546847937 0.31168385434715767 0.25188597556818487 -0.72329319147296611 

0.74000000000000044 3 0.0527008
1 0.79046458792719076 0.00031926810670365112 -0.00091678167993357838 -0.62456675252705485 0.00088252661923541318 -0.0025341843409345454 
1 -0.38992315194208893 0.12259108200274685 -0.35202156351843794 0.3065732896761964 -0.25917891348496408 0.7442349383452691 
1 -0.40054143598507586 -0.12291035010944845 0.35293834519839418 0.31799346285082852 0.25829638686572381 -0.74170075400434621 

0.75000000000000044 3 0.0533988
1 0.78415678259376875 0.00032815304539919712 -0.00094229487355478698 -0.63703514557661212 0.00089443533445396708 -0.0025683803402048546 
1 -0.38682737524135913 0.11996613649772002 -0.34448400527411405 0.31260033284925631 -0.26585417843529457 0.76340303088775652 
1 -0.39732940735237593 -0.12029428954311826 0.34542630014769027 0.32443481272732433 0.2649597431008302 -0.76083465054757571 

0.76000000000000045 3 0.0540929
1 0.77772304818558657 0.00033715625580734186 -0.00096814768562546215 -0.64975461443638827 0.00090617666959183843 -0.0026020957058373595 
1 -0.38367077192182469 0.11727307819587277 -0.33675086042724128 0.31873939121171824 -0.27280562253777962 0.78336417473029241 
1 -0.39405227626373618 -0.11761023445168051 0.33771900811288613 0.33101522322464161 0.27189944586817538 -0.78076207902447259 

0.77000000000000046 3 0.0547857
1 0.77116081116120305 0.0003462759299299958 -0.00099433492446032571 -0.66273785563540855 0.00091772322757004696 -0.0026352517668357394 
1 -0.38045219819177445 0.11450901513608568 -0.32881382468145659 0.32499522309614348 -0.2800598681407156 0.80419481622211264 
1 -0.3907086129694069 -0.11485529106601586 0.32980815960593629 0.33774263253922815 0.27914214491313494 -0.80155956445530063 

0.78000000000000047 3 0.0554748
1 0.7644673666942009 0.00035550996831817564 -0.0010208505614698955 -0.67599844228323291 0.00092904403792091539 -0.0026677595911806426 
1 -0.37717046178312219 0.11167077038253875 -0.32066377543261004 0.33137276338116994 -0.28764740273026068 0.82598250049592803 
1 -0.38729690491107244 -0.11202628035085713 0.3216846259940942 0.34462567890203721 0.28671835869232976 -0.82331474090479473 

0.79000000000000048 3 0.0561717
1 0.75763986951457762 0.00036485594190008422 -0.001047687621549249 -0.68955090402029073 0.00094010405708859837 -0.0026995185509380566 
1 -0.37382432026245571 0.10875483965181992 -0.31229065009453749 0.33787710662187953 -0.29560335225288004 0.84882809207136967 
1 -0.38381554925210698 -0.1091196955937202 0.31333833771609254 0.35167379739838078 0.2946632481957811 -0.84612857352047222 

0.80000000000000049 3 0.0568655
1 0.75067532390746072 0.00037431104842903449 -0.0010748380580179841 -0.70341081574118125 0.00095086358999354505 -0.0027304146612753084 
1 -0.37041247956386869 0.10575734025057543 -0.30368329947299666 0.34451347890883 -0.30396845483018831 0.87284857088718715 
1 -0.38026284434359375 -0.10613165129900523 0.30475813753101721 0.35889733683230968 0.30301759124018768 -0.87011815622595168 

0.8100000000000005 3 0.0575554
1 0.74357057277648564 0.00038387206269658962 -0.0011022926096566467 -0.71759489617081751 0.0009612776189705395 -0.0027603186534998362 
1 -0.36693359287872046 0.10267394901282449 -0.29482930955203512 0.35128719366345879 -0.31279029977219175 0.89818059014070306 
1 -0.37663697989777495 -0.10305782107552219 0.29593160216169934 0.36630770250731765 0.311829022153219 -0.89542027148723624 

0.82000000000000051 3 0.0582495
1 0.73632228566701496 0.0003935352795040805 -0.001130040636948805 -0.73212111750344777 0.00097129502350391003 -0.0027890837345206083 
1 -0.36338626009556591 0.099499826156756746 -0.28571478284798257 0.35820358443901473 -0.32212492246220031 0.92498505601626613 
1 -0.37293602557144573 -0.099893361436261374 0.28684482348494289 0.37391753306438558 0.32115362743868997 -0.92219597228177286 

0.83000000000000052 3 0.0589375
1 0.72892694563210991 0.00040329644820444798 -0.001158069934117335 -0.74700882745239072 0.00098085767094890637 -0.0028165429758452267 
1 -0.35976902806756816 0.096229520898293425 -0.27632406737781889 0.36526790457132385 -0.33203888354963662 0.95345309810910794 
1 -0.36915791756452937 -0.096632817346496633 0.27748213731194665 0.38174092288101091 0.33105802587868433 -0.95063655513329837 

0.84000000000000052 3 0.0596285
1 0.72138083480984683 0.00041315069740928802 -0.0011863665129199412 -0.7622788851991531 0.00098989935454018175 -0.0028425062640603078 
1 -0.35608039210944187 0.092856853109381271 -0.26663941683974618 0.37248517857024238 -0.34261201783046824 0.98381396286391243 
1 -0.36530044270040152 -0.093270003806791138 0.26782578335267715 0.38979370662885354 0.34162211847592772 -0.98097145659987672 

0.85000000000000053 3 0.0667105
1 0.71368001856499386 0.00042309244819644401 -0.0012149143534237103 -0.77795381286344722 0.00099834455032513547 -0.0028667567313525938 
1 -0.35231879931279714 0.089374763049776637 -0.25664055911641848 0.37985998237577295 -0.35394112568524205 1.0163456135774489 
1 -0.36136121925218284 -0.089797855497974602 0.2578554734698586 0.39809383048762642 0.35294278113491995 -1.0134788568461386 

0.86000000000000054 3 0.0687165
1 0.70582032803102679 0.00043311531384272305 -0.0012436951160868066 -0.7940579642239215 0.0010061069590954579 -0.0028890465686502755 
1 -0.34848265455493088 0.08577511783720454 -0.24630414055203029 0.38739611713544636 -0.36614501760701873 1.0513892158128497 
1 -0.35733767347608481 -0.086208233151047933 0.24754783566813118 0.40666184708843894 0.36513891064792287 -1.0485001692442517 

0.87000000000000055 3 0.0696497
1 0.69779734087142964 0.00044321198373519627 -0.0012726878084084144 -0.8106177124725118 0.0010130877928068366 -0.0029090921050596045 
1 -0.34457033052339286 0.082048458194371385 -0.23560299873371218 0.39509612060851912 -0.37937154480796592 1.0893693258594579 
1 -0.35322701034805243 -0.082491670178103119 0.23687568654213662 0.41552159186398002 0.37835845701514303 -1.0864602337544085 

0.88000000000000056 3 0.0705836
1 0.68960636006105291 0.00045337408867182069 -0.0013018683981380046 -0.82766165873146791 0.0010191737572960537 -0.0029265680152153707 
1 -0.3405801837966192 0.078183660990520057 -0.22450519347613682 0.40296052538396437 -0.39380761934915448 1.1308226636393413 
1 -0.34902617626445787 -0.078637035079190051 0.22580706187429769 0.42470113334750331 0.39278844559185067 -1.127896095624108 

0.89000000000000057 3 0.0715137
1 0.68124239047182944 0.00046359204423738782 -0.0013312093635278691 -0.84522086281172348 0.001024234674354236 -0.0029411004910410506 
1 -0.33651058020624564 0.074167480166215341 -0.21297268858224339 0.41098671166705242 -0.40969386562414517 1.1764401845943029 
1 -0.34473181026561006 -0.074631072210452815 0.2143038979457873 0.43423415114466613 0.40866963094974235 -1.1734990841032606 

0.90000000000000058 3 0.0724447
1 0.67270011303601207 0.00047385486832394764 -0.0013606791693410887 -0.86332909709113659 0.0010281206766717317 -0.0029522591870022653 
1 -0.33235993473386194 0.069983907062893896 -0.20095951502291742 0.41916708986978995 -0.42734668919476432 1.2271304505771363 
1 -0.3403401783021992 -0.070457761931214322 0.20232019419227198 0.44416200722134663 0.42631856851804584 -1.2241781913901464 

0.91000000000000059 3 0.0733776
1 0.66397385625558158 0.00048414996815201051 -0.0013902416552809438 -0.88202312316765275 0.0010306588996039829 -0.002959547720479253 
1 -0.32812677480135138 0.065613253745863506 -0.18840913868948217 0.42748613222482273 -0.44719269537888912 1.2841184631829308 
1 -0.3358470814542921 -0.066097403714016484 0.18979938034477284 0.45453699094280081 0.44616203647923597 -1.2811589154625032 

0.9200000000000006 3 0.0743086
1 0.65505756484100308 0.00049446289134647328 -0.0014198553212022729 -0.90134298860480311 0.0010316495859828483 -0.0029623924866916053 
1 -0.32380984254771306 0.061030794836874708 -0.17525056040182641 0.435915334207719 -0.46982463864127816 1.3491063230055109 
1 -0.3312477222932953 -0.061525257728220629 0.17667041572304296 0.46542765439704648 0.46879298905525341 -1.346143930518866 

0.9300000000000006 3 0.0752468
1 0.64594476530872047 0.00050477703476721524 -0.0014494724910159779 -0.92133233671169978 0.001030861518386803 -0.002960129542415106 
1 -0.31940826499901737 0.056204672495549418 -0.16139230004087152 0.44440423524318251 -0.49609705169104901 1.424547829582429 
1 -0.32653650030970444 -0.05670944953031664 0.1628417725319235 0.47692810146850051 0.49506619017260245 -1.4215877000400428 

0.94000000000000061 3 0.0764298
1 0.63662852847464768 0.00051507330398511747 -0.0014790383348710027 -0.94203871407309181 0.0010280267063526999 -0.0029519893502549439 
1 -0.31492184928778122 0.051092499932592822 -0.14671264350155278 0.45286338824004924 -0.52730017607008117 1.5141479248840735 
1 -0.32170667918681395 -0.051607573236579732 0.14819168183644993 0.4891753258329114 0.5262721493637047 -1.511195935534037 

0.95000000000000062 3 0.0821738
1 0.62710142900313248 0.00052532971576670984 -0.0015084897276843251 -0.96351384466507084 0.0010228343039931352 -0.0029370793130215462 
1 -0.3103516255543346 0.045635496056405891 -0.13104280026954856 0.46112932329897022 -0.56550237876329179 1.6238459461612409 
1 -0.31674980344881187 -0.046160825772161844 0.13255128999728313 0.50238452136594869 0.56447954445932291 -1.6209088668484479 

0.96000000000000063 3 0.0854228
1 0.61735550262579486 0.00053552093623506663 -0.0015377539229649571 -0.98581380719275546 0.0010149238638296383 -0.0029143644020416951 
1 -0.30570093032275791 0.039747479115967432 -0.11413529855298617 0.46888412464419033 -0.61429876315128007 1.7639652700609558 
1 -0.31165457230303173 -0.040283000052191174 0.11567305247599745 0.51692968254838556 0.61328383928763197 -1.7610509056591359 

0.97000000000000064 3 0.0890608
1 0.60738220258064857 0.00054561774984854283 -0.0015667470279847639 -1.0089989815072997 0.0010038783687143539 -0.0028826471482523599 
1 -0.30097783964490304 0.033291695202208066 -0.095597448083511505 0.47543985287774626 -0.68070598202024735 1.9546542878361925 
1 -0.30640436293563961 -0.033837312952054097 0.097164195111485441 0.53355912862900234 0.6797021036515114 -1.9517716406874068 

0.98000000000000065 3 0.0910077
1 0.59717235890670883 0.00055558646255071968 -0.0015953722899048008 -1.0331334530273197 0.00098921839891748871 -0.0028405508929201244 
1 -0.29620172874506862 0.026022867313070207 -0.07472493340542806 0.47900488901479016 -0.78115564998327691 2.2430965512795482 
1 -0.30097063016204151 -0.026578453775641227 0.076320305695415772 0.55412856401257249 0.78016643158501409 -2.2402560003862821 

0.99000000000000066 3 0.111497
1 0.58671614952552686 0.00056538826767607933 -0.0016235182749900733 -1.0582830131865764 0.00097040174567576763 -0.0027865186779660071 
1 -0.29142772017937507 0.017392096981345986 -0.049941586877360396 0.47283307701640337 -0.96974138230842788 2.784622437712033 
1 -0.29528842934675265 -0.01795748524906109 0.051565105152430818 0.58544993616925034 0.96877098056330035 -2.7818359190349731 

1.0000000000000007 3 0.327491
1 0.57600311017918315 0.00057497869766730324 -0.0016510572941840613 -1.0845081466143487 0.00094684757693907693 -0.0027188826381406091 
1 -0.28697183196853637 0.0051072479458365277 -0.014665515450286611 0.36217569062065025 -1.7953177864937382 5.1552736454323682 
1 -0.28903127821220181 -0.005682226643563386 0.016316572744518115 0.7223324559936215 1.7943709389169733 -5.1525547627887578 

