0 3 0
1 1 0 0 0 0 0 
1 -0.45169108609554764 -0.2904160045625292 0.20833980935930829 0 0 0 
1 -0.54830891390445236 0.2904160045625292 -0.20833980935930829 0 0 0 

0.01 3 0.001616
1 0.99995898351405443 -7.2629004536187474e-07 5.2102889376977863e-07 -0.0082034610878535825 -0.00014525005216983972 0.00010420007059899376 
1 -0.45168223698232435 -0.29033427516254001 0.20828117799139007 0.0017696471129376751 0.016347300316995432 -0.011727292497920518 
1 -0.54827674653172631 0.29033500145258467 -0.20828169902028457 0.0064338139749159058 -0.01620205026482556 0.01162309242732149 

0.02 3 0.00299096
1 0.99983592422116474 -2.9046826382090323e-06 2.0837729931769427e-06 -0.016408889375338787 -0.0002904045741172562 0.00020833160934018619 
1 -0.45165570018380319 -0.29008900169150936 0.20810522271553622 0.0035371844520504627 0.03271166352144917 -0.023466825639139946 
1 -0.54818022403736288 0.29009190637414789 -0.2081073064885299 0.012871704923288319 -0.032421258947331839 0.023258494029799754 

0.029999999999999999 3 0.00391006
1 0.99963079260476795 -6.5337438531026277e-06 4.687203622983642e-06 -0.024618254349083653 -0.0004353677763495867 0.00031232589836944482 
1 -0.45161150741624861 -0.28967992781473562 0.20781175964131932 0.0053004836533104118 0.049110256949107089 -0.035230914996493057 
1 -0.54801928518851672 0.2896864615585889 -0.20781644684494241 0.019317770695773239 -0.048674889172757571 0.034918589098123627 

0.040000000000000001 3 0.005301
1 0.99934353943244203 -1.1611079490043877e-05 8.3296032222997132e-06 -0.032833530074210339 -0.00058004334997614824 0.00041611384722478058 
1 -0.45154971185100362 -0.28910662456132302 0.20740048103186046 0.0070573788781056589 0.065560458380285624 -0.047032027112392433 
1 -0.5477938275814358 0.28911823564081213 -0.20740881063508385 0.025776151196104706 -0.064980415030309741 0.046615913265167973 

0.050000000000000003 3 0.00642419
1 0.99897409569864826 -1.813332857306682e-05 1.3008560680576906e-05 -0.041056697494825052 -0.0007243342048656548 0.00051962580499464864 
1 -0.45147038858600641 -0.28836848767736628 0.20687095340504788 0.0088056473323536843 0.082079965174149061 -0.058882857790018769 
1 -0.54750370711264218 0.2883866210059387 -0.20688396196572884 0.032251050162471491 -0.081355630969283943 0.058363231985024383 

0.060000000000000005 3 0.00756717
1 0.99852237254438203 -2.6096154218261441e-05 1.8720964786473989e-05 -0.049289746747964588 -0.00086814220523205132 0.0006227913706314662 
1 -0.45137363531642755 -0.28746473386516147 0.20622261483560053 0.010542988870118198 0.098686908216864391 -0.070796413837909813 
1 -0.5471487372279531 0.28749083001937703 -0.20624133580038714 0.038746757877846601 -0.097818766011633224 0.070173622467278374 

0.070000000000000007 3 0.00884914
1 0.99798826115358363 -3.5494231841232216e-05 2.5462995768075988e-05 -0.05753467949542574 -0.0010113679017935101 0.00072553920080672106 
1 -0.45125957321527294 -0.28639439585139437 0.20545477141707341 0.012267004336832862 0.11539997249296777 -0.082786099565934163 
1 -0.54672868793831353 0.28642989008323344 -0.20548023441284119 0.045267675158593187 -0.11438860459117477 0.082060560365127239 

0.080000000000000002 3 0.00936103
1 0.99737163262616491 -4.6321234665457909e-05 3.3230114896822666e-05 -0.065793511277848313 -0.0011539102596518141 0.0008277968146960154 
1 -0.45112834803841928 -0.28515631620828302 0.20456659282923656 0.013975172270914906 0.13223852627623617 -0.094865809464764195 
1 -0.54624328458774574 0.28520263744294855 -0.20459982294413412 0.051818339006933549 -0.13108461601658425 0.094038012650067296 

0.089999999999999997 3 0.00987315
1 0.99667233782731801 -5.856981648451194e-05 4.2017052121400458e-05 -0.074068273895339334 -0.0012956663810443196 0.00092949039508569825 
1 -0.45098013147261262 -0.28374913983047162 0.20355710694112336 0.015664823534155707 0.14922276118531658 -0.10705002867954769 
1 -0.54569220635470639 0.28380770964695839 -0.2035991239932457 0.058403450361184238 -0.14792709480427152 0.10612053828446152 

0.099999999999999992 3 0.01038
1 0.99589020721291699 -7.2231591622659547e-05 5.1817791691793661e-05 -0.08236101781882571 -0.0014365312221281442 0.001030544585198404 
1 -0.45081512274954455 -0.28217130494650899 0.20242519336280468 0.017333113378507303 0.16637384567189228 -0.11935394311987392 
1 -0.54507508446337538 0.28224353653813089 -0.20247701115449651 0.065027904440319043 -0.16493731444976378 0.11832339853467505 

0.10999999999999999 3 0.01089
1 0.99502505063058411 -8.7297112030002653e-05 6.2625555727707373e-05 -0.090673814636170968 -0.0015763973029688906 0.001130882280643558 
1 -0.45063355055441112 -0.28042103251605482 0.20116957583911751 0.018976990376692576 0.18371409492080698 -0.13179356134340844 
1 -0.54439150007617487 0.28050832962808347 -0.20123220139484674 0.071696824259479222 -0.18213769761783924 0.13066267906276444 

0.11999999999999998 3 0.0113862
1 0.99407665709615189 -0.00010375584144015205 7.443278567969392e-05 -0.099008759536922411 -0.001715154409924547 0.0012304244159123648 
1 -0.45043567526362382 -0.27849631383171247 0.19978881335541715 0.020593161542375268 0.2012671606628704 -0.14438585072457299 
1 -0.54364098183252885 0.27860006967315049 -0.19986324614109705 0.078415597994547878 -0.19955200625294656 0.14315542630865966 

0.12999999999999998 3 0.011883
1 0.99304479454502781 -0.00012159612651044183 8.7231121625602675e-05 -0.10736797383928999 -0.0018526892896423583 0.0013290897448560114 
1 -0.45022179155364533 -0.27639489610613321 0.19828128979798998 0.022178052837079722 0.21905824505914312 -0.15714889089172285 
1 -0.54282300299138453 0.2765164922326393 -0.19836852091961688 0.085189921002212163 -0.21720555576950085 0.15581980114686644 

0.13999999999999999 3 0.0123789
1 0.99192920955810737 -0.00014080516485705751 0.00010101137933949058 -0.11575360756267035 -0.0019888853339246528 0.0014267946146134618 
1 -0.44999223143176575 -0.27411426577954345 0.19664520197915158 0.023727764098544671 0.23711434364616213 -0.17010204801217371 
1 -0.54193697812633779 0.27425507094439699 -0.19674621335849204 0.09202584346412751 -0.23512545831223672 0.16867525339756109 

0.14999999999999999 3 0.0133939
1 0.99072962706167766 -0.00016136896989026416 0.00011576352506497703 -0.1241678420485952 -0.0021236222547732905 0.0015234527324935311 
1 -0.44974736775027085 -0.27165162922786251 0.19487854579754191 0.025238017219317038 0.25546452338215997 -0.18326617425812872 
1 -0.54098225931139843 0.27181299819774729 -0.19499430932260756 0.098929824829279547 -0.25334090112738616 0.18174272152563575 

0.16 3 0.01475
1 0.98944575000088697 -0.0001832723323483595 0.00013147664792031478 -0.1326128926324997 -0.0022567757489954533 0.0016189749253683865 
1 -0.44948761827841904 -0.26900389048475026 0.19297910025629378 0.026704096142589392 0.27414024316802726 -0.19666383774329646 
1 -0.53995813172246276 0.26918716281709287 -0.19311057690421463 0.10590879648991215 -0.27188346741903358 0.19504486281792943 

0.17000000000000001 3 0.0153189
1 0.98807725898624243 -0.00020649877842329064 0.00014813892985837297 -0.14109101136801852 -0.0023882171518517059 0.0017132688912062529 
1 -0.44921345042257504 -0.26616762550911366 0.19094440900294138 0.028120776907711174 0.29317572591791013 -0.21031958944040538 
1 -0.53886380856366278 0.26637412428753049 -0.19109254793280003 0.11297023446030963 -0.29078750876605791 0.20860632054920167 

0.18000000000000002 3 0.0159779
1 0.98662381191256288 -0.00023103052436627215 0.00016573761310143556 -0.14960448980468474 -0.002517813079360067 0.0018062389424659867 
1 -0.4489253867045796 -0.26313905242829144 0.18877175898236273 0.029482245547673085 0.31260839343702357 -0.224260275155621 
1 -0.53769842520797706 0.26337008295264969 -0.18893749659546408 0.12012224425701304 -0.31009058035766146 0.22245403621315699 

0.19000000000000003 3 0.0166779
1 0.98508504354991233 -0.00025684842745869431 0.00018425896496850858 -0.15815566181882595 -0.0026454250590433651 0.0018977857412012316 
1 -0.44862401113310263 -0.25991399706112728 0.18645815570357396 0.030782001084162153 0.33247937818331402 -0.23851540265818344 
1 -0.53646103241680065 0.26017084548858121 -0.1866424146685399 0.1273736607346671 -0.32983395312426667 0.23661761691698291 

0.20000000000000004 3 0.0173759
1 0.98346056510598956 -0.00028393193323295794 0.00020368824001239258 -0.16674690649612886 -0.0027709091491379639 0.0019878060258866834 
1 -0.44830997663370109 -0.25648785286701387 0.18400029450782493 0.032012740139420091 0.35283412965983985 -0.2531175766966372 
1 -0.53515058847229335 0.25677178480024276 -0.18420398274783392 0.13473416635671187 -0.35006322051069627 0.25112977067075165 

0.21000000000000005 3 0.0180829
1 0.98174996375936996 -0.00031225901882847568 0.00022400963938418148 -0.17538065106252859 -0.0028941155465830215 0.0020761923301959502 
1 -0.44798401374263813 -0.25285553426603102 0.18139452708119744 0.033166218729782967 0.3737231379947224 -0.26810301808355691 
1 -0.53376595001673988 0.25316779328485928 -0.1816185367205779 0.14221443233275194 -0.3708290224481301 0.26602682575335884 

0.22000000000000006 3 0.0187819
1 0.97995280216331593 -0.00034180613237450123 0.00024520626734746663 -0.1840593738579781 -0.0030148881845023833 0.0021628326942415032 
1 -0.44764694082009154 -0.24901142202009302 0.17863682227191696 0.034233085537727838 0.3952028036425928 -0.28351218760546931 
1 -0.53230586134322666 0.24935322815247324 -0.17888202853926313 0.14982628832025666 -0.39218791545808646 0.28134935491122587 

0.23000000000000007 3 0.019474
1 0.97806861791959554 -0.00037254812830004268 0.00026726008487071361 -0.19278560734477523 -0.0031330643204049171 0.0022476103691559464 
1 -0.44729967610311694 -0.24494929903467239 0.1757227200355318 0.03520267926141786 0.41733649065567963 -0.29939054162273232 
1 -0.53076894181645895 0.24532184716297581 -0.17598998012040165 0.15758292808336272 -0.41420342633526475 0.29714293125357616 

0.24000000000000007 3 0.0201671
1 0.97609692302209961 -0.00040445819848694797 0.00029015186023755208 -0.20156194113860298 -0.003248474116995562 0.0023304035163728364 
1 -0.44694325200410634 -0.24066227451175048 0.17264727702346716 0.036062780340031811 0.44019581247942119 -0.31578945447884105 
1 -0.52915367101796951 0.24106673271024256 -0.172937428883703 0.16549916079857574 -0.43694733836240968 0.31345905096247006 

0.25000000000000006 3 0.0208611
1 0.97403720327014587 -0.00043750779920517221 0.00031386111663135472 -0.2103910250458568 -0.0033609402183608149 0.0024110849035888053 
1 -0.44657883217195082 -0.23614269382073705 0.16940500192582686 0.036799304201215646 0.46386221494573371 -0.33276735411450498 
1 -0.52745837109816052 0.23658020161994964 -0.16971886304245676 0.17359172084464111 -0.46050127472735869 0.33035626921091094 

0.26000000000000006 3 0.0215521
1 0.97188891765142915 -0.00047166657380254631 0.00033836607667404607 -0.21927557208494838 -0.0034702773254258507 0.0024895216002031799 
1 -0.4462077319827637 -0.23138203070446026 0.16598977814171392 0.03739591880413097 0.48842894287581312 -0.35039113287712825 
1 -0.52568118566862942 0.23185369727827093 -0.16632814421838818 0.18187965328081512 -0.48495866555037992 0.34790161127692265 

0.27000000000000007 3 0.0222442
1 0.96965149769499159 -0.0005069022711671077 0.00036364360393234145 -0.22821836146179258 -0.0035762917760664239 0.0025655746760971068 
1 -0.44583144332786834 -0.22637075742980245 0.16239477062736635 0.037833563102472892 0.51400350717419108 -0.36873791737475786 
1 -0.52382005436707502 0.22687765970098281 -0.16275841423129961 0.19038479835931793 -0.51042721539811853 0.36617234269866578 

0.28000000000000008 3 0.0229332
1 0.96732434679476187 -0.00054318066004343493 0.00038966914144960765 -0.23722224145980722 -0.0036787811372072494 0.0026390989090111479 
1 -0.44545166484195264 -0.2210981871199019 0.15861231278778015 0.038089834276829729 0.54071081262562537 -0.38789731230767222 
1 -0.52187268195276648 0.22164136777995871 -0.15900198192923107 0.19913240718297281 -0.53703203148841194 0.38525821339867139 

0.29000000000000009 3 0.023627
1 0.96490683950494416 -0.00058046543936990608 0.00041641664742326064 -0.24629013219205062 -0.0037775338188119905 0.0027099425076283967 
1 -0.44507033909535515 -0.21555228060929424 0.15463376791768788 0.038138198860708475 0.56869716920958646 -0.40797427812141768 
1 -0.51983650040954399 0.21613274604867497 -0.15505018456511394 0.20815193333133536 -0.56491963539077528 0.40526433561378916 

0.3000000000000001 3 0.0243201
1 0.96239832080869903 -0.00061871814491907292 0.00044385852823005561 -0.25542502814631779 -0.003872328723085754 0.0027779468599174258 
1 -0.44468969881085718 -0.20971940750529999 0.15044935779079516 0.037946964103626107 0.59813550177884711 -0.42909286834709931 
1 -0.51770862199780732 0.21033812565022955 -0.15089321631902641 0.21747806404268735 -0.59426317305576748 0.42631492148718064 

0.31000000000000011 3 0.0250173
1 0.95979810536295662 -0.00065789805267845629 0.0004719655691130113 -0.26463000043169527 -0.0039629349467830447 0.0028429463195729465 
1 -0.44431232493348466 -0.20358404734832428 0.14604794827694795 0.037477917653417049 0.62923221085385794 -0.45140115142588405 
1 -0.51548578042945703 0.20424194540101584 -0.14651991384606314 0.22715208277827501 -0.62526927590708792 0.44855820510630978 

0.32000000000000012 3 0.0257151
1 0.9571054767226298 -0.00069796207961707237 0.0005007068629929029 -0.27390819860513338 -0.0040491115606885774 0.0029047680478188412 
1 -0.44394122050216722 -0.19712841125751435 0.14141677791676532 0.036684500191132903 0.66223634834321188 -0.47507779322445537 
1 -0.51316425622044382 0.19782637333714528 -0.14191748477975913 0.23722369841399896 -0.65818723678253144 0.47217302517663701 

0.33000000000000013 3 0.0278122
1 0.95431968654931354 -0.00073886468276381314 0.00053004973806870771 -0.28326285191613315 -0.0041306074987740088 0.0029632319338910151 
1 -0.44357990594157587 -0.19033195628313951 0.13654110952579512 0.035509307241548105 0.69745210270107549 -0.50034101368785822 
1 -0.51073978060775116 0.19107082096592193 -0.13707115926384683 0.24775354467458999 -0.69332149520230957 0.49737778175396535 

0.34000000000000014 3 0.0301042
1 0.95143995381137947 -0.00078055775790383222 0.00055995968514396799 -0.29269726975151705 -0.0042071616012048689 0.0030181506258899213 
1 -0.44323254393782474 -0.18317075229804711 0.13140377601249648 0.033880605755382175 0.73525612001261031 -0.52746101270984647 
1 -0.50820740987360269 0.18395131005596968 -0.13196373569762146 0.25881666399613346 -0.73104895841140949 0.52444286208395197 

0.35000000000000014 3 0.0321753
1 0.94846546398487608 -0.00082299053971831616 0.00059040028598872059 -0.30221484098370111 -0.0042785028717899362 0.0030693297154707156 
1 -0.44290410604695912 -0.17561664196823965 0.12598457775459909 0.031707366696901725 0.77612206902633041 -0.55677759269532434 
1 -0.50556135793801371 0.176439632507982 -0.12657497804056217 0.2705074742868056 -0.77184356615458471 0.55370826297981213 

0.36000000000000015 3 0.0338075
1 0.9453953682678391 -0.0008661095059089328 0.00062133314455984127 -0.31181903181412124 -0.0043443510339751653 0.0031165681367037838 
1 -0.44260059961477993 -0.16763610340499435 0.12025946668382526 0.028871996933622038 0.8206563689784715 -0.58872578913152851 
1 -0.50279476865319239 0.16850221291092798 -0.12088079982835985 0.28294703488051604 -0.81631201794452735 0.58560922099474744 

0.37000000000000016 3 0.0347385
1 0.94222878282627964 -0.00090985828885089073 0.0006527178236224203 -0.32151338153846404 -0.0044044175039409227 0.0031596588641603094 
1 -0.44232938431870683 -0.15918867378686433 0.11419941541746388 0.025219383483823628 0.86965169048623769 -0.62387425127572538 
1 -0.49989939850774223 0.16009853207571911 -0.11485213324106051 0.29629399805464623 -0.8652472729823093 0.62071459241149307 

0.38000000000000017 3 0.0357215
1 0.93896478809602113 -0.00095417759974415241 0.00068451179033696716 -0.33130149541386256 -0.0044584069511915802 0.0031983900324528769 
1 -0.4420996262858522 -0.15022470374280336 0.10776880628868354 0.02053979275799634 0.92416985426935094 -0.66298471237545964 
1 -0.49686516181034535 0.15117888134254859 -0.10845331807899486 0.31076170265588143 -0.91971144731816179 0.65978632234297874 

0.39000000000000018 3 0.0366604
1 0.93560242817515116 -0.0009990051723095107 0.00071667037586801963 -0.34118703342312484 -0.0045060196975827633 0.0032325466572615084 
1 -0.44192297166861211 -0.14068205251527424 0.10092306050920333 0.014541047602944597 0.98567560054204872 -0.70710795369706481 
1 -0.4936794565067244 0.14168105768757727 -0.1016397308850491 0.3266459858201804 -0.98116958084445383 0.70387540703972673 

0.40000000000000019 3 0.0375824
1 0.93214071035673041 -0.0010442757361814503 0.00074914675629645018 -0.35117369310853236 -0.0045469553359358999 0.0032619132312675511 
1 -0.44181458682665681 -0.13048102930421759 0.093605009170187645 0.0068009296847145219 1.05626329860225 -0.75774644236820698 
1 -0.49032612353026672 0.13152530504039803 -0.094354155926462777 0.34437276342382406 -1.051716343266182 0.75448452913688624 

0.4100000000000002 3 0.0387883
1 0.92857860487413735 -0.0010899210349642982 0.00078189196557282542 -0.36126518358907 -0.0045809181702339188 0.0032862776268645769 
1 -0.4417948465793089 -0.11951626567916791 0.085739062640284566 -0.0033194588401910803 1.1390651722387459 -0.81714718577415768 
1 -0.48678375829499448 0.12060618671413149 -0.086520954605847286 0.36458464242919214 -1.1344842540682474 0.81386090814714296 

0.42000000000000021 3 0.0399923
1 0.92491504496913923 -0.0011358699117251531 0.00081485495684827016 -0.37146518596178235 -0.00460762547753481 0.0033054370231252587 
1 -0.44189225260297171 -0.10764283150477032 0.077221250352139961 -0.016846334639717377 1.2390451666420483 -0.88887123901665965 
1 -0.48302279236636331 0.10877870141647415 -0.078036105308979475 0.38831152060134555 -1.2344375411642043 0.88556580199345836 

0.43000000000000022 3 0.0411813
1 0.9211489274572684 -0.0011820484981185846 0.0008479827381500728 -0.38177729155128731 -0.0046268203676362116 0.00331920713111368 
1 -0.4421489134855579 -0.094650532909533971 0.067900782575062921 -0.035566151002247776 1.3647074532270371 -0.97901935902193538 
1 -0.47900001397190878 0.095832581407637799 -0.068748765313205215 0.41734344255338773 -1.3600806328589352 0.97570015189067871 

0.44000000000000022 3 0.0427225
1 0.91727911408567908 -0.0012283805683467462 0.00088122062630653468 -0.39220490137589131 -0.0046382926941475966 0.0033274371951639787 
1 -0.44263207819978029 -0.080210771610451204 0.057541928142180392 -0.062967325935048959 1.5323286177794162 -1.0992681088109815 
1 -0.47464703588567492 0.081439152178776411 -0.05842314876846387 0.45517222731073159 -1.527690325085427 1.0959406716163196 

0.45000000000000023 3 0.0442705
1 0.9133044342266603 -0.0012747881712402221 0.00091451270039280325 -0.402751049916795 -0.0046419156688169315 0.0033300362594025968 
1 -0.44346289283609569 -0.063747121223597117 0.045731167959963848 -0.10719783886546076 1.7789111988007735 -1.2761625192926149 
1 -0.46984154139031625 0.065021909394767652 -0.046645680660365153 0.5099488887817718 -1.7742692831324092 1.272832483034158 

0.46000000000000024 3 0.0696216
1 0.90922369008041171 -0.0013211927824769841 0.00094780262831242995 -0.41341805262800063 -0.0046377190065777056 0.0033270256408496975 
1 -0.44491203009323993 -0.044019618782895217 0.031578972374776783 -0.19468711765022712 2.2195428891355267 -1.5922646655921351 
1 -0.46431165998769375 0.045340811565247142 -0.032526775003082632 0.60810517027736788 -2.2149051701295561 1.588937639951423 

0.47000000000000025 3 0.191525
1 0.90503566764292875 -0.0013675176530436118 0.00098103535154683559 -0.42420656649578781 -0.0046260837960277832 0.0033186787263808646 
1 -0.44804439790769157 -0.016525497726724826 0.011855128477146044 -0.55192025022081403 3.7407006982122297 -2.6835190144167114 
1 -0.45699126973668019 0.017893015379492755 -0.012836163828664919 0.97612681671672907 -3.7360746144150254 2.6802003356903432 

