0 3 0
1 1 0 0 0 0 0 
1 -0.67083605165061766 0.47283457809498741 0.19835402127637114 0 0 0 
1 -0.32916394834938234 -0.47283457809498741 -0.19835402127637114 0 0 0 

0.01 3 0.00326085
1 0.99996136648121647 -3.7480816947880249e-06 -1.5723196032507798e-06 -0.0077268272461599469 -0.00074961709591986325 -0.00031446423819568868 
1 -0.67080687594582167 0.47279271013004198 0.19833645767253488 0.0058352831144043013 -0.0083738184866898116 -0.0035128153633883848 
1 -0.32915449053539625 -0.47278896204834903 -0.19833488535293198 0.0018915441317556509 0.0091234355826096559 0.0038272796015840806 

0.02 3 0.00399399
1 0.99984545851473861 -1.499237212214815e-05 -6.2892974343818584e-06 -0.015455136643138309 -0.0014992432479461128 -0.00062893227542638755 
1 -0.67071934030063585 0.47266709270286839 0.19828376118421506 0.011672272638260584 -0.016750343854376241 -0.0070267662628726007 
1 -0.32912611821410737 -0.47265210033074961 -0.19827747188678005 0.00378286400487778 0.018249587102322263 0.0076556985382989834 

0.029999999999999999 3 0.00472903
1 0.99965225386269196 -3.3733006560635949e-05 -1.4150990242723259e-05 -0.023186411838410682 -0.0022488873620022058 -0.00094340784772540675 
1 -0.67057341910766854 0.472457685191632 0.19819591477055659 0.017512677980611582 -0.025132287950694158 -0.010542990318052451 
1 -0.32907883475503064 -0.47242395218507677 -0.19818176378031357 0.0056737338577990508 0.027381175312696421 0.011486398165777869 

0.040000000000000001 3 0.00618696
1 0.99938171543699839 -5.9970207968651432e-05 -2.515749155928383e-05 -0.030922139476224249 -0.0029985580428671375 -0.0012578945647959937 
1 -0.670369069637898 0.47216441981041396 0.19807288999538017 0.023358214563043968 -0.033522372578870287 -0.014062629324896549 
1 -0.32901264579910516 -0.4721044496024529 -0.19804773250382085 0.0075639249131803296 0.036520930621737287 0.015320523889692524 

0.050000000000000003 3 0.00729084
1 0.9990337912618692 -9.370428321200472e-05 -3.9308930114216539e-05 -0.038663810704642657 -0.0037482634416513591 -0.0015723958460275458 
1 -0.67010623196537544 0.47178720148453912 0.19791464697487612 0.029210606859476271 -0.041923334531487201 -0.017586831367405849 
1 -0.32892755929649931 -0.4716934972013363 -0.19787533804476165 0.0094532038451664371 0.045671597973138529 0.019159227213433307 

0.060000000000000005 3 0.00815296
1 0.99860841442120996 -0.00013493561775512503 -5.6605467609780396e-05 -0.046412922693016556 -0.0044980111009159159 -0.0018869148555230551 
1 -0.66978482886133572 0.47132590767523308 0.19772113430405197 0.035071591476482117 -0.050337930691934159 -0.02111675295767099 
1 -0.32882358555988139 -0.471190972057489 -0.19766452883644131 0.011341331216534837 0.054835941792850375 0.023003667813194014 

0.070000000000000007 3 0.00890779
1 0.99810550299074963 -0.00018366466878830948 -7.7047295837223231e-05 -0.054170980163424864 -0.0052478077966243153 -0.0022014544357980294 
1 -0.66940476565725326 0.47078038815284751 0.19749228896159479 0.040942920288188495 -0.058768943226975824 -0.024653561214153991 
1 -0.32870073733350386 -0.47059672348407044 -0.19741524166575564 0.013228059875236719 0.064016751023600216 0.026855015649951981 

0.080000000000000002 3 0.00963497
1 0.99752495995477597 -0.0002398919567551966 -0.00010063463312255955 -0.06193949693967557 -0.0059976593760959884 -0.0025160170398019128 
1 -0.66896593007619476 0.47015046471758748 0.1972280361927217 0.046826363640253117 -0.067219184894639031 -0.028198436088346195 
1 -0.32855902987859115 -0.46991057276084303 -0.1971274015595974 0.015113133299422748 0.073216844270735659 0.030714453128147967 

0.089999999999999997 3 0.0103638
1 0.99686667310731192 -0.00030361805523622376 -0.00012736772008268082 -0.069719997517537186 -0.0067475705911021321 -0.0028306046609018766 
1 -0.66846819203175589 0.46943593086648217 0.19692828936947548 0.052723713638014494 -0.075691504492595874 -0.031752572650363214 
1 -0.32839848107556457 -0.46913231281125539 -0.19680092164939092 0.016996283879522973 0.082439075083698618 0.034583177311264902 

0.099999999999999992 3 0.0110948
1 0.996130514937419 -0.00037484357913504713 -0.00015724681466956024 -0.077514018659948114 -0.0074975449252127277 -0.0031452187604549104 
1 -0.66791140339361976 0.46863655140506533 0.19659294982782016 0.058636787534636074 -0.084188792473406465 -0.035317183444539477 
1 -0.328219111543812 -0.46826170782593907 -0.19643570301314747 0.018877231125312196 0.091686337398620033 0.038462402204994216 

0.10999999999999999 3 0.0118139
1 0.99531634249844747 -0.00045356917110583547 -0.0001902721864765071 -0.085323111021050529 -0.0082475844144634103 -0.0034598601925775979 
1 -0.66729539771863589 0.46775206200195713 0.19622190668078549 0.064567431235933198 -0.092713986754438552 -0.038893500926687183 
1 -0.3280209447798223 -0.46729849283085595 -0.19603163449430497 0.020755679785117435 0.10096157116890263 0.042353361119264653 

0.11999999999999998 3 0.0125358
1 0.99442399726084663 -0.0005397954861497726 -0.00022644411027640174 -0.093148840803019065 -0.008997689460365452 -0.003774529125703877 
1 -0.66661998994623162 0.4667821686842325 0.1958150366067837 0.070517522939606281 -0.1012700787519594 -0.042482779995397589 
1 -0.32780400731462339 -0.46624237319808659 -0.19558859249650359 0.022631317863412877 0.11026776821232565 0.046257309121101223 

0.12999999999999998 3 0.0132608
1 0.99345330494827955 -0.00063352317429912167 -0.00026576285875766313 -0.1009927914497773 -0.0097478586342293581 -0.0040892249604987376 
1 -0.66588497605667774 0.4657265472712197 0.19537220361208191 0.076488976927803237 -0.10986011967089088 -0.046086300630591964 
1 -0.32756832889161308 -0.46509302409692432 -0.19510644075331984 0.024503814521974643 0.11960797830512138 0.050175525591090314 

0.13999999999999999 3 0.013993
1 0.99240407535653907 -0.00073475286129655011 -0.00030822869441923031 -0.10885656538185198 -0.010498088471711057 -0.0044039462436704334 
1 -0.66509013269053385 0.46458484274397432 0.19489325876629368 0.082483747533326573 -0.11848722708399986 -0.04970537065349042 
1 -0.3273139426660186 -0.46385008988268051 -0.19458503007187011 0.026372817848525732 0.12898531555571224 0.054109316897160489 

0.14999999999999999 3 0.0147212
1 0.99127610215494422 -0.00084348512716628157 -0.00035384186058115742 -0.11674178577677645 -0.011248373256422398 -0.0047186905771951651 
1 -0.66423521672753361 0.46335666854735408 0.19437803990960828 0.08850383330141133 -0.12715459183693192 -0.053341328623272705 
1 -0.32704088542742094 -0.46251318342019043 -0.19402419804902366 0.02823795247536497 0.13840296509335498 0.058060019200467508 

0.16 3 0.0154412
1 0.99006916266963219 -0.00095972048256150633 -0.00040260257146237086 -0.12465009839964335 -0.01199870479136958 -0.0050334545224355164 
1 -0.66331996482274413 0.46204160582127213 0.19382637133029235 0.09455128137082236 -0.13586548531851961 -0.056995546886971879 
1 -0.32674919784689799 -0.46108188533871275 -0.19342376875882683 0.030098817028820911 0.14786419010989027 0.06202900140940705 

0.17000000000000001 3 0.0161612
1 0.98878301764833199 -0.0010834593427598621 -0.00045451100127176411 -0.1325831734886232 -0.012749072156896631 -0.0053482334985977117 
1 -0.66234409289770635 0.46063920255722135 0.19323806341085809 0.10062819210014884 -0.1446232671392535 -0.060669434800589291 
1 -0.32643892475063768 -0.45955574321446435 -0.19278355240958392 0.031954981388474087 0.15737233929615169 0.066017668299186719 

0.18000000000000002 3 0.0168803
1 0.98741741100594438 -0.0012147019991650154 -0.00050956727225312417 -0.1405427077004715 -0.013499461453712926 -0.0056630216749318811 
1 -0.66130729558397983 0.45914897267579752 0.1926129122410826 0.10673672396755073 -0.15343139326470009 -0.064364442141065334 
1 -0.32611011542197205 -0.45793427067663556 -0.19210334496882631 0.0338059837329205 0.1669308547184139 0.070027463815996144 

0.19000000000000003 3 0.0176072
1 0.98597206955035133 -0.001353448588157595 -0.00056777144161809854 -0.14853042612131981 -0.014249855529476982 -0.0059778118560337677 
1 -0.66020924561620409 0.45757039502039237 0.19195069919586111 0.1128790987749564 -0.1622934246551776 -0.068082062730618884 
1 -0.32576282393415662 -0.45621694643223737 -0.19138292775424037 0.035651327346362394 0.17654328018465443 0.074059874586650712 

0.20000000000000004 3 0.018332
1 0.98444670268779255 -0.0014996990571229378 -0.00062912348729484129 -0.15654808434830841 -0.015000233687286533 -0.0062925953595565796 
1 -0.65904959317142597 0.45590291226172575 0.19125119047566005 0.11905760719083765 -0.17121303646804992 -0.071823838297108866 
1 -0.3253971095163759 -0.4544032132046058 -0.19062206698836232 0.037490477157469539 0.18621327015533662 0.078116433656663681 

0.21000000000000005 3 0.0191202
1 0.98284100210701864 -0.0016534531274658721 -0.00069362329241273756 -0.16459747064792912 -0.015750571374290638 -0.0066073618855837183 
1 -0.65782796515118735 0.45414592970729284 0.19051413660707806 0.1252746146692246 -0.18019402788480879 -0.075591362596494086 
1 -0.32501303695584283 -0.45249247657983005 -0.18982051331466249 0.03932285597870229 0.19594459925909871 0.082198724482076407 

0.22000000000000006 3 0.0198481
1 0.98115464144146847 -0.0018147102544042839 -0.00076127062843577909 -0.17268040819725206 -0.016500839848490809 -0.0069220993768519482 
1 -0.65654396440234319 0.45229881400912331 0.1897392719007551 0.13153256778668065 -0.18924033263169895 -0.079386285826234221 
1 -0.32461067703913954 -0.45048410375472198 -0.18897800127231834 0.041147840410569035 0.20574117248018831 0.086308385203084842 

0.23000000000000007 3 0.0207789
1 0.97938727590858721 -0.0019834695833129291 -0.00083206513684883803 -0.18079875741460683 -0.017251005821632217 -0.0072367938689442473 
1 -0.65519716887223467 0.45036089176256244 0.1889263138635589 0.13783400104357779 -0.19835603027015641 -0.083210319361625151 
1 -0.32419010703636558 -0.44837742217925308 -0.18809424872671021 0.042964756371028145 0.21560703609178775 0.090447113230567922 

0.24000000000000007 3 0.021807
1 0.97753854192534784 -0.0021597299023671961 -0.0009060063092916987 -0.18895441838663185 -0.018001031075901595 -0.0075514293294948595 
1 -0.65378713069332361 0.44833144798793845 0.18807496256164635 0.14418154418127019 -0.2075453583418756 -0.087065240850652009 
1 -0.32375141123204176 -0.44617171808557554 -0.18716895625235369 0.044772874205360177 0.22554638941777663 0.094616670180145857 

0.25000000000000006 3 0.0225399
1 0.97560805669903183 -0.0023434895912125965 -0.00098309346602594959 -0.19714933339905769 -0.018750872051945634 -0.0078659874853627496 
1 -0.65231337519183064 0.44620972448612728 0.18718489993061663 0.15057793007282072 -0.21681272546306921 -0.090952899707031118 
1 -0.32329468150721896 -0.44386623489491822 -0.1862018064645897 0.046571403326235356 0.23556359751501474 0.098818887192393054 

0.26000000000000006 3 0.0232708
1 0.97359541779209602 -0.0025347465653599022 -0.0010633257326087193 -0.20538548957904526 -0.019500479405495437 -0.0081804476366359544 
1 -0.65077539981433663 0.44399491805798141 0.18625578902857229 0.15702600325179156 -0.22616272547366173 -0.094875223045791574 
1 -0.32282001797778076 -0.44146017149262423 -0.18519246329596301 0.048359486327252253 0.2456632048791573 0.10305567068242696 

0.27000000000000007 3 0.0240009
1 0.97150020266006976 -0.0027334982159771502 -0.0011467020146354722 -0.21366492165738502 -0.020249797529634697 -0.0084947864562229143 
1 -0.64917267296560033 0.44168617857651504 0.18528727322739535 0.16352872915156547 -0.23560015275989402 -0.098834222111108164 
1 -0.32232752969448841 -0.43895268036054214 -0.18414057121275812 0.050136192505817266 0.2558499502895285 0.10732900856733049 

0.28000000000000008 3 0.0247247
1 0.96932196816115135 -0.0029397413447193625 -0.0012332209704010563 -0.22198971485940161 -0.020998764039467609 -0.0088089777736710551 
1 -0.64750463275010273 0.43928260689944598 0.18427897533705687 0.17008920413672862 -0.24513001888346089 -0.1028319992522195 
1 -0.32181733541106544 -0.43634286555473234 -0.18304575436665269 0.051900510722670587 0.26612878292292602 0.11164097702588917 

0.29000000000000009 3 0.0254426
1 0.96706025003627216 -0.0031534720932021912 -0.0013228809813139169 -0.23036200793401299 -0.021747309215637455 -0.0091229923417224957 
1 -0.64577068560894368 0.4367832526082886 0.18323049665717112 0.17671066641851751 -0.25475757066709254 -0.10687075551032474 
1 -0.32128956442734197 -0.43362978051509093 -0.18190761567585337 0.053651341515492737 0.27650487988272543 0.11599374785204548 

0.3000000000000001 3 0.0261717
1 0.96471456235807096 -0.0033746858666889095 -0.0014156801198828327 -0.23878399633099157 -0.022495355402800975 -0.0094367975839747594 
1 -0.64397020484272016 0.43418711155861872 0.18214141594933239 0.18339650795841328 -0.26448830990582678 -0.11095279888746293 
1 -0.32074435751536268 -0.43081242569193501 -0.18072573582944451 0.05538748837257651 0.2869836653086219 0.12038959647143631 

0.31000000000000011 3 0.0269005
1 0.96228439694735046 -0.0036033772515193787 -0.0015116161150783224 -0.24725793553717448 -0.023242816358787159 -0.0097503573218523654 
1 -0.64210252900994214 0.43149312322431443 0.18101128832301977 0.19015028747789775 -0.27432801489553005 -0.11508055337772084 
1 -0.32018186793742004 -0.42788974597280088 -0.17949967220793758 0.057107648059276109 0.29757083125430961 0.12483091069957192 

0.32000000000000012 3 0.0277555
1 0.95976922275532994 -0.0038395399257644832 -0.0016106863148522645 -0.25578614458311327 -0.023989596549743652 -0.010063631478921265 
1 -0.6401669601892882 0.42870016781652087 0.179839644027009 0.19697574470860812 -0.28428276399597407 -0.11925656885193939 
1 -0.31960226256605018 -0.42486062789076312 -0.17822895771215252 0.058810399874503184 0.30827236054570983 0.12932020033086053 

0.33000000000000013 3 0.0289955
1 0.95716848520991094 -0.004083166562540862 -0.0017128876455783895 -0.26437100973241129 -0.02473559038610753 -0.010376575760378684 
1 -0.63816276209251988 0.42580706315579753 0.17862598713723579 0.20387681603587621 -0.29435896147567031 -0.12348353189961814 
1 -0.31900572311739683 -0.42172389659326609 -0.17691309949165465 0.060494193696532222 0.31909455186176933 0.13386010765999706 

0.34000000000000014 3 0.0305204
1 0.95448160552408978 -0.0043342487253659459 -0.0018182165681537585 -0.27301498836691285 -0.025480681393715909 -0.010689141305333952 
1 -0.6360891580132606 0.42281256127326367 0.17736979413097723 0.21085765171056528 -0.30456336592033678 -0.1277642777462627 
1 -0.31839244751083362 -0.41847831254790646 -0.17555157756282 0.062157336656343307 0.33004404731404252 0.13845341905159766 

0.35000000000000014 3 0.0312476
1 0.95170797996447698 -0.004592776754873816 -0.0019266690304760923 -0.2817206130817701 -0.026224741313790718 -0.011001274309252688 
1 -0.63394532859500452 0.4197153447134912 0.1760705123359152 0.21792263482970659 -0.3149031215273021 -0.1321018033813795 
1 -0.31776265136947646 -0.41512256795862434 -0.17414384330543561 0.063797978252059712 0.34112786284108337 0.14310307769063246 

0.36000000000000015 3 0.0319736
1 0.94884697907776727 -0.0048587396461470126 -0.0020382404159844615 -0.29049049600545446 -0.02696762912489194 -0.011312915613665783 
1 -0.63173040939953173 0.41651402250852954 0.17472755824124292 0.22507640231639373 -0.32538579265533196 -0.13649928205212242 
1 -0.31711656967824114 -0.41165528286238895 -0.17268931782525473 0.065414093689056707 0.35235342178021717 0.14781219766578854 

0.37000000000000016 3 0.0327055
1 0.94589794687280626 -0.0051321249158460831 -0.0021529254879201981 -0.29932733336081091 -0.027709189979209178 -0.011624000259944414 
1 -0.62944348825442609 0.41320712578839819 0.17334031565626454 0.23232386816464845 -0.33601940205466935 -0.14096007930078788 
1 -0.316454458618387 -0.40807500087256043 -0.17118739016834075 0.067003465196159823 0.36372859203387026 0.15258407956073278 

0.38000000000000017 3 0.0334356
1 0.94286019995576753 -0.005412918458239083 -0.002270718328931276 -0.30823391028444419 -0.028449254044771569 -0.011934457003606987 
1 -0.62708360235556493 0.40979310298887173 0.17190813370006547 0.23967024925649114 -0.34681247326702785 -0.14548777075160899 
1 -0.31577659760020399 -0.40438018453064245 -0.16963741537112981 0.068563661027950668 0.37526172731178925 0.15742222775521705 

0.39000000000000018 3 0.0341556
1 0.93973302661577818 -0.0057011043891442995 -0.00239161227560629 -0.31721310592292101 -0.02918763524425896 -0.012244207785250807 
1 -0.62464973509712962 0.40627031461208946 0.17043032460358259 0.24712109410761701 -0.35777407776188047 -0.15008616188441379 
1 -0.31508329151864978 -0.40056921022295555 -0.16803871232797216 0.070092011815300365 0.38696171300613158 0.16233036966966607 

0.40000000000000019 3 0.0348785
1 0.9365156858581033 -0.005996664876701677 -0.0025155998474831434 -0.32626789882560148 -0.029924129880108636 -0.01255316715378476 
1 -0.62214081259777143 0.40263702748942098 0.16890616130288558 0.25468231495637073 -0.36891388746589782 -0.15475931007071519 
1 -0.31437487326033375 -0.39664036261273028 -0.1663905614553981 0.071585583869228683 0.39883801734599655 0.16731247722450196 

0.4100000000000002 3 0.0356026
1 0.93320740638185451 -0.0062995799577796295 -0.0026426726700316664 -0.33540137265536918 -0.030658515134507444 -0.012861241637175828 
1 -0.61955569988723713 0.39889140848894789 0.16733487479946069 0.26236022368024414 -0.38024223344985103 -0.15951154919286215 
1 -0.31365170649461793 -0.39259182853117952 -0.16469220212942476 0.073041148975123829 0.41090074858434816 0.17237279083003954 

0.42000000000000021 3 0.0366535
1 0.92980738549887365 -0.0066098273387041771 -0.0027728213910596139 -0.34461672223993184 -0.031390547431622229 -0.013168329055405411 
1 -0.61689319671234022 0.39503151760161859 0.16571565125985663 0.27016157210719788 -0.39177017166532824 -0.16434751722057761 
1 -0.31291418878653571 -0.38842169026292345 -0.16294282986879183 0.0744551501327326 0.42316071909694092 0.17751584627598466 

0.43000000000000022 3 0.0373895
1 0.92631478799032763 -0.0069273821788636567 -0.002906035589934785 -0.35391725998808382 -0.032119960648048229 -0.013474317769752666 
1 -0.61415203291510734 0.39105530033050845 0.16404762882298043 0.2780935973889016 -0.40350955677653272 -0.16927218718338174 
1 -0.31216275507522095 -0.38412791815165359 -0.16114159323304039 0.075823662599178721 0.43562951742457212 0.18274650495313591 

0.44000000000000022 3 0.0381176
1 0.92272874489719514 -0.0072522168555948516 -0.003042303678954921 -0.36330642269693453 -0.032846464155917965 -0.013779085861878948 
1 -0.61133086332868181 0.38696057929626115 0.16232989407857884 0.28616407322326332 -0.41547312531609337 -0.174290902054443 
1 -0.31139788156851506 -0.37970836244067363 -0.1592875903996179 0.077142349473667798 0.44831958947200196 0.1880699879163239 

0.45000000000000023 3 0.0388517
1 0.91904835224061732 -0.0075843007085926008 -0.0031816127961274408 -0.3727877787779223 -0.033569740681398404 -0.014082500235467848 
1 -0.60842826212790313 0.38274504495839018 0.16056147817483049 0.29438136785923719 -0.42767458961510202 -0.17940941415421208 
1 -0.31062009011271796 -0.37516074424980256 -0.15737986537869642 0.078406410918682251 0.46124433029649298 0.19349191438968216 

0.46000000000000024 3 0.0395827
1 0.9152726696677691 -0.0079235997619017829 -0.0033239486885452154 -0.38236503593129401 -0.034289443959392464 -0.014384415632372723 
1 -0.60544271656142834 0.37840624533639622 0.15874135250635257 0.30275450999407705 -0.44012874422543546 -0.18463392979456539 
1 -0.30982995310634925 -0.37048264557450095 -0.15541740381780011 0.079610525937215362 0.47441818818482101 0.19901834542694088 

0.47000000000000025 3 0.0403106
1 0.91140071901861142 -0.0082700764213497948 -0.0034692955854595513 -0.39204204930072734 -0.035005196163121484 -0.014684673554327296 
1 -0.60237261997993574 0.37394157459583582 0.15686842392605982 0.31129326388964146 -0.45285158687807298 -0.18997116002080017 
1 -0.30902809903868012 -0.36567149817449185 -0.15339912834059277 0.080748785411085031 0.48785678304118779 0.2046558335751292 

0.48000000000000026 3 0.0410385
1 0.90743148280854558 -0.0086236891450513567 -0.0036176360600569885 -0.40182283014171644 -0.035716585084889042 -0.014983101080276338 
1 -0.59921626406063255 0.36934826034212975 0.1549415294149184 0.32000821530019657 -0.46586045641895441 -0.19542837847569747 
1 -0.30821521874792129 -0.36072457119708407 -0.15132389335485516 0.08181461484152211 0.5015770415038352 0.21041147955597486 

0.49000000000000027 3 0.0417645
1 0.90336390262170163 -0.008984392084368473 -0.0037689508788420604 -0.41171155503948714 -0.036423161041660934 -0.015279509568267131 
1 -0.59597183011051069 0.36462334943815866 0.15295943013243599 0.32891087013240383 -0.47917419065236355 -0.20101348761479851 
1 -0.30739207251120193 -0.3556389573537978 -0.14919047925358705 0.082800684907085864 0.51559735169401555 0.2162929971830676 

0.50000000000000022 3 0.0427785
1 0.89919687740911014 -0.0093521346924289022 -0.0039232188374108655 -0.42171257571421633 -0.037124433476144206 -0.015573693229602698 
1 -0.59263737930988003 0.3597636921294467 0.15092080475716746 0.3380137681655917 -0.49281330762462322 -0.20673509475487972 
1 -0.30655949809924687 -0.35041155743702995 -0.1469975859197494 0.083698807548630155 0.52993774110074965 0.22230878798448658 

0.51000000000000023 3 0.0438104
1 0.89492926168572129 -0.0097268612969997163 -0.0040804165812715256 -0.43183042945341998 -0.037819867220741481 -0.015865427561571277 
1 -0.58921084173179228 0.3547659242218405 0.14882424201026953 0.34733061466920212 -0.50680021462926628 -0.21260259975158916 
1 -0.30571841995393551 -0.34503906292485836 -0.14474382542899228 0.084499814784228106 0.54462008184998101 0.22846802731316204 

0.52000000000000024 3 0.0448775
1 0.89055986361980422 -0.010108510634162987 -0.0042405184102215325 -0.44206985021334166 -0.03850887838811063 -0.016154467623536884 
1 -0.58569000394169413 0.34962644700923862 0.14666823223517034 0.35687643339307112 -0.52115945014803844 -0.21862629649365117 
1 -0.30486985967811375 -0.33951793637510114 -0.14242771382494435 0.085193416820278645 0.5596683285361258 0.23478076411718701 

0.53000000000000025 3 0.0462046
1 0.8860874430078064 -0.010497015338866074 -0.0044034960646332239 -0.45243578043290578 -0.03919082984797561 -0.016440546139462012 
1 -0.58207249494275293 0.34434140459117585 0.14445115788231114 0.36666774521451101 -0.53591796511596534 -0.22481749089349448 
1 -0.30401494806506008 -0.3338443892523385 -0.14004766181767483 0.085768035218411059 0.57510879496390044 0.24125803703295537 

0.54000000000000026 3 0.0477526
1 0.88151070912733798 -0.010892301387985954 -0.0045693184918196026 -0.46293338360550396 -0.039865026245360397 -0.016723371408057814 
1 -0.57835577018484641 0.33890665814905818 0.14217128271803225 0.37672277775427043 -0.55110545138047962 -0.23118863867584452 
1 -0.30315493894249329 -0.3280143567610983 -0.13760196422621088 0.086210605851252717 0.5909704776257988 0.24791201008390104 

0.55000000000000027 3 0.0492797
1 0.87682831846038756 -0.011294287491075975 -0.0047379515904528895 -0.47356805765476695 -0.040530708510447891 -0.017002624999671555 
1 -0.57453709329560809 0.33331775666210856 0.13982673953990435 0.38706171259219063 -0.5667547271126383 -0.23775350705760612 
1 -0.30229122516478962 -0.32202346917105779 -0.13508878794945048 0.08650634506259243 0.60728543562304116 0.25475613205726749 

0.56000000000000028 3 0.0508087
1 0.87203887227867261 -0.011702884423444101 -0.0049093579307906178 -0.48434544916126693 -0.041187047804837576 -0.017277959216742512 
1 -0.57061351511732439 0.32756990343486109 0.13741551613504166 0.39770697841681457 -0.58290219134757781 -0.24452736542752607 
1 -0.30142535716136448 -0.31586701901144365 -0.1325061582042506 0.086638470744469079 0.62408923915236625 0.26180532464425577 

0.57000000000000028 3 0.0523555
1 0.8671409140821803 -0.012117994295621701 -0.0050834964482181656 -0.4952714684867045 -0.041833138843044369 -0.017548994292170279 
1 -0.56658184953987178 0.32165791767139718 0.13493543916047701 0.4086836006620207 -0.59958836295856566 -0.25152721144572737 
1 -0.30055906454231757 -0.30953992337580083 -0.12985194271225939 0.086587867824703665 0.64142150180155533 0.26907620573788715 

0.58000000000000029 3 0.0538425
1 0.86213292688182108 -0.012539509752645721 -0.0052603221073475983 -0.50635230584067126 -0.042467992521661287 -0.017815315297252294 
1 -0.56243864550013711 0.31557619015889238 0.13238415555242999 0.42001962109879987 -0.61685852344246594 -0.25877204069208415 
1 -0.29969428138169396 -0.30303668040626952 -0.1271238334450823 0.086332684741891111 0.65932651596406733 0.27658735598932471 

0.5900000000000003 3 0.0548596
1 0.85701333031655835 -0.01296731309586301 -0.0054397855336150635 -0.51759444833214596 -0.043090527781751486 -0.018076468727956554 
1 -0.55818015436546309 0.30931863190390113 0.12975911097923151 0.43174660471538207 -0.63476348824849016 -0.2662831702384798 
1 -0.29883317595111203 -0.29635131880806215 -0.12431932544561826 0.085847843616780273 0.67785401603018069 0.28435963896642596 

0.60000000000000031 3 0.0558846
1 0.85178047759488118 -0.01340127531918844 -0.0056218326089905726 -0.52900469804264449 -0.04369956262278761 -0.018331958735273109 
1 -0.55380229172060991 0.3028786142834699 0.12705752473473964 0.44390025639461866 -0.65336053848624975 -0.27408462950020235 
1 -0.29797818587429464 -0.28947733896431393 -0.12143569212574902 0.085104441648036808 0.69706010110897987 0.29241658823545658 

0.61000000000000032 3 0.0569036
1 0.84643265225038833 -0.013841255050890231 -0.0058064040280580882 -0.54059019115006113 -0.044293804179021956 -0.018581242962250277 
1 -0.54930059231961093 0.29624889890978734 0.12427636031654984 0.45652117690205107 -0.67271455436972893 -0.28220363571544482 
1 -0.29713205993081143 -0.28240764385893424 -0.11846995628849191 0.084069014248026597 0.71700835854868961 0.30078487867767389 

0.62000000000000033 3 0.0579157
1 0.84096806470070173 -0.014287097391053577 -0.0059934348103307363 -0.55235841812014064 -0.044871837761696405 -0.018823727947206485 
1 -0.54467015662299201 0.289421554932076 0.12141229073417668 0.46965579728513052 -0.69289940465292177 -0.29067117681335725 
1 -0.29629790807775364 -0.27513445754105997 -0.1154188559238449 0.082702620835025109 0.73777124241455583 0.30949490476054459 

0.63000000000000034 3 0.0593367
1 0.83538484859924411 -0.014738632633865746 -0.006182853764250206 -0.56431724496537905 -0.04543211476349112 -0.019058764049647195 
1 -0.53990558688764645 0.28238786087347145 0.11846165732962867 0.48335754406857356 -0.71399966399450288 -0.29952273184818951 
1 -0.29547926171165662 -0.26764922823964366 -0.11227880356537646 0.080959700896834436 0.75943177875792167 0.31858149589781443 

0.64000000000000035 3 0.0606565
1 0.82968105696904804 -0.015195674862801095 -0.0063745828978674698 -0.57647493554718587 -0.045972939315568791 -0.019285639852897163 
1 -0.53500091016420459 0.27513818726514944 0.11542042054244994 0.49768830628259375 -0.73611275473264171 -0.30879916947343305 
1 -0.29468014680489785 -0.25994251240238025 -0.1090458376445822 0.078786629264629413 0.78208569404812678 0.32808480932630629 

0.65000000000000036 3 0.0616825
1 0.82385465810865532 -0.015658020405669257 -0.006568536770734771 -0.58884017486315621 -0.046492453583432902 -0.019503575995715592 
1 -0.52994948472229086 0.26766185521254554 0.11228410057827527 0.51272030192796292 -0.75935164409150413 -0.31854787941951218 
1 -0.29390517338641475 -0.25200383480691463 -0.10571556380754099 0.076119872935230148 0.80584409767484755 0.3380514554152067 

0.66000000000000036 3 0.0626926
1 0.81790353126056936 -0.016125446135334304 -0.0067646217810583388 -0.6014220932151414 -0.046988621586992331 -0.019711718384817587 
1 -0.52474388526710092 0.25994696448659232 0.10904770529312906 0.52853847991778036 -0.78384827717643524 -0.32882421263461664 
1 -0.29315964599351502 -0.24382151835129875 -0.10228308351207267 0.072883613297411332 0.830836898763332 0.34853593101941616 

0.67000000000000037 3 0.0637197
1 0.81182546203432304 -0.016597707600795583 -0.0069627353816868274 -0.61423029109002836 -0.047459211434733702 -0.019909130742110589 
1 -0.51937576068682234 0.25198018259381699 0.10570564170837585 0.54524365010084563 -0.80975799773791368 -0.33969333579439509 
1 -0.29244970134755283 -0.23538247499306403 -0.098742906326690388 0.06898664098922766 0.8572172091725595 0.3596024665364892 

0.68000000000000038 3 0.0647268
1 0.80561813757821521 -0.0170745369722651 -0.0071627652180720758 -0.62727486449703784 -0.047901775874859137 -0.020094786445901177 
1 -0.51383565574891199 0.24374648326532283 0.10225160630688908 0.56295661878835457 -0.83726531453398934 -0.3512326502899798 
1 -0.29178248182934508 -0.22667194629310169 -0.095088841088817572 0.064318245708721869 0.88516709040875141 0.37132743673586366 

0.69000000000000039 3 0.0657468
1 0.7992791414967928 -0.017555640783032799 -0.0073645881809813896 -0.64056643038578187 -0.048313631092337758 -0.020267559636261971 
1 -0.50811278478733191 0.23522881848438229 0.098678447448689782 0.581823737038213 -0.8665915306549814 -0.36353499272832629 
1 -0.29116635670950353 -0.21767317770139585 -0.091313859267707978 0.058742693347614332 0.91490516174721148 0.38380255236457794 

0.7000000000000004 3 0.0667579
1 0.79280594851607822 -0.018040697450399525 -0.0075680693665298041 -0.65411615160238124 -0.048691833727204398 -0.020426215574212387 
1 -0.5021947404110515 0.2264077018605202 0.094977990596444406 0.60202447228915301 -0.89800499890811003 -0.37671293706427084 
1 -0.29061120810505098 -0.20836700441016964 -0.087409921229913451 0.052091679313283658 0.94669683263518711 0.39713915263847427 

0.71000000000000041 3 0.067838
1 0.78619591890449514 -0.018529354558078096 -0.0077730609361477141 -0.66793576061053861 -0.049033156166983879 -0.020569400276894384 
1 -0.4960671126571144 0.2172606717388727 0.091140813089937475 0.62378194062461978 -0.93183515415350937 -0.39090468116294397 
1 -0.2901288062474045 -0.19873131718084691 -0.083367752153788721 0.044153819985970955 0.98086831032035637 0.41147408143983072 

0.72000000000000042 3 0.0692339
1 0.77944629266732623 -0.019021225883563912 -0.0079794008695629279 -0.68203758088050426 -0.049334060291948853 -0.020695629503711389 
1 -0.48971298216974823 0.20776158804009287 0.087155949170537803 0.64737787705429084 -0.96849210231903027 -0.40628226438802312 
1 -0.28973331049759654 -0.1887403621565735 -0.079176548300978075 0.034659703826303435 1.0178261626108998 0.42697789389174157 

0.73000000000000043 3 0.0705919
1 0.77255418354506566 -0.019515888156692942 -0.0081869116050179262 -0.69643454438937646 -0.049590670053140475 -0.020803277252815236 
1 -0.48311223202368048 0.19787969423332008 0.083010496479031873 0.67317444354183376 -1.0084945973064778 -0.42306330390891334 
1 -0.28944195152142915 -0.17836380607667021 -0.074823584874018426 0.023260100847655001 1.0580852673595422 0.44386658116172961 

0.74000000000000044 3 0.0719459
1 0.7655165728651262 -0.020012877540886719 -0.0083953985631502661 -0.71114020301225733 -0.049798743583676454 -0.02089056406180655 
1 -0.47624059144057196 0.18757833928470016 0.07868907991325276 0.70164690886338654 -1.0525110577705763 -0.441528201232182 
1 -0.28927598142457311 -0.16756546174386477 -0.070293681350108383 0.0094932941489777479 1.1023098013541568 0.46241876529395609 

0.75000000000000044 3 0.0733039
1 0.75833030332301321 -0.020511685837955516 -0.008604648554909021 -0.72616873060681508 -0.04995364605770828 -0.02095554562206807 
1 -0.46906827078974639 0.17681319315062582 0.074173103027791842 0.73343425634904147 -1.1014215580174298 -0.46204614737241945 
1 -0.28926203253325183 -0.15630150731271547 -0.065568454472890822 -0.007265525742153443 1.1513752040750387 0.4830016929944439 

0.76000000000000045 3 0.0746331
1 0.7509920728078413 -0.021011756433286479 -0.0088144280805639609 -0.74153491111532732 -0.050050325346104589 -0.020996102566326166 
1 -0.46155795069117 0.16552968242690722 0.069439672289325932 0.76942064770247054 -1.1564149277030511 -0.48511585615857516 
1 -0.28943412211665981 -0.14451792599365945 -0.060625244208769941 -0.027885736587084757 1.2064652530490585 0.50611195872488446 

0.77000000000000046 3 0.0766501
1 0.7434984284447177 -0.021512480025111639 -0.009024481538131365 -0.75725410569948282 -0.050083293905338819 -0.02100993287105268 
1 -0.45366170577966108 0.15365917688972183 0.06445999733118539 0.81087277181904982 -1.2191474731104013 -0.51143214778127966 
1 -0.28983672266506944 -0.13214669686466207 -0.055435515793061989 -0.053618666119487235 1.2692307670156333 0.53244208065231158 

0.78000000000000047 3 0.0786762
1 0.73584576111291933 -0.02201319022667898 -0.0092345293784884645 -0.77334218816220679 -0.050046622719522905 -0.020994549315135683 
1 -0.44531607789323419 0.14111307776314361 0.059196910982641952 0.85968487050781073 -1.2920162362585663 -0.5420005809405517 
1 -0.29052968321971462 -0.11909988753650592 -0.049962381604163629 -0.086342682345547581 1.3420628589779988 0.56299513025564218 

0.79000000000000048 3 0.0804124
1 0.72803030083680631 -0.022513159207643765 -0.0094442662769340588 -0.78981543145627464 -0.049933957403007254 -0.020947286234928177 
1 -0.43643372179725137 0.12777316824462964 0.053600821316091861 0.91884780561494694 -1.3786607914644891 -0.57834795641378711 
1 -0.29159657903956532 -0.10526000903701335 -0.044156555039173484 -0.12903237415869176 1.4285947488675175 0.59929524264876632 

0.80000000000000049 3 0.0821583
1 0.7200481136692588 -0.023011593678489387 -0.0096533594486605968 -0.80669031622353882 -0.049738574791149612 -0.020865323264058433 
1 -0.42688816245474437 0.11347479185465345 0.047602654967715707 0.99343248162322217 -1.484964097282006 -0.62294217426659604 
1 -0.29315995121441146 -0.090463198176207585 -0.037949295519079919 -0.1867421653998142 1.5347026720733894 0.6438074975306457 

0.8100000000000005 3 0.0851614
1 0.71189510108507614 -0.023507631779938573 -0.0098614473438520117 -0.82398320850655316 -0.04945351556583092 -0.020745740969818828 
1 -0.41648312530734055 0.09797485545991691 0.041100434411425489 1.0929197561362749 -1.6212812384304529 -0.68012719069384453 
1 -0.29541197577720296 -0.074467223680038927 -0.031238987067610739 -0.26893654762932068 1.6707347539972521 0.70087293166386355 

0.82000000000000051 3 0.0883975
1 0.70356700365795932 -0.024000341967965157 -0.010068139179954255 -0.84170979988128503 -0.049071869397523157 -0.020585640470208642 
1 -0.40488165597409664 0.080883071574735177 0.033930434116463112 1.2377760060535974 -1.8082377327092212 -0.75855540673765331 
1 -0.29868534768308452 -0.056882729606858438 -0.023862294936542024 -0.39606620617146915 1.8573096021080662 0.77914104720812294 

0.83000000000000052 3 0.0919466
1 0.69505941245991787 -0.024488726226736302 -0.010273016289497165 -0.85988405815339897 -0.048587406929888652 -0.020382408551291632 
1 -0.39140292870848881 0.061484094733002502 0.025792566787220819 1.4839489536120465 -2.0959168186494166 -0.87923673204157426 
1 -0.30365648375018478 -0.036995368506342621 -0.015519550497756726 -0.62406489546079802 2.144504225581175 0.8996191405912175 

0.84000000000000052 3 0.129158
1 0.68636779612487631 -0.024971733641835206 -0.010475637814075107 -0.87851592087514108 -0.047996224404363505 -0.020134407587199855 
1 -0.37414976478768353 0.038097973501535994 0.015982093096831081 2.080488755463247 -2.6627093261629482 -1.1170060879704125 
1 -0.31221803133617215 -0.013126239859712632 -0.0055064552827642568 -1.2019728345923872 2.7107055505689646 1.1371404955560105 

0.85000000000000053 3 2.64127
1 0.67748756939080546 -0.025448310140273198 -0.010675561570274853 -0.89760459505319146 -0.047304946988387379 -0.019844416834295626 
1 -0.33214403073884952 0.012827315391202149 0.0053810565214030808 5.7338976407257558 6.3441134584030827 2.6613544656114052 
1 -0.34534353865164935 0.012620994749032038 0.0052945050487948403 -4.8362930457171469 -6.2968085114072325 -2.6415100487842129 

0.86000000000000054 3 4.10945
1 0.66841409728996204 -0.025917600202473794 -0.010872428667758564 -0.91716843304162543 -0.046540522420067391 -0.019523740864053306 
1 -0.31851795906553448 0.0527976265871637 0.022148594947524674 0.57522086276218487 2.9428805047904696 1.2345378474887345 
1 -0.34989613822676752 -0.026880026384654813 -0.011276166279924621 0.34194757022845473 -2.8963399823621674 -1.2150141066374995 

0.87000000000000055 3 4.17758
1 0.65914267590073161 -0.026378896234837957 -0.011065942271047185 -0.93719151018936231 -0.045708569489525293 -0.019174736757857549 
1 -0.31397211420566717 0.078490553256876067 0.032926773108267526 0.38017074643603921 2.2898683104819937 0.96059934831311244 
1 -0.34517056169992716 -0.052111657022224915 -0.021860830837531608 0.55702076370197562 -2.2441597409939456 -0.94142461156988977 

0.88000000000000056 3 4.18167
1 0.64966874513828188 -0.026831586450903631 -0.011255845736029765 -0.95767150961899905 -0.044820977621836129 -0.01880239212747116 
1 -0.31049898448717728 0.099600051894755126 0.041782204026144777 0.32415951041289898 1.9602944185262396 0.82234315934975932 
1 -0.33916976065573878 -0.072768465443868682 -0.030526358290592095 0.63351199915439338 -1.915473440908027 -0.80354076723666912 

0.89000000000000057 3 4.18504
1 0.63998768607653933 -0.027275159225334022 -0.011441924435883058 -0.97861956798454619 -0.043886377597906333 -0.018410327583919216 
1 -0.30737344244998505 0.11807410339750214 0.049532065340430635 0.30443243996564862 1.7474123652592422 0.73303917592861634 
1 -0.33261424363150827 -0.090798944172241963 -0.038090140905167616 0.67418712796652669 -1.7035259876653348 -0.71462884835905771 

0.90000000000000058 3 4.18769
1 0.63009473863879883 -0.027709181806647575 -0.011623996831423549 -1.0000522873937461 -0.042912103360708435 -0.018001619714990959 
1 -0.30436315062704866 0.13473962648556351 0.056523249306946431 0.2992352570055461 1.5928744124493037 0.66821053225502292 
1 -0.32573158801710761 -0.10703044467903193 -0.044899252476285775 0.70081703033569986 -1.5499623090927541 -0.65020891255465318 

0.91000000000000059 3 4.19032
1 0.6199849575314802 -0.028133291842175737 -0.011801910915772127 -1.0219899457343165 -0.041904992440374322 -0.017579136863338996 
1 -0.30136520341805312 0.1500448306398178 0.062943779723044171 0.30121872717569781 1.4726636318006505 0.61778213118779901 
1 -0.31861975411930032 -0.12191153879774855 -0.051141868808183555 0.72077121850616965 -1.4307586393641716 -0.60020299433912228 

0.9200000000000006 3 4.19293
1 0.60965317919859674 -0.028547194760422737 -0.011975543116241296 -1.0444558541689675 -0.040871821175712107 -0.01714572170188617 
1 -0.29832545762767049 0.16426668291265648 0.068909844217912228 0.30724551358015806 1.3747484848071025 0.57670674446719428 
1 -0.31132772157731797 -0.13571948815238369 -0.056934301102722851 0.73721034053640166 -1.3338766636350481 -0.55956102277993014 

0.9300000000000006 3 4.19554
1 0.59909399290629883 -0.02895066472939899 -0.012144798696347275 -1.067476115992716 -0.039819605344157204 -0.016704317348022496 
1 -0.2952120411010285 0.17759111598913269 0.074499441519768367 0.31576973678368286 1.2923101312345562 0.54212386982948768 
1 -0.30388195181221211 -0.1486404512599053 -0.062354642824616086 0.75170637915657601 -1.2524905258941417 -0.52541955249622851 

0.94000000000000061 3 4.19762
1 0.58830171321068236 -0.029343548318545933 -0.012309613292002345 -1.0910795707815502 -0.038755848963729037 -0.01625807173596093 
1 -0.29200457194305485 0.19015028875532122 0.079768012257786555 0.32595228675295712 1.2211387176649096 0.51226747451587173 
1 -0.29629714127504198 -0.1608067404369862 -0.067458398967127034 0.76512728397610608 -1.1823828687049467 -0.49600940279467537 

0.95000000000000062 3 4.19969
1 0.57727035242492775 -0.029725770558120677 -0.012469955453412207 -1.1152978416996959 -0.037688779567950602 -0.015810436314553686 
1 -0.28868911384706286 0.20204212525209361 0.084756635549660467 0.33730533156833598 1.1584653529446549 0.48597600918069089 
1 -0.28858123858576978 -0.17231635469422416 -0.072286680097739656 0.77799251007885573 -1.1207765733804351 -0.47016557288090655 

0.96000000000000063 3 4.20172
1 0.56599359226047508 -0.030097343379761742 -0.012625830185894756 -1.1401654493089963 -0.036627592184479529 -0.015365268396264297 
1 -0.2852555687863948 0.21334148901791336 0.089496716636447413 0.34953084603997242 1.1023774034069298 0.46244712434142532 
1 -0.2807380234825459 -0.18324414563843114 -0.076870886452193615 0.79063460321652934 -1.0657498112261368 -0.44708185595989769 

0.97000000000000064 3 4.20375
1 0.5544647540782307 -0.030458376608737781 -0.012777283561133938 -1.1657199735891866 -0.035582718140945845 -0.014926943921175214 
1 -0.28169622449567433 0.22410700544425641 0.094012848859425541 0.36244023664699382 1.0515006249604664 0.44110432484657058 
1 -0.27276852959156606 -0.19364862883582515 -0.081235565300079804 0.803279736889709 -1.0159179068231889 -0.42617738094013907 

0.98000000000000065 3 4.20599
1 0.54267676732229131 -0.030809091828021117 -0.012924408533144874 -1.1920022540569208 -0.034566132983798292 -0.014500486628889375 
1 -0.27800489610844081 0.23438544513679746 0.09832465247935078 0.37591137899171367 1.004814826163033 0.42151964056788283 
1 -0.26467187122339508 -0.20357635330913756 -0.085400243948139359 0.81609087501280442 -0.97024869318287355 -0.40701915395375304 

0.99000000000000066 3 4.20796
1 0.53062213579000694 -0.031149839577756563 -0.013067352153456632 -1.2190566215631835 -0.033591718211780558 -0.014091719805658353 
1 -0.27417639399401311 0.24421465748459445 0.10244800530817758 0.38986430129781163 0.96154124262975194 0.40336637998466601 
1 -0.25644574180604296 -0.21306481790722559 -0.089380653156805587 0.8291923202129361 -0.92794952442160727 -0.38927466019373974 

1.0000000000000007 3 4.20899
1 0.51829290144656692 -0.031481120509310165 -0.013206324445227994 -1.2469311566739165 -0.032675693459028536 -0.013707447585111408 
1 -0.27020618035521499 0.25362560004484441 0.10639589403564105 0.40424675681146766 0.92107068563992933 0.38638898853707143 
1 -0.24808672110192229 -0.22214447953595443 -0.093189569592646043 0.84268439981000365 -0.88839499218454454 -0.3726815409666876 

1.0100000000000007 3 4.21
1 0.5056806055450922 -0.031803611294511189 -0.013341609272170681 -1.2756779693092737 -0.031837139005166173 -0.013355674141152997 
1 -0.26609013995025949 0.26264378091792312 0.11017901930530685 0.41902531446105851 0.88291599245607766 0.37038310154352216 
1 -0.2395904656059267 -0.2308401696238675 -0.096837410035515492 0.85665265479576147 -0.8510788534545447 -0.35702742741709154 

1.0200000000000007 3 4.21103
1 0.49277624687142885 -0.032118196311342315 -0.01347357763069101 -1.3053534927240185 -0.031098633097920984 -0.013045871044683213 
1 -0.26182442246195581 0.27129030670939058 0.11380623533444298 0.43417966047884937 0.84667954324813144 0.35518191755614209 
1 -0.23095182442109469 -0.23917211039853628 -0.10033265770628001 0.87117383219270594 -0.8155809101538577 -0.34213604652618029 

1.0300000000000007 3 4.21207
1 0.47957023701755325 -0.032426006401711081 -0.013602703908768143 -1.3360187818248719 -0.030487034775703678 -0.012789305657531218 
1 -0.25740533139661692 0.27958265739288707 0.11728487496888207 0.44969883283766227 0.81203043574756684 0.34064662313223443 
1 -0.22216490563308189 -0.24715665099170478 -0.10368217106279179 0.8863199489347573 -0.781543400975513 -0.32785731748941832 

1.0400000000000007 3 4.21323
1 0.46605235270992418 -0.03272846634283403 -0.013729585800190236 -1.3677398008039741 -0.030034451044998821 -0.012599446863198372 
1 -0.25282924420257125 0.28753526689563502 0.12062099323852138 0.46557864940169391 0.77868802830052475 0.32665948914799242 
1 -0.21322310852002374 -0.25480680055336841 -0.10689140744115536 0.90216115134983277 -0.74865357725917636 -0.31406004229950807 

1.0500000000000007 3 4.21447
1 0.45221168540545142 -0.033027353113216452 -0.013854968747124405 -1.4005876773870414 -0.029779437915335872 -0.012492468900814449 
1 -0.24809255407612862 0.29515996198444694 0.1238195514699279 0.48181988468620163 0.74640978422525228 0.31311877150863404 
1 -0.20411913134251275 -0.26213260887182793 -0.10996458272577447 0.91876779264837083 -0.71663034631356448 -0.30062630262253576 

1.0600000000000007 3 4.21604
1 0.43803658864825817 -0.033324867595300525 -0.013979776019362166 -1.4346388895021718 -0.029768498592251832 -0.01248787985681879 
1 -0.24319162746934472 0.3024662953111017 0.12688455699882503 0.49842691565188257 0.7149820803173258 0.2999348553179641 
1 -0.19484496119262812 -0.26914142771643046 -0.11290478098258097 0.93621197379781862 -0.6852135817287226 -0.28744697547586068 

1.0700000000000007 3 4.21721
1 0.42351462410215723 -0.033623723075010846 -0.014105145839866285 -1.4699753331437397 -0.030057959906468333 -0.012609308826666429 
1 -0.23812277359049142 0.30946179752805181 0.1298191689325745 0.51540665212988235 0.68421309207180703 0.28702727023032559 
1 -0.18539185052590107 -0.27583807445370911 -0.11571402309597373 0.95456868096138303 -0.65415513216897836 -0.27441796141837138 

1.0800000000000007 3 4.21834
1 0.40863250780335642 -0.033927254818360175 -0.014232477352134548 -1.5066841950675449 -0.030716330791679725 -0.012885495295838595 
1 -0.23288222373234349 0.31615216604131918 0.13262577733198586 0.53276762238539388 0.65392715333946339 0.27432232432741588 
1 -0.17575028408577414 -0.28222491122365939 -0.11839329998326607 0.97391657262964748 -0.62321082255143079 -0.26143682904628884 

1.0900000000000007 3 4.21948
1 0.39337605911516937 -0.034239556181612035 -0.014363487718391445 -1.5448575169029855 -0.031827275361454466 -0.013351536345074274 
1 -0.22746611938892317 0.32254140293827505 0.1353060610720008 0.55051911505926598 0.62396017413884231 0.26175118189125046 
1 -0.16590993974153342 -0.28830184675739429 -0.12094257335716964 0.99433840179119448 -0.59213289878103459 -0.24839964556088445 

1.1000000000000008 3 4.22062
1 0.37773015625568196 -0.034565648209298701 -0.01450028326592325 -1.5845912826844644 -0.03349336879518372 -0.014050462243856896 
1 -0.22187050902194677 0.32863191113078677 0.13786102817371781 0.56867029404944835 0.59415582562267744 0.24924826299824063 
1 -0.15585964724954884 -0.29406626292225119 -0.12336074491150213 1.0159209885824851 -0.56066245683114557 -0.23519780076909416 

1.1100000000000008 3 4.22185
1 0.36167870432559024 -0.034911691565114991 -0.014645448392052606 -1.6259837814250102 -0.035840847149248824 -0.015035228995352437 
1 -0.21609135414135733 0.33442455530830312 0.14029104137420836 0.58722920764366326 0.56436228926737664 0.23674987980478887 
1 -0.14558735020056743 -0.29951286374398367 -0.12564559298600933 1.0387545737288262 -0.52852144212176777 -0.22171465082414571 

1.1200000000000008 3 4.22343
1 0.34520462480033426 -0.035285251992700613 -0.014802156924888938 -1.6691328781427586 -0.039025611126352548 -0.016371236916574015 
1 -0.2101245461611419 0.33991869260988755 0.14259583099342446 0.60620161009178097 0.53442943344877281 0.22419305212129936 
1 -0.13508007865605021 -0.30463344061801628 -0.12779367407253672 1.0629312679984653 -0.49540382232605668 -0.2078218152194394 

1.1300000000000008 3 4.22501
1 0.32828987992841252 -0.03569563335700985 -0.01497431183412312 -1.7141316534305966 -0.043240794024943845 -0.018139505391818155 
1 -0.20396593635179766 0.34511217683581602 0.14477449670096379 0.62558950444069095 0.50420633542104898 0.2115144678828047 
1 -0.12432394359400364 -0.30941654347967151 -0.12980018487098927 1.0885421489374105 -0.46096554139974494 -0.19337496250570338 

1.1400000000000008 3 4.22664
1 0.31091555206139693 -0.036154295633519684 -0.015166720577426424 -1.761061619117263 -0.048726243570446082 -0.020440650499175889 
1 -0.1976113821905264 0.35000133945921097 0.14682549955045265 0.64538930119718152 0.47353911887295896 0.19864957600413466 
1 -0.11330416988878235 -0.31384704382658901 -0.13165877897732259 1.1156723178675769 -0.42481287530615025 -0.17820892551967601 

1.1500000000000008 3 4.22908
1 0.29306200757655687 -0.036675378769789081 -0.015385314860281466 -1.8099823537503428 -0.05578026988274018 -0.023399813280799483 
1 -0.19105681454941506 0.35458095067891787 0.14874664564124079 0.66558947014142311 0.44226913454689809 0.18553182314999211 
1 -0.10200519304557566 -0.31790557191006952 -0.13336133078540535 1.1443928835564032 -0.38648886466779503 -0.16213200988390794 

1.1600000000000008 3 4.23045
1 0.27470918904298741 -0.037276356536901679 -0.015637424926545636 -1.8609158878427181 -0.064773924375144856 -0.027172649738481162 
1 -0.18429833147444533 0.35884416436798389 0.1505350630242811 0.68616754599372887 0.41023158199098925 0.17209207556017717 
1 -0.090410857587511911 -0.32156780783205585 -0.13489763810233799 1.1747483417964397 -0.34545765761948605 -0.14491942583640888 

1.1700000000000008 3 4.23181
1 0.25583709931928533 -0.037978845961050542 -0.015932119114856456 -1.9138234680474666 -0.076167795143904912 -0.031952376496549417 
1 -0.17733232575648197 0.36278245219369631 0.15218717406553303 0.70708633975979351 0.37725476313235584 0.1582583059236925 
1 -0.07850477358230229 -0.3248036062336434 -0.13625505495543583 1.2067371282352293 -0.30108696799207729 -0.12630592944185909 

1.1800000000000008 3 4.23316
1 0.2364265693143692 -0.03880959492087957 -0.01628061815553947 -1.9685714321464487 -0.090530647823604884 -0.037977590637398383 
1 -0.17015565494109483 0.36638553468034679 0.15369866652677519 0.72828921988635642 0.34316028175275032 0.14395567705877252 
1 -0.066270914393304556 -0.32757593976050564 -0.1374180483761471 1.2402822122076107 -0.252629633932755 -0.10597808643609222 

1.1900000000000008 3 4.2345
1 0.21646043886466454 -0.039801657779958817 -0.016696788348223329 -2.0248819160048859 -0.10855788786474713 -0.045540014623636195 
1 -0.16276586354719763 0.36964132089537993 0.15506446826393333 0.74969438471450256 0.30776466300862731 0.12910722130124555 
1 -0.053694575338030501 -0.32983966311649154 -0.13836767992077181 1.2751875312378265 -0.19920677514748966 -0.083567206692320289 

1.2000000000000008 3 4.23585
1 0.1959253274019615 -0.040995737181189283 -0.017197704444357181 -2.082263309813412 -0.13108526707523463 -0.054990246189805858 
1 -0.15516146743284359 0.37253587412401451 0.15627873282766677 0.77118818940917555 0.27088305980347444 0.11363539532703067 
1 -0.040763859990212162 -0.33154013694393919 -0.13908102838851905 1.3110751203516189 -0.13979779273183859 -0.058645149151938872 

1.2100000000000009 3 4.23721
1 0.174814222126499 -0.042441604058383264 -0.017804245341809556 -2.1399156274445716 -0.15908882258144108 -0.066737732736550523 
1 -0.14734230834091544 0.3750534285679229 0.15733484646834486 0.79261787488494728 0.23233590932415399 0.097464872568027133 
1 -0.027471913807207902 -0.33261182451067844 -0.13953060113189378 1.3472977525069623 -0.073247086746321202 -0.0307271398461894 

1.2200000000000009 3 4.23857
1 0.15313014761476776 -0.044199385325444242 -0.018541634270250722 -2.1966090933223237 -0.193655098490609 -0.081238279323316967 
1 -0.13930998089413804 0.37717649145644117 0.15822547097182102 0.81378454583260862 0.19195952393619889 0.080526986090734221 
1 -0.013820166742769079 -0.33297710613215459 -0.13968383670707651 1.382824547437026 0.0016955745507957281 0.00071129321787028821 

1.2300000000000009 3 4.23993
1 0.13089115770258417 -0.046340304638480483 -0.019439749540730859 -2.2505436865017678 -0.23589655626792461 -0.098958563336567426 
1 -0.13106832220979364 0.37888607449629347 0.15894264075244177 0.83443801783946026 0.14962147930901923 0.062766183912051701 
1 0.0001771644845438303 -0.33254576985899714 -0.13950289121736312 1.4161056686096072 0.086275076955281457 0.036192379409810883 

1.2400000000000009 3 4.24137
1 0.10813672144957102 -0.048946166756363756 -0.02053290823502783 -2.2992179983001022 -0.28677903731978893 -0.12030375507425004 
1 -0.12262393318459475 0.38016210456843791 0.15947793514035535 0.85427616427309339 0.105241016872878 0.044148587826362405 
1 0.014487211711832863 -0.33121593781329983 -0.13894502691111912 1.4449418339743245 0.18153802044328202 0.076155167233187451 

1.2500000000000009 3 4.24343
1 0.08493512661612633 -0.052106543577298547 -0.021858685748478816 -2.339371153082813 -0.34683105710919077 -0.14549556667895014 
1 -0.11398666910156124 0.38098405898462095 0.15982274487147144 0.87295236086827932 0.058813149037469058 0.024672105540421235 
1 0.029051542461721036 -0.32887751540858445 -0.13796405912894669 1.4664187921618477 0.28801790806810496 0.12082346112382056 

1.2600000000000009 3 4.24547
1 0.061390667742045907 -0.055912446722350156 -0.023455261439910269 -2.3671049631813958 -0.41573738507298752 -0.17440175898554494 
1 -0.1051699991148102 0.38133184527067221 0.1599686411564783 0.89009483700925496 0.010432535203721557 0.0043764466560529689 
1 0.043779331348527045 -0.3254193985495919 -0.13651337972266425 1.4770101261195221 0.40530484986564597 0.17002531231479109 

1.2700000000000009 3 4.2476
1 0.037648177483442187 -0.060445661241175105 -0.025356944123084004 -2.3783120438339407 -0.49190129893553114 -0.20635250728384355 
1 -0.09619110243407801 0.38118688988945171 0.15990783239985509 0.90534005088905811 -0.039690056322050304 -0.01664997155979344 
1 0.058542924925869842 -0.32074122864961391 -0.13455088828301257 1.4729719928922538 0.5315913552539655 0.22300247882894678 

1.2800000000000009 3 4.2497
1 0.013891452374325416 -0.065764344900017035 -0.02758813097057906 -2.3694647791787058 -0.57217855769832104 -0.24002880303507432 
1 -0.087070568135932072 0.38053331572157845 0.15963365815283598 0.91837765482181877 -0.091228028043124215 -0.038270141515427285 
1 0.07317911573631268 -0.31476897082293842 -0.13204552718865128 1.451087124304391 0.66340658573776534 0.27829894453579468 

1.2900000000000009 3 4.25142
1 -0.009667494711396149 -0.071887959719975622 -0.030156986296780236 -2.338612392665151 -0.65205163168436353 -0.27353554334445862 
1 -0.077831622596346572 0.37935899944218393 0.15914103268280083 0.92899792655798807 -0.14376348911048187 -0.060308758074133932 
1 0.087499117281918642 -0.30747103972362733 -0.12898404639255484 1.4096144660546681 0.79581512079115657 0.3338443014038745 

1.3000000000000009 3 4.25278
1 -0.032808554392021544 -0.078786846496634019 -0.03305106807071978 -2.2861743601350284 -0.72638284424271493 -0.30471747377211655 
1 -0.06849892911481914 0.37765625803251301 0.15842673296475068 0.9371273681772696 -0.19683599337310759 -0.082572664157591458 
1 0.10130748348048746 -0.29886941153734398 -0.12537566490069948 1.3490469919054557 0.92321883761210699 0.38729013791496042 

1.3100000000000009 3 4.25412
1 -0.055328530641711213 -0.0863815311173321 -0.036237036916289489 -2.2150630287526307 -0.79054101939940336 -0.33163181682188808 
1 -0.059097147467349696 0.37542196793201921 0.15748944866559664 0.9428395400917734 -0.25000465110832487 -0.10487690660568602 
1 0.11442567808218454 -0.28904043681619984 -0.12125241175612012 1.2722234886084585 1.040545670503952 0.4365087234128609 

1.320000000000001 3 4.25548
1 -0.077063216556265773 -0.09455310092613034 -0.039665008995507692 -2.1299931059964567 -0.84139617447004444 -0.35296554531530916 
1 -0.049649529336350057 0.37265706974657531 0.15632957436934022 0.94633747944548285 -0.3029058367678954 -0.12706894456570816 
1 0.12671274586521686 -0.27810396882199401 -0.116664565380785 1.1836556264986393 1.1443020112341795 0.48003448986630903 

1.330000000000001 3 4.25683
1 -0.097899777442562841 -0.10316088433008271 -0.043275972600192558 -2.0363222252751889 -0.87773840909578493 -0.36821110626734338 
1 -0.040176801793348794 0.36936558507813488 0.15494879713727103 0.94791580694600841 -0.35529122139313618 -0.14904460408374215 
1 0.13807657920799588 -0.26620470074964586 -0.11167282454417973 1.0884064182766815 1.2330296304851778 0.51725571033635809 

1.340000000000001 3 4.25819
1 -0.11777753832569722 -0.11206100528094866 -0.047009571753733992 -1.938977213660257 -0.90005877603376361 -0.37757449622213118 
1 -0.030696471488824748 0.36555337792171244 0.15334957691424167 0.94791694806337001 -0.40704091978282225 -0.17075359333920476 
1 0.14847400978607714 -0.25349237264239666 -0.10634000516776518 0.9910602655443681 1.3070996958128605 0.54832808954659473 

1.350000000000001 3 4.25954
1 -0.13668010477458387 -0.12112062974912982 -0.050810082604377374 -1.841825377084338 -0.9099661122931898 -0.38173062201842822 
1 -0.021222541472458181 0.36122689142775616 0.15153461660075612 0.94669398409295136 -0.45815668082638283 -0.1921966459909141 
1 0.15790264621806704 -0.24010626168032617 -0.10072453400377751 0.89513139293886201 1.3681227931157662 0.57392726799457139 

1.360000000000001 3 4.26088
1 -0.15462364685648 -0.13022598481030773 -0.054629777430640743 -1.7475177646144682 -0.90957134054158018 -0.38156501533921383 
1 -0.011765538295013258 0.3563920128296591 0.14950638589012716 0.94458618549506135 -0.5087447257390707 -0.21341832181974807 
1 0.16638918512197901 -0.22616602802108429 -0.094876608467044876 0.80293157906686141 1.4183160662768324 0.59498333714421747 

1.370000000000001 3 4.26224
1 -0.17164530127089242 -0.13928493213634763 -0.058430004220284465 -1.6576356972520772 -0.90103156107324656 -0.37798257937374857 
1 -0.0023327180657614411 0.3510531237678115 0.14726672287975245 0.94190736531575348 -0.55899706025943485 -0.23449916719880645 
1 0.1739780193066168 -0.21176819163323471 -0.08883671866717395 0.71572833188380092 1.4600286213288658 0.61248174655781329 

1.380000000000001 3 4.26394
1 -0.18779375652653205 -0.14822598630706918 -0.062180774852272386 -1.57295442885874 -0.88629197317249975 -0.37179932487527434 
1 0.007071663684487901 0.3452123201663857 0.14481650680943203 0.93894419205839974 -0.60917691829487586 -0.25554960870534299 
1 0.18072209281148222 -0.19698633386112574 -0.082635731965015544 0.63401023674779611 1.4954688914635494 0.62734893356588028 

1.390000000000001 3 4.26617
1 -0.20312253130078067 -0.15699557327717245 -0.065859615024144169 -1.4937046625954913 -0.86698182726968043 -0.3636987221090881 
1 0.01644610106850284 0.33886874473578155 0.14215537804635334 0.93596116316760714 -0.65961106861063745 -0.27670672577817634 
1 0.18667643020118474 -0.18187317146044676 -0.076295763030193323 0.55774349937538081 1.5265928958764801 0.64040544787250886 

1.400000000000001 3 4.2682
1 -0.21768562546535111 -0.16555476177215603 -0.069450193073195526 -1.4197815627440002 -0.84440355353081575 -0.35422714029782787 
1 0.025791659312666335 0.33201795722849831 0.13928147390746345 0.93320980780689389 -0.71069007409462992 -0.29813435947922878 
1 0.19189396612106877 -0.16646319545822755 -0.06983128084240349 0.48657175488461546 1.555093627621613 0.65236149976231217 

1.410000000000001 3 4.27025
1 -0.23153495375549382 -0.17387614389443296 -0.072941011391253141 -1.3508929592958665 -0.81956705886519965 -0.34380823521003001 
1 0.035111903882584443 0.32465125944156731 0.13619114549816294 0.93094091825304925 -0.76287723088993442 -0.32002686245796363 
1 0.19642304984077266 -0.15077511554905279 -0.063250134115182877 0.41995204099036643 1.5824442897512379 0.66383509765324633 

1.420000000000001 3 4.27229
1 -0.24471899443465273 -0.18194115429949534 -0.076324281819608111 -1.2866563657327454 -0.79323957774635445 -0.33276386157069932 
1 0.044412966625270507 0.31675488220058295 0.13287861665225004 0.92941982259772571 -0.81672756340647545 -0.34261706735547776 
1 0.2003060277767158 -0.13481372790306634 -0.056554334841058207 0.35723654308260916 1.6099671411489287 0.67538092891144497 

1.430000000000001 3 4.2739
1 -0.25728220989223743 -0.18973789747317782 -0.079595014192189478 -1.2266586062374434 -0.76599578112352495 -0.32133509374067981 
1 0.053703784442545956 0.30830892075376781 0.12933553732989334 0.92894593620240806 -0.87291982689847158 -0.36618971187995863 
1 0.20357842541649074 -0.11857102328260193 -0.049740523146257341 0.29771266998258317 1.6389156080181106 0.68752480560589546 

1.4400000000000011 3 4.27541
1 -0.26926492872116536 -0.19725944797404174 -0.082750303287550703 -1.1704902721733699 -0.73826167149484179 -0.30970063969201084 
1 0.062996565613970185 0.29928586267500007 0.12555036607322825 0.92987936593650078 -0.93230729706789872 -0.39110274503642206 
1 0.20626836307347371 -0.10202641470300719 -0.042800062794389027 0.24061090618449021 1.6705689685588123 0.70080338471369052 

1.4500000000000011 3 4.27691
1 -0.28070348583179816 -0.20450254990198349 -0.085788783256177947 -1.1177641353333916 -0.71035046908743538 -0.29799189525419484 
1 0.072307577776156207 0.28964847170530783 0.12150748227827465 0.9326798005371445 -0.99599821900055863 -0.41782107544090225 
1 0.20839590802138713 -0.085145921805417121 -0.03571869903095775 0.18508433474383137 1.7063486880840557 0.71581297068039351 

1.4600000000000011 3 4.27848
1 -0.29163049352619669 -0.21146663619712394 -0.088710216216545831 -1.0681237621746049 -0.68249084599212173 -0.28630478832861816 
1 0.081658424436839766 0.27934663895606482 0.11718586527516708 0.93796755588079705 -1.0654865483167446 -0.44697141720997918 
1 0.20997206905457019 -0.067880002761077196 -0.028475649067625463 0.13015620624135188 1.7479773943049945 0.73327620552389239 

1.4700000000000011 3 4.27998
1 -0.30207516732057199 -0.21815309672556729 -0.091515185217238088 -1.0212463791886535 -0.65484866843807299 -0.2747088997688748 
1 0.091078117828922223 0.26831251849280568 0.11255705370648468 0.9466263368864325 -1.1428737621222311 -0.47943533961510282 
1 0.21099704945633838 -0.050159421769418108 -0.021041868498395067 0.074620042249785051 1.7977224305564805 0.75414423936926234 

1.4800000000000011 3 4.28192
1 -0.31206366271095737 -0.2245647368538336 -0.094204867109000473 -0.97684252199260446 -0.62754356823128477 -0.26325441509628766 
1 0.10060654643506241 0.2564526624029424 0.10758184618951835 0.9599894252627954 -1.23126764423315 -0.51651655741347635 
1 0.2114571162400801 -0.031887925551309412 -0.013376979089810517 0.016853096677428344 1.8588112124605025 0.77977097249511873 

1.4900000000000011 3 4.28368
1 -0.32161939906381909 -0.23070538103787763 -0.096780866250464948 -0.93465400601655135 -0.60066156381683633 -0.25197741903322562 
1 0.11030058726633094 0.24363454174203078 0.10220464685574311 0.98020688799432121 -1.3355553085431862 -0.56026521401287566 
1 0.21131881176119885 -0.012929160706390278 -0.005423780614719923 -0.045552882030213133 1.9362168723563413 0.81224263303144506 

1.5000000000000011 3 4.28544
1 -0.33076335879311508 -0.23657958732402451 -0.099245094741200135 -0.89445112586836606 -0.57426478390893521 -0.24090397456421983 
1 0.12024574246442567 0.22966159109851961 0.09634299655000092 1.0110512673734258 -1.4640582262271575 -0.61417216508869976 
1 0.21051761629192053 0.0069179962232321212 0.0029020981816349502 -0.11660014155733828 2.0383230101326331 0.85507613963825624 

1.5100000000000011 3 4.28768
1 -0.33951435693865317 -0.24219244848539515 -0.10159968899863205 -0.85602959841852377 -0.54839922080441683 -0.23005337544959961 
1 0.13058088767117537 0.21422179377336592 0.089866004322623524 1.0599609885527965 -1.6325970525119229 -0.68487417269049722 
1 0.2089334692301697 0.027970654709664859 0.011733684666307144 -0.20393139018698062 2.180996273314745 0.91492754812492894 

1.5200000000000011 3 4.28993
1 -0.34788928010380299 -0.24754946474173614 -0.1038469563640229 -0.81920752223134197 -0.52310147271469598 -0.21944097463243206 
1 0.14156045422711147 0.19676359935875043 0.082542294875815284 1.1444723818172817 -1.8767451002313809 -0.78729423521369346 
1 0.20632882583911763 0.050785865380559729 0.021304661478350962 -0.32526485963825325 2.3998465729454681 1.0067352098309725 

1.5300000000000011 3 4.32051
1 -0.35590329561105877 -0.25265648457641249 -0.10598935027511255 -0.78382247130826266 -0.49840598308440598 -0.20908122113163552 
1 0.15376166899899651 0.17610576939938086 0.073876338888013857 1.3216607732498162 -2.3043650384115542 -0.96668072309692499 
1 0.20214162657397061 0.076550715174742406 0.032113011377133849 -0.53783830199484872 2.8027710214941943 1.1757619442144756 

1.5400000000000011 3 4.41308
1 -0.36357003240040126 -0.25751973692986796 -0.10802948377137038 -0.74972876253743448 -0.47435769293288088 -0.19899296769713951 
1 0.16943397358247803 0.14818448521671343 0.062163365147529744 2.0500119492420774 -3.6487184834581785 -1.5306367537806607 
1 0.19413605877873552 0.1093352517112018 0.045866118613691546 -1.3002831867558069 4.1230761763901596 1.7296297214663676 

