0 3 0
1 1 0 0 0 0 0 
1 -0.79541477948144113 0.20654390758633354 -0.49501520334133875 0 0 0 
1 -0.20458522051855887 -0.20654390758633354 0.49501520334133875 0 0 0 

0.01 3 0.00237203
1 0.99996008508273593 -2.934785743926944e-06 7.0336790795245956e-06 -0.0079831138386911634 -0.00058696224192416593 0.0014067480224190514 
1 -0.79538505242719482 0.20653109356861368 -0.4949844925173727 0.0059455271201629785 -0.0025628496401076169 0.0061422752699731333 
1 -0.20457503265553617 -0.20652815878287023 0.49497745883829314 0.0020375867185282049 0.0031498118820317829 -0.0075490232923921896 

0.02 3 0.00356603
1 0.99984033250700322 -1.1739448563612439e-05 2.8135448707935222e-05 -0.01596779260060727 -0.0011739856013580179 0.0028136425226347166 
1 -0.79529586428727195 0.20649264874936371 -0.49489235341609766 0.011892449829279351 -0.0051262525522864488 0.012285876544136052 
1 -0.20454446821972008 -0.20648090930080107 0.49486421796739205 0.0040753427713279382 0.0063002381536444779 -0.015099519066770739 

0.029999999999999999 3 0.011194
1 0.99964071879283567 -2.6414905218404556e-05 6.3307506044278796e-05 -0.023955602839487614 -0.0017611311949232789 0.004220829976315451 
1 -0.7951471941210323 0.20642856482707031 -0.49473876614162571 0.017842165531396083 -0.0076907626570839075 0.018432131380854543 
1 -0.20449352467178872 -0.20640214992185366 0.49467545863558487 0.0061134373080916271 0.009451893852007202 -0.022652961357170029 

0.040000000000000001 3 0.012439
1 0.99936120477977464 -4.6962683625121147e-05 0.00011255351298332225 -0.031948114374051255 -0.002348460137291352 0.0056284568544554122 
1 -0.7949390069971386 0.20633882795506497 -0.49452369750822017 0.023796075266417676 -0.010256935173816177 0.024582370451199372 
1 -0.20442219778261952 -0.20629186527144297 0.49441114399524122 0.008152039107633716 0.012605395311107463 -0.030210827305654775 

0.050000000000000003 3 0.0136082
1 0.99900173558601324 -7.3384922831849444e-05 0.00017587859609275705 -0.039946901930380807 -0.0029360335397706047 0.0070366696199888222 
1 -0.79467125394804528 0.20622341872527042 -0.49424710100134667 0.029755585542244008 -0.012825327274502486 0.030737929106203748 
1 -0.20433048163794823 -0.20615003380244165 0.49407122240525875 0.010191316388136966 0.015761360814272971 -0.037774598726192557 

0.060000000000000005 3 0.0150611
1 0.99856224055105125 -0.00010568437297512087 0.00025328934651056771 -0.047953546796227174 -0.0035239125083642441 0.0084456147231351288 
1 -0.79434387190609224 0.20608231214537892 -0.49390891672298104 0.035722110184049208 -0.015396498743285745 0.03690014895726948 
1 -0.2042183686449377 -0.20597662777240747 0.49365562737647589 0.01223143661217801 0.018920411251649939 -0.045345763680404459 

0.070000000000000007 3 0.015974
1 0.99804263316175867 -0.00014386439521425651 0.00034479381978767213 -0.055969638491285972 -0.0041121581411147452 0.0098554385950347587 
1 -0.79395678362099431 0.20591547760940748 -0.49350907132103544 0.041697072206567098 -0.01797101264321118 0.043070379474207256 
1 -0.20408584954074477 -0.2057716132141961 0.49316427750125141 0.014272566284718822 0.022083170784325919 -0.052925818069241473 

0.080000000000000002 3 0.01671
1 0.99744281096161225 -0.00018792896163479663 0.00045040153565648077 -0.06399677645756939 -0.004700831524544734 0.011266287639218817 
1 -0.79350989755845369 0.20572287886153384 -0.4930474779026891 0.047681905715380293 -0.020549435992273275 0.049249979605489415 
1 -0.20393291340313827 -0.20553494989990237 0.49259707636703476 0.016314870742189163 0.025250267516817877 -0.060516267244707586 

0.089999999999999997 3 0.0174472
1 0.99676265544292486 -0.00023788265511099735 0.00057012347770134925 -0.0720365717740786 -0.0052899937289954827 0.0126783082204374 
1 -0.79300310777961991 0.20550447395312335 -0.49252403593138899 0.053678057843376627 -0.023132340450687787 0.05544031942540846 
1 -0.20375954766328355 -0.20526659129801569 0.49195391245368897 0.01835851393070189 0.028422334179683342 -0.068118627645845461 

0.099999999999999992 3 0.0181823
1 0.9960020319217836 -0.00029373066911534047 0.00070397209290203608 -0.080090648900089711 -0.0058797058026548096 0.014091646650346243 
1 -0.79243629380095015 0.2052602151928172 -0.49193863110723557 0.059686990728742458 -0.025720303021406245 0.061642781812968908 
1 -0.20356573812080836 -0.20496648452370558 0.49123465901433494 0.020403658171347365 0.031600008824061172 -0.075734428463314907 

0.10999999999999999 3 0.0189092
1 0.99516078939539254 -0.0003554788074608574 0.0008519612910161356 -0.088160647451490853 -0.0064700287640534629 0.015506449169523337 
1 -0.79180932043407692 0.20499004908953586 -0.49129113523038281 0.065710183541097575 -0.028313906765955049 0.067858764167510202 
1 -0.20335146896129147 -0.2046345702820799 0.49043917393936598 0.022450463910393122 0.03478393553000849 -0.083365213337033131 

0.11999999999999998 3 0.0196424
1 0.99423876038147185 -0.00042313348395977288 0.0010141064437609842 -0.096248224014748571 -0.0070610235927961876 0.016922861925254117 
1 -0.79112203760512256 0.20469391628824513 -0.4905814060470805 0.071749134562671471 -0.030913741537766416 0.074089680166250713 
1 -0.20311672277632359 -0.20427078280429045 0.48956729960331918 0.024499089452077075 0.037974765130562693 -0.091012542091504833 

0.12999999999999998 3 0.0203774
1 0.99323576073931374 -0.00049670172197962268 0.0011904243837497922 -0.10435505400325401 -0.0076527512182757744 0.018341030944483385 
1 -0.79037428015293454 0.20437175149828618 -0.48980928707792692 0.077805363331732325 -0.033520404735257976 0.080336961569161869 
1 -0.20286148058635373 -0.20387504977631182 0.48861886269417448 0.02654969067152118 0.041173155953534123 -0.098677992513645049 

0.13999999999999999 3 0.0211084
1 0.9921515894720293 -0.00057619115387528696 0.0013809334031304411 -0.11248283356097556 -0.008245272506101806 0.019761102101289001 
1 -0.78956586760549752 0.20402348341407098 -0.48897460742778043 0.083880412855867684 -0.036134502077023553 0.086602060076835075 
1 -0.20258572186650523 -0.20344729226020195 0.48759367402464393 0.028602420705107722 0.044379774583125628 -0.10636316217812407 

0.14999999999999999 3 0.0218425
1 0.99098602850950568 -0.00066161002027269647 0.0015856532518687897 -0.12063328151856928 -0.0088386482419526222 0.021183221078181297 
1 -0.78869660393386554 0.20364903462790604 -0.48807718157683039 0.089975851903121989 -0.038756648401617314 0.09288644924729221 
1 -0.20228942457561441 -0.20298742460764016 0.48649152832495557 0.030657429615446503 0.047595296643569977 -0.11406967032547292 

0.16 3 0.0225775
1 0.98973884247152688 -0.00075296716917687824 0.0018046051356109187 -0.12880814140731703 -0.0094329391125368752 0.022607533320473858 
1 -0.78776627728273785 0.20324832153467726 -0.48711680915217703 0.09609327737949519 -0.041387468494547032 0.099191626478006306 
1 -0.20197256518876422 -0.20249535436550622 0.48531220401655972 0.032714864027821484 0.050820407607083513 -0.12179915979847931 

0.17000000000000001 3 0.0233405
1 0.98840977841043665 -0.00085027205487374206 0.002037811713051126 -0.13700918353654348 -0.010028205683322119 0.024034183982907024 
1 -0.78677465967680882 0.202821254228122 -0.48609327467921304 0.10223431680181304 -0.044027597945243614 0.10551911505976323 
1 -0.20163511873360362 -0.20197098217325407 0.48405546296615615 0.034774866734730868 0.054055803628565206 -0.12955329904266874 

0.18000000000000002 3 0.0240724
1 0.98699856553267695 -0.00095353473659144368 0.0022852970927236859 -0.14523820714043301 -0.010624508372658718 0.025463317867631022 
1 -0.78572150670185059 0.20236773638837058 -0.48500634731211217 0.10840063087561101 -0.046677684036938165 0.11187046630939482 
1 -0.20127705883080116 -0.20141420165178561 0.48272105021938488 0.036837576264821932 0.057302192409596511 -0.13733378417702488 

0.19000000000000003 3 0.0248256
1 0.98550491489849279 -0.0010627658768833275 0.0025470868291272877 -0.15349704260050015 -0.011221907421892668 0.026895079352577511 
1 -0.78460655715946981 0.20188766516041132 -0.48385578054254041 0.11459391618832132 -0.049338386672566695 0.11824726178885514 
1 -0.20089835773899989 -0.20082489928353495 0.48130869371340995 0.038903126412178392 0.060560294094459149 -0.14514234114143157 

0.20000000000000004 3 0.0255487
1 0.98392851909901746 -0.0011779767396900601 0.0028232079180805828 -0.16178755375032258 -0.011820462861021916 0.028329612309148749 
1 -0.78342953269429227 0.2013809310231004 -0.48264131188571824 0.12081590802880668 -0.052010379340027092 0.12465111561861106 
1 -0.20049898640470482 -0.20020295428341714 0.47981810396763575 0.040971645721515321 0.063830842201048843 -0.1529807279277581 

0.21000000000000005 3 0.0266175
1 0.98226905190984692 -0.0012991791880340392 0.0031136887911965387 -0.17011164026951836 -0.012420234469408733 0.029767060008059072 
1 -0.7821901373922826 0.20084741764830691 -0.4813626625428486 0.12706838334511761 -0.054694350120343446 0.13108367689387079 
1 -0.20007891451754381 -0.19954823846027867 0.47824897375164871 0.043043256924399823 0.067114584589751933 -0.16085073690192767 

0.22000000000000006 3 0.0273454
1 0.98052616792021952 -0.0014263856812940135 0.0034185593093506495 -0.17847124017438901 -0.013021281731011665 0.031207565012041274 
1 -0.78088805734875288 0.20028700174974881 -0.48001953703882089 0.13335316385327864 -0.057391002742544918 0.13754663221276411 
1 -0.19963811057144903 -0.1988606160684597 0.47660097772946913 0.045118076321109153 0.07041228447355645 -0.16875419722480176 

0.23000000000000007 3 0.0280833
1 0.97869950213676005 -0.0015596092720021617 0.0037378507550046079 -0.18686833241310896 -0.013623663783548116 0.032651269054005373 
1 -0.77952296020443623 0.1996995529210315 -0.47861162283404463 0.13967211931092852 -0.060101057689346642 0.14404170832628457 
1 -0.19917654193230311 -0.19813994364903331 0.47487377207904025 0.047196213102179224 0.073724721472893995 -0.17669297738028658 

0.24000000000000007 3 0.0288723
1 0.97678866956071653 -0.0016988636020997983 0.0040715958232324569 -0.19530493957385175 -0.014227439360935647 0.034098312899092389 
1 -0.77809449464797742 0.19908493346234962 -0.4771385899091195 0.14602717097079262 -0.062825253358030658 0.15057067492052539 
1 -0.19869417491270949 -0.19738606986025287 0.47306699408588804 0.0492777686030582 0.077052692718965199 -0.18466898781961374 

0.25000000000000006 3 0.0296423
1 0.97479326473751149 -0.0018441628985808995 0.0044198286112796057 -0.20378313071480725 -0.01483266672829746 0.035548836188902248 
1 -0.77660228988290458 0.19844299819529129 -0.47560009032097744 0.1524202952302372 -0.065564347281266866 0.15713534754256911 
1 -0.19819097485457624 -0.19659883529671374 0.47118026170969995 0.051362835484569491 0.080397014009563492 -0.19268418373146773 

0.26000000000000006 3 0.0303774
1 0.9727128612773579 -0.0019955219684452577 0.0047825846064674157 -0.21230502432564669 -0.015439403608737317 0.037002977266000228 
1 -0.77504595505703344 0.19777359426511482 -0.47399575772900421 0.15885352749456691 -0.068319117412995525 0.16373759068230562 
1 -0.19766690622029531 -0.1957780722966721 0.46921317312254113 0.053451496831080567 0.083758521021731924 -0.20074056794830214 

0.27000000000000007 3 0.0311155
1 0.97054701134554544 -0.0021529561928745914 0.0051599006722351506 -0.22087279143066826 -0.016047707101009265 0.038460872976598129 
1 -0.77342507865212518 0.19707656092980885 -0.47232520688950513 0.16532896627330135 -0.071090363484904134 0.17037932102344919 
1 -0.19712193269339384 -0.1949236047369374 0.4671653062172732 0.055543825157367062 0.08713807058591154 -0.20884019400004214 

0.28000000000000008 3 0.0318406
1 0.96829524512095178 -0.0023164815205358818 0.00555181503209043 -0.22948865884457567 -0.016657633587111351 0.039922658449088343 
1 -0.77173922783131454 0.19635172933522119 -0.4705880331167423 0.17184877753043193 -0.073878908439504148 0.1770625108781331 
1 -0.19655601728961675 -0.19403524781468862 0.46503621808465323 0.057639881314144062 0.090536542026613834 -0.21698516932721601 

0.29000000000000009 3 0.0325744
1 0.96595707022118205 -0.0024861144599057439 0.0059583672512134164 -0.23815491259265445 -0.017269238628728568 0.041388466845853573 
1 -0.76998794774165846 0.19559892227543638 -0.46878381170866096 0.17841519931158639 -0.076685599946325234 0.18378919182070619 
1 -0.19596912247950088 -0.19311280781553453 0.46282544445744905 0.05973971328106889 0.093954838575052019 -0.22517765866655415 

0.3000000000000001 3 0.0336885
1 0.96353197109260791 -0.0026618720704986391 0.0063795982154337882 -0.24687390150796115 -0.017882576851331822 0.04285842908549059 
1 -0.76817076076895152 0.19481795393755783 -0.46691209733521088 0.18503054667323643 -0.079511312008299806 0.19056145853768719 
1 -0.19536121032363338 -0.19215608186706298 0.46053249911977845 0.061843354834726368 0.097393888859629685 -0.23341988762317326 

0.31000000000000011 3 0.0347764
1 0.96101940836354671 -0.0028437719528689111 0.0068155501072689308 -0.25564804101911637 -0.01849770181460958 0.044332673532279661 
1 -0.76628716574160061 0.19400862962993271 -0.46497242338699402 0.19169721694149333 -0.082356946666055461 0.19738147291238059 
1 -0.19473224262192268 -0.19116485767706823 0.45815687327972543 0.063950824077624147 0.10085464848066331 -0.24171414644465575 

0.32000000000000012 3 0.0360703
1 0.95841881815849461 -0.0030318322372426001 0.0072662663786784987 -0.26447981714330737 -0.019114665867758764 0.04581132564936656 
1 -0.76433663708014787 0.1931707454928164 -0.46296430128183036 0.19841769533076009 -0.085223435808528175 0.20425146836428637 
1 -0.19408218107832204 -0.1901389132555785 0.45569803490315297 0.066062121812549279 0.10433810167628557 -0.25006279401364712 

0.33000000000000013 3 0.0371964
1 0.95572961137137447 -0.0032260715706199129 0.0077317917201532244 -0.27337179070028655 -0.019733519987998913 0.047294507611735759 
1 -0.76231862388867633 0.1923040881903586 -0.46088721972654795 0.20519456095553959 -0.088111743099071313 0.21117375446533063 
1 -0.19341098748267294 -0.18907801661974347 0.4531554280063958 0.068177229744748769 0.10784526308706847 -0.25846826207706058 

0.34000000000000014 3 0.0383265
1 0.95295117289545594 -0.0034265091021711998 0.0082121720257142886 -0.28232660176432606 -0.020354313600486024 0.048782337874605286 
1 -0.76023254898397363 0.19140843458270956 -0.45874064393113989 0.21203049327209328 -0.091022866027111266 0.218150721856988 
1 -0.19271862391145669 -0.18798192548054374 0.45052847190542766 0.070296108492234305 0.11137717962759515 -0.26693305973158599 

0.35000000000000014 3 0.0393946
1 0.95008286080748383 -0.0036331644667309667 0.0087074543533538617 -0.29134697437254808 -0.020977094377593715 0.050274930692373161 
1 -0.75807780785796564 0.19048355137693718 -0.45652401477212678 0.21892827899048459 -0.093957838096353372 0.22518484749465645 
1 -0.19200505294949718 -0.18685038691021255 0.44781656041877776 0.072418695382066786 0.11493493247394576 -0.27545977818702216 

0.36000000000000015 3 0.0405185
1 0.94712400550337306 -0.0038460577661719908 0.0092176868803953271 -0.30043572150946024 -0.021601908015296128 0.051772395582681971 
1 -0.755853767568478 0.18952919475533203 -0.45423674790173013 0.22589081950177528 -0.096917731161603529 0.23227870024822184 
1 -0.19127023793487341 -0.18568313698916697 0.44501906102134198 0.074544902007689595 0.11851963917689833 -0.28405109583089583 

0.37000000000000016 3 0.0417175
1 0.94407390878257502 -0.0040652095484183465 0.0097429188531948444 -0.30959575038918202 -0.022228797984121119 0.053274836729540025 
1 -0.75355976555298554 0.18854510997953672 -0.45187823279911726 0.23292113886998864 -0.099903657927458631 0.23943494689057088 
1 -0.19051414322956695 -0.18447990043112597 0.44213531394592898 0.07667461151919841 0.12213245591157854 -0.29270978362010353 

0.38000000000000017 3 0.0425534
1 0.94093184287804232 -0.0042906407838293522 0.010283200530541469 -0.31883006805868352 -0.022857805251846657 0.054782352318719231 
1 -0.75119510835933734 0.1875310309688345 -0.44944783175967762 0.24002239244386955 -0.10291677462345949 0.24665635850901033 
1 -0.18973673451868081 -0.18324039018501226 0.43916463122914567 0.078807675614818079 0.12577457987530474 -0.301438710827724 

0.39000000000000018 3 0.0432775
1 0.93769704942845533 -0.0045223728386560571 0.010838583120041443 -0.32814178734724858 -0.023488967974777265 0.056295033797849232 
1 -0.74875907028705946 0.18648667985072168 -0.44694487881793205 0.24719787614956001 -0.10595828387175933 0.25394581737810035 
1 -0.18893797914137175 -0.18196430701207214 0.43610629569790293 0.080943911197692925 0.12944725184653511 -0.31024085117594485 

0.40000000000000019 3 0.0440836
1 0.93436873838911716 -0.0047604274452386465 0.011409118706691755 -0.33753413318959197 -0.024122321154057765 0.057812965052720017 
1 -0.74625089193201977 0.1854117664817774 -0.44436867859919899 0.25445103653222767 -0.10902943776504298 0.26130632433636541 
1 -0.18811784645707008 -0.18065133903654587 0.43295955989251689 0.083083096657368807 0.13315175891909953 -0.31911928938908207 

0.4100000000000002 3 0.0448105
1 0.93094608687759239 -0.005004826668576089 0.011994860172758918 -0.34701044935237613 -0.024757896253057136 0.05933622149028079 
1 -0.74366977862662864 0.18430598793662417 -0.44171850509480265 0.26178548162249865 -0.11213154117427468 0.2687410067138386 
1 -0.18727630825093647 -0.17930116126805531 0.42972364492205334 0.085224967729883305 0.13688943742732945 -0.32807722820411783 

0.42000000000000021 3 0.0455496
1 0.9274282379499752 -0.0052555928688565743 0.01259586110797702 -0.35657420559649949 -0.025395720771368216 0.060864869017663435 
1 -0.74101489876689564 0.18316902796255921 -0.43899360035503338 0.26920499271237353 -0.11526595530794018 0.27625312686235215 
1 -0.18641333918305034 -0.17791343509370952 0.42639773924706614 0.087369212884131797 0.14066167607930607 -0.33711799588001551 

0.43000000000000022 3 0.0462856
1 0.92381429930318038 -0.0055127486594903326 0.013212175708966895 -0.36622900531034874 -0.026035817770424095 0.062398962905246991 
1 -0.73828538201680571 0.18200055639725585 -0.43619317309355254 0.27671353713538177 -0.11843410154680942 0.28384609134615635 
1 -0.18552891728634441 -0.17648780773777206 0.42298099738459555 0.089515468174971843 0.14446991931723197 -0.34624505425140184 

0.44000000000000022 3 0.0470188
1 0.9201033418983855 -0.0057763168601335504 0.013843858666650735 -0.37597859365238695 -0.026678205345111273 0.063938546520294015 
1 -0.73548031737940545 0.18080022854660996 -0.43331639719632559 0.28431528215716367 -0.12163746558086425 0.29152346085670966 
1 -0.18462302451895232 -0.17502391168648315 0.41947253852968486 0.091663311495228605 0.14831567092597384 -0.35546200737700068 

0.45000000000000023 3 0.0477517
1 0.91629439850036787 -0.0060463204441325979 0.014490965040293444 -0.38582686624483792 -0.027322896035054146 0.065483649916001779 
1 -0.73259875112298489 0.17956768451960159 -0.43036241012749177 0.29201461009567475 -0.12487760187802223 0.2992889609226988 
1 -0.18369564737736274 -0.17352136407547533 0.41587144508720791 0.093812256149168854 0.15220049791307352 -0.36477261083869916 

0.46000000000000024 3 0.0484858
1 0.91238646212691132 -0.0063227824797498838 0.015153550116641148 -0.39577787846404255 -0.027969896168448711 0.067034288258894209 
1 -0.72963968454930095 0.17830254851666311 -0.42733031122383708 0.29981613480512681 -0.12815613851765609 0.30714649349432432 
1 -0.18274677757759056 -0.17197976603691964 0.41217676110720358 0.095961743658922155 0.15612603468610181 -0.37418078175321678 

0.47000000000000025 3 0.0492177
1 0.90837848440213664 -0.0066057260644577917 0.015831669252446414 -0.4058358553772517 -0.028619205130411145 0.068590460075304949 
1 -0.72660207158957557 0.17700442806773906 -0.42421915986868675 0.30772471967480691 -0.13147478242569341 0.31510014949005011 
1 -0.18177641281254195 -0.17039870200328786 0.40838749061624668 0.098111135702450045 0.16009398755610157 -0.38369060956535256 

0.48000000000000026 3 0.0499446
1 0.90426937380702577 -0.0068951742515014763 0.016525377698464488 -0.41600520238017924 -0.029270814546774018 0.070152145295214546 
1 -0.72348481621219274 0.17567291321582384 -0.42102797353510829 0.31574549731346668 -0.13483532505240586 0.32315422240432423 
1 -0.18078455759481468 -0.16877773896432899 0.40450259583664971 0.10025970506671801 0.16410613959917791 -0.39330636769953842 

0.49000000000000027 3 0.0506716
1 0.90005799381980656 -0.007191149967834631 0.017234730402772885 -0.4262905165947114 -0.029924707373080773 0.071719303068882648 
1 -0.72028676962434945 0.17430757564130739 -0.41775572568729058 0.32388389111240345 -0.13823964853888829 0.33131322308652089 
1 -0.17977122419544364 -0.16711642567347895 0.40052099528452367 0.10240662548231397 0.1681643559119661 -0.4030325261554048 

0.50000000000000022 3 0.0514665
1 0.89574316093829531 -0.0074936759224234666 0.017959781791007282 -0.43669659909174607 -0.030580856877184148 0.07329186932848171 
1 -0.71700672724775893 0.17290796772201097 -0.41440134352775349 0.33214563890630516 -0.14168973242377556 0.33958189581466014 
1 -0.17873643369052167 -0.1654142917995941 0.39644156173675238 0.10455096018544759 0.17227058930095762 -0.41287376514314134 

0.51000000000000023 3 0.0528567
1 0.89132364257557217 -0.0078027745037905416 0.018700585520809658 -0.44722846801027927 -0.031239225502313162 0.074869754063259464 
1 -0.71364342544626458 0.17147362152321086 -0.41096370557678052 0.34053681898077848 -0.14518766094812594 0.34796523580269956 
1 -0.17768021712929727 -0.16367084701942647 0.39226312005597558 0.10669164902950797 0.17642688645043683 -0.42283498986595691 

0.52000000000000024 3 0.0539706
1 0.88679815481970437 -0.0081184676655306487 0.019457194207448694 -0.45789137265060598 -0.031899763595714219 0.076452838272523152 
1 -0.71019553798044233 0.17000404771135449 -0.40744163906897357 0.34906387871009331 -0.1487356310235918 0.35646850829754279 
1 -0.17660261683925135 -0.16188558004582973 0.38798444486153094 0.10882749394051787 0.1806353946193042 -0.43292134657006376 

0.53000000000000025 3 0.0551376
1 0.88216536004727175 -0.0084407767983709758 0.020229659117192229 -0.46869080862699558 -0.032562407985951503 0.078040970555917979 
1 -0.70666167216138398 0.16849873438447741 -0.40383391715016032 0.35773366614889701 -0.15233596093734517 0.36509726944174403 
1 -0.17550368788587703 -0.16005795758611344 0.38360425803297565 0.11095714247810273 0.18489836892329478 -0.44313823999765939 

0.54000000000000026 3 0.0562305
1 0.87742386437971209 -0.0087697225871692427 0.021018029824579069 -0.47963253417342122 -0.033227080389644524 0.079633963294916274 
1 -0.70304036467223674 0.16695714581154739 -0.40013925585602894 0.36655346494835056 -0.15599109987667362 0.37385738910073907 
1 -0.17438349970746309 -0.15818742322438403 0.37912122603145665 0.11307906922507463 0.18921818026631709 -0.45349135239565164 

0.55000000000000027 3 0.0573237
1 0.87257221497039983 -0.0091053248510355733 0.02182235382924692 -0.49072258770498106 -0.033893685625752255 0.081231588373072261 
1 -0.69933007702223993 0.16537872107207158 -0.3963563108517339 0.37553103302175761 -0.15970363836713142 0.38275507587951019 
1 -0.17324213794815144 -0.15627339622104072 0.37453395702249548 0.1151915546832265 0.19359732399288293 -0.46398666425257762 

0.56000000000000028 3 0.0584247
1 0.86760889710939071 -0.0094476023645327922 0.022642676127410971 -0.5019673067476681 -0.034562109612471817 0.082833572375267367 
1 -0.69552919059332152 0.16376287258632413 -0.39248367390935629 0.38467464544860513 -0.16347631973068619 0.39179690458385968 
1 -0.1720797065160603 -0.15431527022179539 0.36984099778195401 0.11729266129906631 0.1980384293431578 -0.47463047695912214 

0.57000000000000028 3 0.0595639
1 0.86253233113148065 -0.0097965726576421316 0.023479038732448759 -0.51337334836013127 -0.035232217118286446 0.08443959119774351 
1 -0.69163600123417979 0.16210898452539144 -0.38851986909732561 0.39399314218085513 -0.16731205268484073 0.40098984641619168 
1 -0.17089632989729459 -0.15231241186775413 0.36504083036488494 0.11938020617927614 0.20254426980312681 -0.48542943761393009 

0.58000000000000029 3 0.0603838
1 0.85734086911206175 -0.010152251791875849 0.024331480138319678 -0.52494771118321271 -0.035903849234656067 0.086049263991003891 
1 -0.6876487133505822 0.16041641108895716 -0.38446334865284487 0.40349598120367014 -0.17121392522050022 0.41034130223603266 
1 -0.1696921557614732 -0.15026415929708539 0.36013186851453144 0.12145172997954388 0.20711777445515558 -0.49639056622703143 

0.5900000000000003 3 0.0612156
1 0.8520327913337199 -0.010514654109572854 0.025200034718711396 -0.53669775926637764 -0.036576820533149743 0.087662146346429728 
1 -0.68356543343371678 0.15868447463726199 -0.38031248850485561 0.41319329790687714 -0.17518521991588357 0.41985913926224361 
1 -0.16846735789999337 -0.14816982052769359 0.35511245378614958 0.12350446135950413 0.21176204044903407 -0.50752128560866816 

0.60000000000000031 3 0.0620286
1 0.84660630250498314 -0.010883791953012114 0.026084732053851631 -0.54863124783476014 -0.037250915864415271 0.089277722624507311 
1 -0.67938416296013737 0.15691246366201492 -0.3760655834109905 0.42309597154712353 -0.17922943086643769 0.42955173164823124 
1 -0.16722213954483675 -0.14602867170900805 0.34998085135714596 0.12553527628763675 0.21648034673085267 -0.51882945427273341 

0.61000000000000032 3 0.0628507
1 0.8410595277110009 -0.011259675349524869 0.026985596175828283 -0.56075635117661482 -0.037925886750121547 0.090895397307541412 
1 -0.67510279058742839 0.15509963057906828 -0.3717208416673794 0.43321569982746594 -0.18335028243714546 0.43942800542484117 
1 -0.16595673712355771 -0.14383995522954882 0.34473524549155871 0.12754065134914996 0.22127616918726725 -0.5303234027323751 

0.62000000000000033 3 0.0636659
1 0.83539050807387583 -0.011642311658259959 0.027902644722007829 -0.57308169284860677 -0.038601447311750949 0.092514485242364566 
1 -0.6707190835585749 0.15324518932348646 -0.36727637934484458 0.44356508279647228 -0.18755175007458588 0.44949748837974207 
1 -0.16467142451528455 -0.14160287766523266 0.33937373462284498 0.12951661005213583 0.22615319738633721 -0.54201197362209641 

0.63000000000000034 3 0.0644138
1 0.82959719609851168 -0.012031705173656738 0.028835887984694563 -0.58561637841537351 -0.039277269671710802 0.094134200618371661 
1 -0.66623067821493953 0.15134831272507313 -0.36273021399894062 0.45415771747885286 -0.19183808345228856 0.45977036552895234 
1 -0.16336651788355533 -0.13931660755142289 0.33389432601425251 0.13145866093652472 0.23111535312400003 -0.55390456614731221 

0.64000000000000035 3 0.0651429
1 0.82367745067738651 -0.012427856679985531 0.029785327843516816 -0.59837003096083674 -0.039952978752466554 0.095753644502815399 
1 -0.66163506950247208 0.14940812963948177 -0.35808025779419433 0.46500830490212447 -0.19621383226561087 0.47025754093833577 
1 -0.16204238117489442 -0.13698027295950344 0.32829492995068493 0.13336172605871743 0.23616681101807768 -0.56601118544113982 

0.65000000000000036 3 0.065865
1 0.81762903172527346 -0.012830762950517787 0.030750956565107804 -0.61135282963120363 -0.04062814638804154 0.097371790728086771 
1 -0.65692959933760564 0.14742372180662058 -0.35332430997479075 0.47613277148864391 -0.20068387504257815 0.48097070677335368 
1 -0.16069943238764739 -0.13459295885610958 0.32257335340969323 0.13522005814256216 0.24131202143062067 -0.57834249750142963 

0.66000000000000036 3 0.0666161
1 0.81144959441222997 -0.013240416183966814 0.031732755452448191 -0.62457555149395072 -0.041302284649030303 0.098987469894048039 
1 -0.65211144367782914 0.14539412040412558 -0.34846004860441882 0.48754840715191239 -0.20525345139660442 0.49192242059781627 
1 -0.15933815073437921 -0.13215370422016501 0.3167272931519805 0.13702714434204219 0.24655573604563494 -0.5909098904918475 

0.67000000000000037 3 0.0673599
1 0.80513668296010665 -0.013656803369778184 0.032730693323682551 -0.63804961702315188 -0.041974838266887131 0.10059935121164192 
1 -0.64717759811637543 0.14331830225906514 -0.34348502148701543 0.49927402288620731 -0.20992819821751801 0.50312619211141718 
1 -0.15795908484370486 -0.12966149888929243 0.31075432816334236 0.13877559413694812 0.25190303648440565 -0.60372554332303974 

0.68000000000000038 3 0.0681899
1 0.79868772396468057 -0.014079905572616161 0.033744724797278192 -0.65178713954898548 -0.042645176025342388 0.10220592187105693 
1 -0.64212486178988781 0.14119518567565642 -0.33839663616722998 0.51133013118934101 -0.21471419038128581 0.51459658071703163 
1 -0.15656286217476659 -0.12711528010304582 0.30465191136996123 0.14045700835964864 0.25735936640662888 -0.61680250258807134 

0.69000000000000039 3 0.0697179
1 0.79210001920199435 -0.014509697124971813 0.034774788356982389 -0.66580097903822688 -0.043312580965913262 0.10380546356768006 
1 -0.63694981935125827 0.13902362583050507 -0.33319214889439097 0.52373915333542365 -0.21961798665901397 0.52634930554891446 
1 -0.15515019985068734 -0.12451392870553761 0.29841736053741208 0.14206182570280065 0.26293056762492634 -0.63015476911657387 

0.7000000000000004 3 0.0709748
1 0.785370737873479 -0.014946144715170133 0.035820804166088842 -0.68010480060224254 -0.043976239230109633 0.10539602576067503 
1 -0.63164882071572026 0.13680240967948143 -0.32786865241601698 0.53652565835160426 -0.2246466816259797 0.53840136988091813 
1 -0.15372191715771025 -0.12185626496431372 0.29204784824993657 0.14357914225064369 0.26862292085608908 -0.64379739564157912 

0.71000000000000041 3 0.0719998
1 0.77849690824079509 -0.015389206356136392 0.036882671595918459 -0.69471313815880786 -0.044635227332565836 0.1069753951710284 
1 -0.62621795823451676 0.13453025031162927 -0.32242306244608793 0.54971663959162043 -0.22980796451562124 0.550771202179407 
1 -0.15227895000622907 -0.11914104395549467 0.28554039085018207 0.14499649856718524 0.27444319184818333 -0.65774659735042507 

0.72000000000000042 3 0.0730119
1 0.77147540859619645 -0.0158388302180693 0.037960266428139842 -0.70964146370342962 -0.045288497626178231 0.10854106094644951 
1 -0.62065304088555806 0.13220578067523717 -0.31685210262855612 0.56334183609913635 -0.23511018613769358 0.56347881648323495 
1 -0.1508223677105944 -0.11636695045716848 0.27889183620042596 0.14629962760429766 0.28039868376386962 -0.67201987742967517 

0.73000000000000043 3 0.0740438
1 0.76430295751026434 -0.016294953305586602 0.039053437684337701 -0.72490626267258162 -0.04593486168179086 0.110090174828144 
1 -0.61494956499048392 0.12982754658895751 -0.31115228778738763 0.57743410758527047 -0.24056243519043305 0.57654599529789408 
1 -0.14935339251972918 -0.11353259328336951 0.27209885010305979 0.14747215508731595 0.28649729687222381 -0.68663617012602662 

0.74000000000000044 3 0.0751367
1 0.75697610329337195 -0.016757499956918154 0.040162004029089378 -0.74052511590386294 -0.046572971260054483 0.11161950554687315 
1 -0.60910268086954977 0.12739399893634731 -0.30531990521956215 0.59202987391041095 -0.24617462555243327 0.58999649880437965 
1 -0.14787342242378854 -0.1106364989794293 0.26515790119048105 0.14849524199345887 0.29274759681249146 -0.70161600435125948 

0.75000000000000044 3 0.0764098
1 0.74949121260249596 -0.017226380139241639 0.041285749684471074 -0.7565167887137727 -0.047201296500982683 0.11312538655075752 
1 -0.60310715472403054 0.12490348492484385 -0.29935099374579244 0.60716963258864298 -0.25195759645192495 0.6038563049307446 
1 -0.14638405787843392 -0.1076771047856018 0.25806524406132997 0.14934715612514202 0.29915889295291909 -0.71698169148151447 

0.76000000000000045 3 0.0779579
1 0.74184445811934729 -0.017701487510217682 0.042424419784214545 -0.77290132761796859 -0.04781810089631134 0.1146036560225779 
1 -0.59695732488484288 0.12235423826932643 -0.29324132018391047 0.62289857120344527 -0.25792322779234317 0.61815388574803232 
1 -0.14488713323446542 -0.10465275075910829 0.25081690039970406 0.15000275641453439 0.30574132868865983 -0.73275754177062247 

0.77000000000000046 3 0.0794859
1 0.73403180522102796 -0.01818269721109186 0.04357771508453049 -0.7897001652069201 -0.048421412540121299 0.11604958797733027 
1 -0.59064705137603124 0.11974436813543293 -0.28698635284973917 0.63926729597593079 -0.26408457338079477 0.63292052677349131 
1 -0.14338475384496466 -0.10156167092434076 0.24340863776522095 0.15043286923098476 0.31250598592092194 -0.74897011475083342 

0.78000000000000047 3 0.0810108
1 0.72604899755913199 -0.018669863351296258 0.044745285935554255 -0.80693623365392231 -0.049008991073208552 0.11745781303917922 
1 -0.584169657502423 0.1170718466475035 -0.28058123161793197 0.65633270339266081 -0.27045601538133396 0.64819069714226263 
1 -0.14187934005667149 -0.098401983296207307 0.23583594568239241 0.15060353026124901 0.31946500645455106 -0.76564851018144153 

0.79000000000000048 3 0.0823598
1 0.71789154145884604 -0.019162816138187152 0.045926725402310048 -0.82463408726275689 -0.049578289645614171 0.1188222272786217 
1 -0.57751786186643139 0.11433449472940475 -0.27402073398723659 0.67415902923705351 -0.27705344402425608 0.66400248030919473 
1 -0.140373679592385 -0.0951716785912185 0.22809400858494583 0.15047505802568556 0.32663173366988385 -0.7828247075878253 

0.80000000000000049 3 0.0838337
1 0.70955468904610652 -0.019661358598303768 0.047121561406687884 -0.84282003434523189 -0.050126411119012719 0.12013588724458556 
1 -0.57068369882810777 0.1115299660019592 -0.26729923648814113 0.69281911921710582 -0.28389446747891345 0.68039807704231559 
1 -0.13887099021796745 -0.091868607403655517 0.22017767508148214 0.15000091512810876 0.33402087859793733 -0.80053396428690748 

0.8100000000000005 3 0.0853777
1 0.70103342000878488 -0.020165262828182658 0.048329247741922127 -0.8615222785368789 -0.050650057616580167 0.12139088905268285 
1 -0.56365842491867935 0.10865572840636449 -0.26041067064051637 0.71239597854850767 -0.29099865788101281 0.6974243950662502 
1 -0.13737499509008305 -0.088490465578184074 0.21208142289862461 0.14912629998835503 0.34164871549760401 -0.81881528411894533 

0.82000000000000051 3 0.0876048
1 0.69232242189809334 -0.020674265703222828 0.049549153788213375 -0.88077106938825411 -0.051145472403789666 0.12257822909332936 
1 -0.55643240805923144 0.10570904315668476 -0.25334847250986731 0.73298467563363168 -0.29838784084417708 0.71513374292249321 
1 -0.13589001383883828 -0.085034777453462412 0.20379931872168208 0.14778639375461836 0.34953331324797998 -0.8377119720158418 

0.83000000000000052 3 0.0893478
1 0.68341606887971218 -0.021188063962293096 0.050780552732206177 -0.9005988616780134 -0.051608372952746291 0.12368764360981777 
1 -0.54899499557024456 0.1026869405431446 -0.24610552471614133 0.75469469925156762 -0.3060864374352269 0.73358464956745972 
1 -0.13442107330947073 -0.081498876580850893 0.1953249719839602 0.14590416242644599 0.35769481038799122 -0.85727229317730125 

0.84000000000000052 3 0.0908318
1 0.67430839885265992 -0.021706308573622681 0.052022608063954492 -0.92104048234125191 -0.052033873911648792 0.12470742408242731 
1 -0.54133435580477929 0.099586192008492405 -0.23867408951028687 0.77765290220308447 -0.31412186961318372 0.75284283607118041 
1 -0.13297404304788413 -0.077879883434867681 0.18665148144635699 0.14338758013816674 0.36615574352485047 -0.87755026015363524 

0.85000000000000053 3 0.0922947
1 0.66499308886804087 -0.022228598274131515 0.053274358092903561 -0.94213330313908872 -0.052416398581281748 0.12562420506780783 
1 -0.53343728668784307 0.096403277797758646 -0.23104573124179076 0.80200721124793006 -0.32252504257673825 0.77298237163956474 
1 -0.1315558021802074 -0.07417467952362515 0.17777137314890901 0.14012609189117484 0.37494144115804112 -0.89860657670740851 

0.86000000000000054 3 0.0933306
1 0.6554634288041965 -0.022754472159889357 0.05453469818974932 -0.96391741614450621 -0.052749577411581178 0.1264227209299176 
1 -0.52528898233291843 0.093134349333244104 -0.22321122618434167 0.82793134965298076 -0.33133092036079498 0.7940870531226033 
1 -0.13017444647129001 -0.070379877173350994 0.16867652799461513 0.135986066491533 0.38408049777239106 -0.92050977405255474 

0.87000000000000055 3 0.0943618
1 0.64571229329024327 -0.023283401190319963 0.055802360424919532 -0.98643580769895389 -0.053026132004848868 0.12708552783534358 
1 -0.5168727459952529 0.089775185286915429 -0.21516045725640556 0.85563091431141991 -0.34057921431696803 0.81625205506709697 
1 -0.12883954729500086 -0.066491784096592205 0.1593580968315122 0.13080489338754989 0.39360534632182631 -0.94333758290247094 

0.88000000000000056 3 0.0953846
1 0.63573211192277124 -0.023814778453946719 0.057075890238890016 -1.0097345245996967 -0.053237743198537545 0.12759268759278727 
1 -0.50816963354756894 0.086321140108762767 -0.2068822906612538 0.88535128919470552 -0.35031520757249723 0.8395859056629954 
1 -0.12756247837521451 -0.062506361654812631 0.14980640042239046 0.12438323540500096 0.40355295077103814 -0.96717859325582234 

0.89000000000000057 3 0.0964146
1 0.62551483789468976 -0.024347908030389782 0.058353619748194953 -1.0338628237836895 -0.053374902078804645 0.12792141058345421 
1 -0.49915800587689724 0.082767083522895371 -0.19836443087977287 0.91738808482954326 -0.36059074154721221 0.86421285108769452 
1 -0.12635683201781808 -0.058419175492502397 0.1400108111316043 0.11647473895416453 0.41396564362602384 -0.99213426167118546 

0.90000000000000058 3 0.0976818
1 0.61505191525801306 -0.024881992274474209 0.059633637269778578 -1.0588732935482483 -0.053426743369240359 0.12804565645071819 
1 -0.48981296023972021 0.079107329234724286 -0.18959324980593376 0.95210110867774034 -0.37146539161136916 0.89027567315627176 
1 -0.12523895501832721 -0.054225336960246708 0.12995961253618094 0.10677218487048222 0.4248921349806144 -1.0183213296070275 

0.91000000000000059 3 0.0996079
1 0.60433424518166146 -0.025416117347723748 0.060913752644929132 -1.0848219302628306 -0.053380861736994099 0.12793569384866427 
1 -0.48010559830613064 0.07533555083682951 -0.18055358520186171 0.989933359129192 -0.38300785461604958 0.91793901475798012 
1 -0.12422864687557056 -0.049919433489098899 0.11963983255696425 0.094888571133553049 0.43638871635303839 -1.0458747086067091 

0.9200000000000006 3 0.101132
1 0.59335215175015599 -0.025949236836578193 0.062191457977729354 -1.1117681495115375 -0.053223113452254084 0.12755762508759386 
1 -0.47000207013574996 0.071444682743729199 -0.17122850327236078 1.0314373084173349 -0.39529755394061794 0.94739322660692893 
1 -0.12335008161445417 -0.045495445907141142 0.10903704529466605 0.080330841094109762 0.44852066739286472 -1.074950851694608 

0.9300000000000006 3 0.10267
1 0.58209534808818797 -0.026480153335435686 0.063463883495917014 -1.1397747047388134 -0.052937408972164264 0.12687288902851507 
1 -0.45946230491832851 0.067426804124610107 -0.16159902049125227 1.0773119949116521 -0.4084264217215714 0.97885863863562772 
1 -0.12263304316993477 -0.040946650789161661 0.09813513699537009 0.06246270982702213 0.46136383069372661 -1.1057315276643118 

0.94000000000000061 3 0.10419
1 0.57055290389733571 -0.02700749795165126 0.064727748431357493 -1.1689074801711818 -0.0525055070771306 0.12583776769816882 
1 -0.44843829453799727 0.063273004681973916 -0.1516437819186823 1.1284565428754361 -0.42250070724212613 1.0125898940875946 
1 -0.12211460935941718 -0.036265506730313986 0.086916033487357838 0.040450937295541334 0.47500621431925438 -1.138427661786003 

0.95000000000000062 3 0.105712
1 0.55871321585176636 -0.027529707832968129 0.065979307160965409 -1.1992351192037956 -0.051906829204582748 0.12440294131050568 
1 -0.43687172343038172 0.058973233741145582 -0.14133869952012762 1.1860493461663679 -0.43764240385362652 1.0488793693602343 
1 -0.12184149242147144 -0.031443525908169297 0.07535939235920161 0.013185773037135463 0.48954923305822418 -1.1732823106710257 

0.96000000000000063 3 0.107294
1 0.54656398270512163 -0.028045002062459856 0.067214291435120477 -1.230828447194541 -0.051118325190900107 0.12251316649589393 
1 -0.42469061670755981 0.054516140744513976 -0.13065656988569727 1.2516686199785365 -0.4539892939873707 1.0880572818831495 
1 -0.1218733659976344 -0.02647113868204529 0.063442278450616049 -0.020840172784275322 0.50510761917827995 -1.2105704483793018 

0.97000000000000064 3 0.109079
1 0.53409218734682218 -0.028551356668846315 0.068427850485945643 -1.2637596543469745 -0.050114441185321656 0.12010719940173377 
1 -0.41180446770127555 0.049888931222535834 -0.11956672904172877 1.3274820584177218 -0.47169121805709874 1.1304827479514963 
1 -0.12228771964562214 -0.021337574553683635 0.051138878555827487 -0.063722404070998953 0.52180565924240496 -1.2505899473534026 

0.98000000000000065 3 0.110439
1 0.52128408827850159 -0.029046480148181814 0.069614492361114458 -1.2981012319541443 -0.04886727081756892 0.11711815798963099 
1 -0.39809692489763521 0.045077300673973454 -0.10803489398430981 1.4165567658043448 -0.49089678287915955 1.1765119273486395 
1 -0.12318716338095673 -0.016030820525784664 0.038420401623239356 -0.11845553385044386 0.5397640536967363 -1.2936300853384652 

0.99000000000000066 3 0.112192
1 0.50812522273302974 -0.02952779192164752 0.070768032294569641 -1.3339247288312484 -0.047347017706172792 0.11347463050986142 
1 -0.38341439591084447 0.040065603087017287 -0.096023566566886653 1.5233886537327981 -0.51171606233696454 1.2264086295783785 
1 -0.12471082682238012 -0.010537811165362296 0.025255534272354663 -0.18946392490189759 0.55906308004306393 -1.3398832600883961 

1.0000000000000007 3 0.113989
1 0.49460042224154038 -0.029992407773642479 0.071881557806596691 -1.37129956918678 -0.045522970518771286 0.10910301238795135 
1 -0.36754748195040238 0.034837653398344354 -0.083493956720547408 1.6548547649199239 -0.53412120692862597 1.2801061088968784 
1 -0.12705294029125233 -0.0048452456247009661 0.011612398913994968 -0.28355519573337806 0.579644177447311 -1.3892091212848101 

1.0100000000000007 3 0.116418
1 0.48069383730332932 -0.030437138855602043 0.072947426316317454 -1.4102925757414613 -0.043365306142112925 0.10393182780723406 
1 -0.35019908870631622 0.029379230084865492 -0.070411980311655603 1.8220329481547874 -0.5576767053712739 1.3365605935031475 
1 -0.1304947485971287 0.0010579087707369319 -0.002535446004608281 -0.41174037241344269 0.60104201151319459 -1.4404924213105452 

1.0200000000000007 3 0.119284
1 0.46638895731107988 -0.030858514823602946 0.073957320594579962 -1.4509697945301061 -0.040848214803708552 0.097899219558189213 
1 -0.33092610674762579 0.023685351046236931 -0.056765696947296058 2.0439244217678825 -0.58075903290108477 1.3918810490390017 
1 -0.135462850563668 0.0071731637773637461 -0.017191623647246558 -0.59295462723794701 0.62160724770474551 -1.4897802685965997 

1.0300000000000007 3 0.121522
1 0.45166858575803792 -0.031252847857328549 0.074902402195658524 -1.4934046364592475 -0.037955102447179895 0.090965417355072783 
1 -0.30902488083369511 0.0177821994582604 -0.042617858757242437 2.355598904252564 -0.59804689414715495 1.4333141479380935 
1 -0.14264370492445527 0.013470648399057629 -0.032284543438364094 -0.86219426779557351 0.63600199659453893 -1.5242795652937393 

1.0400000000000007 3 0.124413
1 0.4365146624020001 -0.031616363203478784 0.075773624324908417 -1.5377032387102274 -0.034686851731313466 0.083132536629664536 
1 -0.28329149887428445 0.01180041916846954 -0.028281574423719508 2.8262439479361934 -0.59115037564564987 1.4167855485303182 
1 -0.15322316352743096 0.019815944034963073 -0.047492049901166809 -1.2885407092333709 0.62583722737848502 -1.4999180851641749 

1.0500000000000007 3 0.127143
1 0.42090762494655548 -0.031945428312427186 0.076562281002037172 -1.5840805251732288 -0.031072808399924507 0.074470909107099262 
1 -0.25154976935321033 0.0062610465490575591 -0.015005590176011413 3.5815182699407258 -0.48747418360784606 1.1683091258531797 
1 -0.16935785559349181 0.02568438176340224 -0.06155669082613624 -1.9974377447773022 0.51854699200936938 -1.2427800349632976 

1.0600000000000007 3 0.160143
1 0.4048243639004766 -0.032236853217542986 0.077260726966204146 -1.6330929839174775 -0.027166761674157471 0.065109449179341694 
1 -0.21085087309604869 0.0032481065171886757 -0.0077846019611510437 4.5051865449708304 -0.017070802482068291 0.040912883175775801 
1 -0.19397349080522025 0.02898874670042894 -0.069476125005068057 -2.8720935610653138 0.044237564158458698 -0.10602233235761781 

1.0700000000000007 3 0.319616
1 0.38823263654825202 -0.032487648373950524 0.077861797299314778 -1.6860527067498512 -0.022910660611685309 0.054909028564218136 
1 -0.16702747703681028 0.0072354070629345197 -0.017340799544038808 3.896258726532595 0.75892637443431876 -1.8188873153009535 
1 -0.22120515951248096 0.025252241311143848 -0.060520997755419206 -2.2102060197920133 -0.73601571382070652 1.7639782867349618 

1.0800000000000007 3 0.358389
1 0.37108551725779848 -0.032692624007242828 0.078353053884657548 -1.7443027309173271 -0.017923791077021689 0.042957205508394825 
1 -0.13487040595141542 0.016156086544325182 -0.038720621486141554 2.6317878669757762 0.94483894280786163 -2.2644562449949879 
1 -0.2362151113079701 0.0165365374630475 -0.03963243239875703 -0.88748513607039015 -0.92691515173122041 2.2214990394907077 

1.0900000000000007 3 0.389494
1 0.35332779011234211 -0.032842313132464933 0.07871180759282001 -1.8081865096984437 -0.011798016656839711 0.028275816424331267 
1 -0.11229475913522949 0.02540953372062707 -0.060897973939282514 1.9622134589077944 0.89415047666900915 -2.1429733038356624 
1 -0.24103303097889037 0.0074327794119657814 -0.017813833653818129 -0.1540269492244612 -0.88235246001237266 2.1146974874132454 

1.1000000000000008 3 0.395265
1 0.33490275850257306 -0.032923822616708016 0.078907157987881019 -1.8777829089516178 -0.0042445592903246898 0.010172758929686396 
1 -0.094548329619190255 0.033965252260132403 -0.081403109152771949 1.6228969211202606 0.81699025445670881 -1.9580466045455192 
1 -0.24035442888510303 -0.0010414296432726042 0.0024959511646525695 0.25488598781898536 -0.81274569516723527 1.9478738456162219 

1.1100000000000008 3 0.398703
1 0.3157525160284026 -0.032921596479409551 0.078901822697151014 -1.953267794124957 0.0049915644757681362 -0.011963075225764916 
1 -0.079331667185038465 0.041769486145840001 -0.1001071923136798 1.4382422260495225 0.74522149315721919 -1.7860413956600691 
1 -0.23642084884526451 -0.0088478896662738185 0.021205369616296019 0.51502556806304089 -0.75021305763361779 1.7980044708862555 

1.1200000000000008 3 0.401402
1 0.29581682821192595 -0.032817513147775854 0.078652370499914512 -2.0349281617802628 0.016171698759619695 -0.038758038633658252 
1 -0.065518012008611265 0.04889600318834228 -0.11718701966925164 1.3344192377400397 0.68125495613413478 -1.6327354535884702 
1 -0.23029881620523027 -0.016078490040418003 0.038534649169102153 0.70050892402758824 -0.69742665489432043 1.6714934922225351 

1.1300000000000008 3 0.403838
1 0.27503210019300744 -0.032590762591473192 0.078108926860996464 -2.1231473381368868 0.029572085702132923 -0.07087418935779774 
1 -0.052488406913131988 0.055414250020309141 -0.13280903107918082 1.2775556358401325 0.62318599398662999 -1.4935639842324715 
1 -0.22254369328192702 -0.022823487428698247 0.05470010421796688 0.84559170228427649 -0.65275807968948218 1.5644381735905419 

1.1400000000000008 3 0.405595
1 0.25333044299267399 -0.032217727409415572 0.077214888936306542 -2.2184015215181341 0.045475022983645606 -0.10898809852180603 
1 -0.039869521696561848 0.061371954344021734 -0.14708761354485636 1.25013194421254 0.56879774761778246 -1.3632139334840017 
1 -0.2134609212982963 -0.029154226934463161 0.069872724608332853 0.96826957729286267 -0.61427277060206542 1.472202032006098 

1.1500000000000008 3 0.407354
1 0.23063869015234068 -0.031672049412581151 0.07590708514913988 -2.3212744924775972 0.064139025259188437 -0.15371933746054656 
1 -0.027421986613540447 0.066796032830599011 -0.16008727713386445 1.2419509203849597 0.51616858094865847 -1.2370797959782509 
1 -0.20321670354108703 -0.03512398341788326 0.084180191984518635 1.0793235720797596 -0.58030760620853516 1.3907991334389953 

1.1600000000000008 3 0.408705
1 0.20687712536535999 -0.030925158978196313 0.074117043871381016 -2.4325041128954941 0.085732367595196951 -0.20547120403547905 
1 -0.014989001592384171 0.071695815738443427 -0.17183038328890937 1.2462700539868357 0.46369531385593316 -1.1113192965110681 
1 -0.19188812377539829 -0.040770656760121295 0.09771333941732159 1.1862340588958495 -0.54942768145181919 1.3167905005468983 

1.1700000000000008 3 0.410052
1 0.18195746746528341 -0.029947778264446466 0.071774596115785891 -2.5530914844391193 0.1101972840698162 -0.26410525306132659 
1 -0.0024721828950429775 0.076066002461101165 -0.18230422826667941 1.257927105345229 0.4100499479465009 -0.98274967649975786 
1 -0.17948528457278798 -0.046118224196533761 0.11052963215068679 1.2951643790809844 -0.52024723201700207 1.2468549295614506 

1.1800000000000008 3 0.411474
1 0.15577922140803022 -0.028713379931109673 0.068816164908005004 -2.6845309338062502 0.13697978111646172 -0.32829375117031773 
1 0.010178670070245492 0.079889363994110757 -0.19146752002789239 1.272321281885622 0.35418084783644177 -0.84885052510515557 
1 -0.16595789148095141 -0.051175984062883477 0.12265135511968282 1.4122096519077669 -0.49116062895356544 1.177144276275792 

1.1900000000000008 3 0.41388
1 0.12822278324771008 -0.027205522553609821 0.065202345768761175 -2.8292425321685952 0.16449428707933531 -0.39423662464060838 
1 0.022968017501013023 0.083139829943692609 -0.199257776742787 1.2848383567359218 0.29539215031684618 -0.70795409588108305 
1 -0.15119080075149435 -0.055934307389976276 0.13405543097383185 1.544404175419696 -0.45988643739684054 1.1021907205221373 

1.2000000000000008 3 0.415848
1 0.099137094581648322 -0.025432892345540432 0.060953956585314301 -2.9912055020415216 0.18905603540823676 -0.45310274654898913 
1 0.035853029637429749 0.085786828591077585 -0.20560172844290556 1.2906306853208744 0.23351578424606342 -0.55965757970419194 
1 -0.13499012422195214 -0.060353936245433025 0.14464777185744104 1.7005748167078487 -0.42257181965491292 1.0127603262535971 

1.2100000000000009 3 0.417802
1 0.068322158553542636 -0.023459719289077512 0.056224934687812776 -3.1760973217327728 0.20276080707565564 -0.48594840349864632 
1 0.048741987238510733 0.087801765011910907 -0.21043084286093278 1.2848568816190788 0.16915959333496811 -0.40541777034617915 
1 -0.11706414579503349 -0.064342045722734248 0.15420590817299221 1.8912404401006382 -0.37192040041119956 0.89136617384530492 

1.2200000000000009 3 0.420354
1 0.035526316736614626 -0.021465562563325026 0.051445622101822262 -3.3869719023933751 0.18967141604729418 -0.45457760376221895 
1 0.061498228546054232 0.089167005285172657 -0.21370285751076082 1.2635845383275113 0.10393338684803521 -0.24909283079832614 
1 -0.097024545285750705 -0.067701442721664951 0.16225723540872788 2.1233873640524932 -0.29360480289567759 0.70367043456086598 

1.2300000000000009 3 0.422861
1 0.00056141006938393255 -0.019846030751699714 0.047564157485343823 -3.6014934265390535 0.1225649187553103 -0.29374624935013643 
1 0.073956832319623411 0.089886040818137239 -0.21542614010352965 1.2254040814682299 0.040401511444721136 -0.096828624175191141 
1 -0.074518242392316358 -0.070040010066308667 0.16786198261790877 2.376089345057748 -0.16296643020039001 0.39057487352610043 

1.2400000000000009 3 0.426792
1 -0.036191250370736602 -0.019275684746494319 0.046197232907410693 -3.7193971182121448 -0.020645100533360102 0.049479254841501154 
1 0.085958550655736723 0.089990171258339496 -0.21567570520419849 1.1730357638498774 -0.018631241832478988 0.044652723344912798 
1 -0.04976730028858551 -0.070714486511486929 0.16947847229624896 2.54636135435261 0.039276342365572585 -0.094131978185735529 

1.2500000000000009 3 0.461538
1 -0.073011592499988259 -0.020385871269194826 0.048857970828526075 -3.6011134258755635 -0.1996406499543483 0.4784704525471169 
1 0.097391558674287587 0.089534003459604231 -0.21458242679049863 1.1128670129930018 -0.071569832600667529 0.17152844473537213 
1 -0.024379966177986243 -0.069148132190046188 0.16572445596145935 2.4882464128732376 0.27121048255478603 -0.64999889728186377 

1.2600000000000009 3 0.46466
1 -0.10756761608042564 -0.023096455328233189 0.055354315043347535 -3.2935695195350965 -0.33025061772804515 0.79149793668621038 
1 0.10821151588216493 0.088577345781944622 -0.21228964507465278 1.0512627931538998 -0.11898365519585845 0.28516318374761135 
1 -0.00064389980570471743 -0.06548089045341636 0.1569353300309192 2.2423067263672163 0.44923427292393237 -1.076661120434802 

1.2700000000000009 3 0.467199
1 -0.13882021708890588 -0.026760313119804136 0.064135330813393315 -2.9627897662190974 -0.39311392134902789 0.94215980509243225 
1 0.11842321162621318 0.08716629108498003 -0.20890782889852758 0.99148661786469805 -0.16280960851875093 0.39019902551801799 
1 0.020397005458430571 -0.06040597796484426 0.14477249808468423 1.9713031483405701 0.55592352986828575 -1.332358830611841 

1.2800000000000009 3 0.469712
1 -0.16700848586730774 -0.030820334295458895 0.073865814909179595 -2.6852542596858626 -0.41411614162660021 0.99249495398617882 
1 0.12804942026328664 0.085326123780365845 -0.20449757636118054 0.93412424064831345 -0.20513530812916092 0.49163927153716064 
1 0.038959065599795402 -0.054505789484555846 0.1306317614516132 1.7511300190223573 0.61925144975640889 -1.484134225523138 

1.2900000000000009 3 0.471667
1 -0.19272156976582797 -0.034977207068928699 0.08382841920620776 -2.4661733715923524 -0.41511599562092916 0.99489126251971749 
1 0.13711157851776276 0.083062355568158316 -0.1990720971254058 0.87851119995515414 -0.24782717502023421 0.59395709546695763 
1 0.055609991243671539 -0.04808514849888261 0.11524367791884675 1.5876621716217205 0.66294317064185881 -1.5888483579865218 

1.3000000000000009 3 0.473439
1 -0.21648503830781365 -0.039094087708209997 0.093695176016511852 -2.29307381382386 -0.4073544443421151 0.97628947498962992 
1 0.14562154888131126 0.080362385543494272 -0.19260119112581645 0.82345776150868855 -0.29268541807175352 0.7014669831476269 
1 0.070863489421944661 -0.041268297834916784 0.098906015108935333 1.4696160522998714 0.70003986241471783 -1.677756458137081 

1.3100000000000009 3 0.475887
1 -0.23869520420838256 -0.043112701217079608 0.10332642007742092 -2.153736307991581 -0.39602724017577573 0.94914203530374608 
1 0.15357739495858491 0.077194654383363204 -0.18500922144396037 0.76738370880540396 -0.34176467818475309 0.81909320707590849 
1 0.085117809245106049 -0.034081953165904622 0.0816828013661587 1.3863525991711563 0.73779191836137614 -1.7682352423794812 

1.320000000000001 3 0.478652
1 -0.25964184074296009 -0.04701080591583591 0.11266884567917408 -2.0391128241604148 -0.38351240191280572 0.91914824231330816 
1 0.16095863763588192 0.07350388109457523 -0.17616369841986967 0.70809493718438754 -0.39785819361536789 0.95353020534702126 
1 0.098683203102262501 -0.026493075178347921 0.063494852740322863 1.3310178869612781 0.78137059552899013 -1.8726784476603788 

1.330000000000001 3 0.481307
1 -0.27953854745891182 -0.050782705775767698 0.12170880138632524 -1.9428781654579534 -0.370906046016235 0.88893511281209736 
1 0.1677173043471033 0.069199672609922352 -0.16584798074434573 0.64211930727024447 -0.46541184811206332 1.1154332428561078 
1 0.11182124310681302 -0.018416966833752296 0.044139179357643589 1.3007588581728964 0.83631789412904745 -2.0043683556681224 

1.340000000000001 3 0.484378
1 -0.29854584918539434 -0.054430323649709643 0.13045089562036485 -1.8606190323182761 -0.35870993018245728 0.85970518862759449 
1 0.17375782526345426 0.064130810503860256 -0.15369964949856857 0.56294068981120149 -0.55271281893631852 1.3246638530930734 
1 0.12478802391671392 -0.0097004868537544052 0.023248753877860684 1.2976783424926726 0.91142274911976673 -2.1843690417188295 

1.350000000000001 3 0.487445
1 -0.31678699019359136 -0.057959019042802866 0.13890797328471152 -1.7892066653967318 -0.34714401685208585 0.83198564460445379 
1 0.17888387249982493 0.058019950151582601 -0.13905400434170237 0.45521804849860803 -0.67865612368626993 1.6265069398221288 
1 0.13790311768930444 -6.0931108374251599e-05 0.0001460310563356244 1.3339886168846649 1.0258001405396933 -2.4584925844250543 

1.360000000000001 3 0.520578
1 -0.33435851579202297 -0.061375598312473835 0.1470963468936228 -1.7263733011364979 -0.33629459475731793 0.80598328536241337 
1 0.18260870797599368 0.050245245056540259 -0.12042069160673204 0.26603539808447552 -0.90402823083645045 2.1666469069257732 
1 0.15174980781102113 0.011130353256393385 -0.026675655287433798 1.4603379030375288 1.2403228255964813 -2.9726301922844374 

1.370000000000001 3 0.857298
1 -0.35133738383894997 -0.064687399904198958 0.15503360419395293 -1.6704304940992769 -0.32619211132129389 0.78177108297415776 
1 0.18259096296990282 0.038291866982350341 -0.091772526927265966 -0.62788993594002818 -1.8035348570556793 4.3224570718791746 
1 0.16874642086460451 0.026395532922237411 -0.063261077267159752 2.2983204300272213 2.1297269683759148 -5.1042281548571253 

