0 3 0
1 1 0 0 0 0 0 
1 -0.84007595183425154 -0.17894187367991485 -0.45458275148238575 0 0 0 
1 -0.15992404816574846 0.17894187367991485 0.45458275148238575 0 0 0 

0.01 3 0.00236702
1 0.99995757725021217 3.191021097036678e-06 8.1064488735824111e-06 -0.0084846985282590933 0.00063820941006741247 0.0016213029610349853 
1 -0.84004246253657044 -0.17892997132239555 -0.45455251481212683 0.006697998775399343 0.0023805145333170965 0.0060474433638422285 
1 -0.15991511471364125 0.17892678030129858 0.45454440836325188 0.0017866997528597031 -0.0030187239433845155 -0.0076687463248772073 

0.02 3 0.00289202
1 0.99983030008562623 1.2764395819492832e-05 3.2426586652460007e-05 -0.016971180264929445 0.0012764811050259769 0.0032427641501951896 
1 -0.83994198628803651 -0.17889426166776939 -0.45446179824187549 0.013397668837692046 0.0047615455305732536 0.012096198749256815 
1 -0.15988831379758758 0.17888149727194921 0.45442937165521891 0.0035735114272372648 -0.0060380266355992496 -0.01533896289945199 

0.029999999999999999 3 0.00424099
1 0.99961814175074748 2.8721058378575535e-05 7.2962786600599662e-05 -0.025461230383499039 0.0019148773531770592 0.0048645417534612474 
1 -0.839774498010874 -0.17883473696682714 -0.45431058208559527 0.020100683734266506 0.0071436100552201625 0.018147579700813869 
1 -0.15984364373987262 0.17880601590844786 0.45423761929899081 0.0053605466492323622 -0.0090584874083972436 -0.023012121454275062 

0.040000000000000001 3 0.00545406
1 0.99932105762031043 5.1062565515475601e-05 0.00012971900345301818 -0.03395663799259574 0.0025534603893678982 0.0064867938718271619 
1 -0.83953995587107988 -0.17875138429422732 -0.45409883350783287 0.026808721540753703 0.0095272263713778744 0.024202902813253695 
1 -0.15978110174923468 0.17870032172871117 0.45396911450437755 0.0071479164518418034 -0.012080686760745774 -0.030689696685080817 

0.050000000000000003 3 0.00656104
1 0.99893898515005752 7.9791096080323191e-05 0.00020270077234616439 -0.042459198116044816 0.0031922923975757022 0.0081096784770570626 
1 -0.83923830122175669 -0.1786441855334657 -0.45382650648554079 0.033523467143322327 0.01191291454828514 0.030263489267028029 
1 -0.1597006839283078 0.17856439443738426 0.45362380571319483 0.0089357309727221834 -0.015105206945860813 -0.038373167744085016 

0.060000000000000005 3 0.00771093
1 0.99847184380759868 0.00011490945043305459 0.00029191520729588696 -0.050970713687974532 0.0038314354926584828 0.009733353365325121 
1 -0.83886945852349803 -0.17851311735578368 -0.45349354175449336 0.040246614542901044 0.014301197069711533 0.03633066637644692 
1 -0.159602385284107 0.17839820790534897 0.45320162654720186 0.01072409914507317 -0.018132632562370014 -0.046064019741771822 

0.070000000000000007 3 0.0111499
1 0.99791953498327002 0.00015642104965642278 0.00039737099919816282 -0.059492997568086479 0.0044709517009836894 0.011357976108004568 
1 -0.83843333524161057 -0.17835815119294843 -0.45309986674014396 0.046979869188831201 0.01669259945002375 0.04240576915472901 
1 -0.15948619974166117 0.17820173014328938 0.4527024957409525 0.012513128379255117 -0.021163551151007366 -0.053763745262733351 

0.080000000000000002 3 0.012835
1 0.99728194188068808 0.00020432993456843788 0.00051907841332032715 -0.068027874582305359 0.0051109029396359468 0.012983703998847448 
1 -0.83792982171980313 -0.17817925320383221 -0.45264539547271743 0.0537249503496346 0.019087650858630522 0.04849014190033786 
1 -0.1593521201608788 0.17797492326926148 0.45212631705940398 0.014302924232670586 -0.024198553798266517 -0.061473845899184879 

0.089999999999999997 3 0.013931
1 0.99655892938676149 0.00025864076451850382 0.00065704928624275892 -0.07657718359412205 0.0057513509938930604 0.014610693996764424 
1 -0.83735879102996569 -0.1779763842346993 -0.45213002848632045 0.060483593528784116 0.021486884754573804 0.054585139809092492 
1 -0.15920013835679134 0.17771774347017891 0.45147297920008445 0.016093590065337872 -0.027238235748466833 -0.069195833805856408 

0.099999999999999992 3 0.01527
1 0.99575034392082029 0.00031935881594828615 0.00081129702220293794 -0.085142779612100331 0.0063923574926437673 0.01623910266337654 
1 -0.83672009879750264 -0.17774949977308663 -0.4515536527017851 0.067257552933645728 0.023890839533082294 0.060692130616668644 
1 -0.15903024512331068 0.17743014095713702 0.45074235567958937 0.0178852266784543 -0.030283197025726065 -0.076931233280044545 

0.10999999999999999 3 0.0166221
1 0.99485601326243622 0.00038648998069505154 0.00098183658878526581 -0.093726535939159972 0.0070339838814033571 0.017869086094464144 
1 -0.83601358300171291 -0.17749854989515282 -0.45091614129291607 0.074048604006064195 0.026300059185966323 0.066812496276259847 
1 -0.15884243026071343 0.17711205991445692 0.44993430470413898 0.019677931933095413 -0.033334043067369756 -0.084681582370723429 

0.11999999999999998 3 0.0177171
1 0.99387574635755349 0.00046004076401164485 0.0011686845118910032 -0.10233034636945623 0.0076762913925619387 0.019500799844385752 
1 -0.83523906375050749 -0.17722347920634454 -0.45021735353575731 0.080858546023440711 0.028715093977800223 0.072947634676348849 
1 -0.15863668260703631 0.17676343844233205 0.44904866902387452 0.021471800346015646 -0.036391385370362232 -0.092448434520734105 

0.12999999999999998 3 0.018851
1 0.9928093331023643 0.00054001828227348201 0.0013718588699131601 -0.11095612743888167 0.0083193410124751278 0.021134398842475765 
1 -0.8343963430287008 -0.17692422677521591 -0.4494571346404645 0.087689204779573385 0.031136501139922022 0.079098961403738968 
1 -0.15841299007365461 0.17638420849294134 0.44808527577056012 0.023266922659308586 -0.039455842152397363 -0.1002333602462139 

0.13999999999999999 3 0.0199761
1 0.9916565441043953 0.00062643026033895751 0.0015913792870308645 -0.11960582073546067 0.0089631934449798077 0.022770037300359383 
1 -0.83348520441909213 -0.17660072606020671 -0.44863531556530445 0.094542435355020701 0.033564845584368987 0.085267911557229834 
1 -0.15817133968529976 0.17597429579986673 0.44704393627828093 0.025063385380440058 -0.042528039029349353 -0.10803794885758902 

0.14999999999999999 3 0.0210941
1 0.99041713042015911 0.00071928502852524744 0.0018272669255267387 -0.12828139527619831 0.009607909070884383 0.024407868609042437 
1 -0.83250541279531654 -0.1762529048291771 -0.44775171281222154 0.10142012498730053 0.036000700639973668 0.091455941617593087 
1 -0.1579117176248386 0.1755336198006516 0.44592444588670388 0.026861270288897954 -0.04560860971085836 -0.11586381022663533 

0.16 3 0.0221832
1 0.98909082326866704 0.0008185915191568922 0.0020795444770189461 -0.1369848499572342 0.010253547902947562 0.026048045224540371 
1 -0.8314567139854846 -0.17588068507145599 -0.44680612820342586 0.10832419605185134 0.038444648812957977 0.097664531379779235 
1 -0.15763410928318075 0.17506209355229796 0.44472658372641588 0.028660653905382701 -0.048698196715905695 -0.12371257660431947 

0.17000000000000001 3 0.0232823
1 0.98767733372008215 0.0009243592626394572 0.0023482361524866588 -0.14571821608451194 0.010900169535819211 0.027690718540706864 
1 -0.83033883440538858 -0.17548398290215345 -0.44579834863829626 0.11525660916540084 0.04089728257449745 0.10389518595364114 
1 -0.15733849931469088 0.17455962363951322 0.44345011248581911 0.03046160691911122 -0.051797452110316652 -0.13158590449434845 

0.18000000000000002 3 0.0261483
1 0.98617635235856671 0.0010365983830049714 0.0026333676709538473 -0.15448355999255464 0.011547833090368406 0.029336038747806426 
1 -0.82915148066000977 -0.17506270845845204 -0.44472814582992831 0.12221936642415425 0.043359205177867371 0.11014943783980691 
1 -0.15702487169855733 0.17402611007544644 0.44209477815898351 0.032264193568400081 -0.054907038268235689 -0.13948547658761326 

0.19000000000000003 3 0.0266573
1 0.98458754891853584 0.0011553195928700867 0.0029349662466809623 -0.1632829857593433 0.012196597151774615 0.030984154675241283 
1 -0.82789433911192689 -0.1746167657875653 -0.44359527602049498 0.12921451479009877 0.045831031507947428 0.11642884908775354 
1 -0.15669320980661314 0.1734614461946935 0.44066030977382165 0.034068470969244313 -0.058027628659721754 -0.14741300376299477 

0.20000000000000004 3 0.0271792
1 0.98291057189321007 0.0012805341877410808 0.0032530605746973937 -0.17211863802579166 0.012846519700698762 0.03263521361669891 
1 -0.82656707541505192 -0.17414605272602698 -0.44239947967460813 0.13624414963970627 0.048313388966034161 0.1227350135435839 
1 -0.15634349647815934 0.17286551853828497 0.4391464190999162 0.035874488386085777 -0.061159908666732828 -0.15537022716028323 

0.21000000000000005 3 0.0276861
1 0.98114504811440395 0.001412254039592935 0.0035876808144897363 -0.18099270492877995 0.013497658036785321 0.034289361135816557 
1 -0.82516933401202242 -0.17365046076994844 -0.44114048114970195 0.14331041849038098 0.050806918393115699 0.12906955919550098 
1 -0.15597571410238487 0.17223820673035417 0.43755280033521765 0.037682286438398542 -0.06430457642990077 -0.16335892033131827 

0.22000000000000006 3 0.0281861
1 0.97929058230240851 0.0015504915896416109 0.0039388585716407304 -0.18990742115731213 0.014150068693674552 0.03594674085027974 
1 -0.82370073759333073 -0.17312987493582854 -0.43981798834245289 0.1504155249212574 0.053312275034968985 0.13543415062554037 
1 -0.15558984470908113 0.17157938334618517 0.4358791297708185 0.039491896236055563 -0.067462343728643195 -0.17138089147582145 

0.23000000000000007 3 0.0286841
1 0.97734675658463332 0.0016952598402203889 0.0043066268771918088 -0.19886507114195667 0.014803807344622357 0.037607494192059193 
1 -0.8221608865162523 -0.17258417361149334 -0.43843169231010154 0.15756173270624246 0.055830129552692946 0.14183049157671881 
1 -0.15518587006838319 0.17088891377127124 0.43412506543291685 0.041303338435715875 -0.070633936897314675 -0.1794379857687792 

0.24000000000000007 3 0.0292091
1 0.9753131299816471 0.0018465723456612653 0.0046910201644781843 -0.20786799238839848 0.01545892869773422 0.039271760141264357 
1 -0.82054935818126506 -0.17201322839668759 -0.43698126686548761 0.16475137017876401 0.058361169082542658 0.14826032764542885 
1 -0.15476377180038633 0.17016665605102438 0.43229024670101923 0.043116622209636218 -0.073820097780275956 -0.18753208778669411 

0.25000000000000006 3 0.0297091
1 0.97318923785911227 0.0020044432020722897 0.0050920742431594945 -0.21691857896669506 0.016115486379718016 0.040939674930828771 
1 -0.81886570636357714 -0.17141690393280271 -0.43546636814450068 0.17198683484930777 0.0609060983492321 0.15472544910967156 
1 -0.15432353149554029 0.16941246073072877 0.43037429390135018 0.044931744117388595 -0.077021584728949516 -0.19566512404050035 

0.26000000000000006 3 0.0302141
1 0.97097459134401343 0.002168887035889949 0.005509826270138159 -0.22601928516861311 0.016773532806946243 0.042611371718957874 
1 -0.81710946049715183 -0.17079505772118533 -0.43388663414450179 0.17927059829870881 0.063465640837191417 0.16122769390450278 
1 -0.15386513084686729 0.16862617068529398 0.42837680787437232 0.046748686869905777 -0.080239173644136436 -0.20383906562346035 

0.27000000000000007 3 0.0307171
1 0.96866867670338663 0.0023399189910733613 0.005944314717027656 -0.23517262934632466 0.017433119042491275 0.044286980225943344 
1 -0.8152801249082714 -0.17014753992942577 -0.43224168423222864 0.18660521137223157 0.066040540024612945 0.16776895075700224 
1 -0.15338855179511615 0.16780762093835133 0.42629736951520691 0.048567417974095639 -0.08347365906710294 -0.21205593098294687 

0.28000000000000008 3 0.0312231
1 0.96627095468371671 0.0025175547147924214 0.0063955793337948878 -0.24438119794670063 0.018094294637655987 0.045966626331586324 
1 -0.81337717799558773 -0.16947419318496634 -0.43053111861947724 0.19399330970177459 0.06863156068552749 0.17435116249405566 
1 -0.15289377668812829 0.16695663847017267 0.4241355392856912 0.050387888244929541 -0.08672585532318243 -0.22031778882564335 

0.29000000000000009 3 0.0317209
1 0.96378085980895178 0.002701810341447113 0.0068636611081627002 -0.25364764975650411 0.018757107456359414 0.047650431629070775 
1 -0.8114000713531494 -0.16877485235533107 -0.42875451780480067 0.20143761958611342 0.071239490265564739 0.18097632953732906 
1 -0.15238078845580191 0.16607304201388262 0.42189085669664578 0.052210030170393495 -0.089996597721923768 -0.2286267611664009 

0.3000000000000001 3 0.0322258
1 0.96119779963494312 0.0028927024748373765 0.007348602220314646 -0.2629747203749398 0.019421603480563772 0.049338512930668203 
1 -0.80934822883273405 -0.16804934431419999 -0.42691144197923808 0.20894096426196065 0.073865140337546417 0.1876465136010452 
1 -0.15184957080221032 0.1651566418393613 0.41956283975893183 0.054033756112981127 -0.093286743818109877 -0.23698502653171513 

0.31000000000000011 3 0.032728
1 0.95852115395793391 0.0030902481682841781 0.0078504459923943413 -0.27236522693129883 0.020087826594723579 0.051030981720157118 
1 -0.80722104554133334 -0.16729748769249972 -0.42500143039400057 0.21650627060182373 0.076509348143572298 0.19436384160949552 
1 -0.15130010841659927 0.16420723952421529 0.41715098440161591 0.055858956329474685 -0.096597174738295766 -0.24539482332965382 

0.32000000000000012 3 0.0332329
1 0.95575027397458312 0.0032944649024809272 0.0083692368322396855 -0.2818220730667963 0.020755818347018101 0.052727943546256768 
1 -0.80501788676939823 -0.16651909261361669 -0.42302400068779372 0.2241365762782335 0.079172978230855715 0.20113050985269545 
1 -0.15073238720518109 0.16322462771113541 0.41465476385556427 0.057685496788561642 -0.099928796577874068 -0.25385845339895419 

0.33000000000000013 3 0.0337329
1 0.9528844813907511 0.0035053705608308829 0.008905020170729987 -0.29134825420125537 0.0214256176848737 0.054429497350751546 
1 -0.80273808684489611 -0.16571396041174322 -0.42097864817131642 0.2318350374379079 0.08185692418919259 0.20794878840024958 
1 -0.15014639454585063 0.16220858985091216 0.4120736280005966 0.059513216763344624 -0.10328254187406673 -0.26237828575100275 

0.34000000000000014 3 0.034236
1 0.94992306747612731 0.0037229834019997933 0.0094578423920587424 -0.30094686310691282 0.022097260662001305 0.05613573472425009 
1 -0.80038094790790382 -0.16488188333231166 -0.41886484506623411 0.23960493693393986 0.084562110498675028 0.21482102579526327 
1 -0.14954211956821425 0.16115889993031141 0.409407002674186 0.06134192617296904 -0.10665937116067675 -0.27095676051951523 

0.35000000000000014 3 0.0347421
1 0.9468652920614451 0.0039473220293837086 0.010027750756170286 -0.31062109581348074 0.022770780113856148 0.057846739081724823 
1 -0.79794573859986395 -0.16402264421335622 -0.41668203969573342 0.24744969316910026 0.087289494497036407 0.22174965405217908 
1 -0.14891955346157446 0.160075322183971 0.40665428893957284 0.063171402644377733 -0.11006027461089252 -0.279596393133905 

0.36000000000000015 3 0.0352473
1 0.94371038247492645 0.0041784053571593607 0.010614793312513846 -0.32037425787056145 0.02344620529806847 0.059562584749066706 
1 -0.79543169266108738 -0.16313601614656439 -0.41442965562343448 0.25537286960903649 0.090040068476898286 0.22873719398460396 
1 -0.14827868981383024 0.15895761078940276 0.40381486231093083 0.065001388261521978 -0.1134862737749667 -0.28829977873367219 

0.37000000000000016 3 0.0357554
1 0.94045753241416419 0.0044162525725477443 0.011219018804178643 -0.33020977099570548 0.024123561495995309 0.061283335950867511 
1 -0.7928380074295498 -0.16222176211665745 -0.41210709073729512 0.26337818503052596 0.092814861924155737 0.2357862608916928 
1 -0.14761952498460115 0.15780550954410708 0.4008880719331242 0.066831585965177312 -0.11693842342015089 -0.29706959684256262 

0.38000000000000017 3 0.0362663
1 0.93710590074947575 0.0046608830938810767 0.011840476561367434 -0.34013118013882104 0.024802869571083401 0.063009045688489126 
1 -0.79016384223319402 -0.16127963461763353 -0.40971371627470515 0.27146952457710016 0.095614943909811526 0.24289957063434373 
1 -0.14694205851627004 0.15661875152375013 0.39787323971334715 0.068661655561719867 -0.12041781348089449 -0.30590861632283639 

0.39000000000000018 3 0.0367703
1 0.93365461025441798 0.00491231652401779 0.012479216383051996 -0.35014216099622852 0.025484145479226832 0.064739754496180066 
1 -0.78740831666731448 -0.1603093752442673 -0.40724887578474261 0.27965095170248233 0.098441425648771827 0.2500799461355519 
1 -0.14624629358708918 0.1553970587202485 0.39476965940169817 0.070491209293744833 -0.12392557112799861 -0.31481970063173625 

0.40000000000000019 3 0.0372734
1 0.93010274625871781 0.0051705725985985111 0.013135288405523101 -0.36024652801057555 0.026167399725723229 0.06647548906152824 
1 -0.78457050874772372 -0.15931071425712626 -0.40471188402313324 0.28792672109144651 0.10129546324045152 0.25733032434261516 
1 -0.14553223751098576 0.1541401416585271 0.39157659561761904 0.072319806919124541 -0.12746286296617432 -0.32380581340414832 

0.4100000000000002 3 0.0377693
1 0.92644935521866811 0.0054356711285800541 0.013808742956404238 -0.37044824289595368 0.026852636762777063 0.068216260694884262 
1 -0.78164945292937305 -0.15828337011920146 -0.40210202577512927 0.29630129265806332 0.10417826060750875 0.26465376369268617 
1 -0.14479990228928752 0.15284769899062089 0.38829328281873299 0.074146950237886727 -0.131030897370285 -0.33287002438757657 

0.42000000000000021 3 0.0382693
1 0.92269344319941093 0.0057076319364188751 0.014499630392532716 -0.3807514237310935 0.027539854320762391 0.069962063630505819 
1 -0.77864413797917575 -0.15722704900209369 -0.39941855460100412 0.3047793467330846 0.10709107265070682 0.27205345212735921 
1 -0.1440493052202276 0.15151941706567462 0.3849189242084794 0.075972076998005178 -0.13463092697146919 -0.34201551575787131 

0.43000000000000022 3 0.0387714
1 0.91883397426330893 0.00598647478520478 0.01520800091993107 -0.39116035466722848 0.028229042665616169 0.071712873140042779 
1 -0.77555350469048423 -0.15614144425947801 -0.39666069149846783 0.31336580056559959 0.11003520863973006 0.27953271570667321 
1 -0.14328046957281232 0.15015496947427387 0.38145269057854453 0.077794554101624586 -0.13826425130534561 -0.35124558884672197 

0.44000000000000022 3 0.0392735
1 0.91486986875790244 0.0062722192999639268 0.015933904393885638 -0.40167949630152339 0.028920183773785121 0.073468643436580522 
1 -0.77237644342539702 -0.15502623586540198 -0.39382762347570621 0.32206582627930652 0.11301203586185918 0.28709502787818958 
1 -0.14249342533249484 0.14875401656543852 0.37789371908183067 0.079613670022210148 -0.14193221963564423 -0.36056367131477574 

0.45000000000000023 3 0.0397775
1 0.91080000149663787 0.0065648848802591009 0.016677390096917578 -0.41231349677148821 0.029613250415069993 0.075229305344700848 
1 -0.76911179146958364 -0.15388108981469578 -0.39091850202820094 0.33088487044113452 0.11602298355273494 0.29474401946266499 
1 -0.14168821002704746 0.1473162049344372 0.37424111193129378 0.081428626330344797 -0.14563623396780484 -0.36997332480737138 

0.46000000000000024 3 0.0402756
1 0.90662319982473261 0.0068644906031132703 0.017438506492169856 -0.42306720363092287 0.030308205132483317 0.076994763708921235 
1 -0.76575833018261952 -0.15270565748256457 -0.38793244151182643 0.3398286754198111 0.11906954713601042 0.30248348942445219 
1 -0.14086486964210518 0.14584116687945226 0.37049393501966588 0.083238528211102183 -0.14937775226849354 -0.37947825313337824 

0.47000000000000025 3 0.0407755
1 0.90233824156215314 0.0071710551151663929 0.018217300949442808 -0.43394567657345995 0.031004999106844931 0.078764894509318437 
1 -0.76231478192499968 -0.15149957494010882 -0.38486851740402012 0.34890330273469616 0.12215329280163627 0.31031741650213351 
1 -0.14002345963713908 0.14432851982494388 0.36665121645458731 0.085042373838756166 -0.15315829190848107 -0.38908231101145652 

0.48000000000000026 3 0.0412745
1 0.89794385281476707 0.0074845965128444792 0.019013819440777565 -0.44495420107595351 0.031703570892243509 0.080539541649106594 
1 -0.75877980674073175 -0.15026246222223966 -0.38172576444397871 0.35811515862135412 0.12527586245576955 0.31824997178324388 
1 -0.13916404607402152 0.14277786570939632 0.36271194500321091 0.086839042454590967 -0.1569794333480127 -0.39878951343235625 

0.49000000000000027 3 0.0417736
1 0.89343870564420991 0.0078051322091733507 0.019828106202109629 -0.45609830304064058 0.032403845006688053 0.082318513374334989 
1 -0.75515199877216754 -0.14899392254407751 -0.37850317464202471 0.36747102207033916 0.12843897907899299 0.32628553231625168 
1 -0.13828670687202871 0.14118879033490528 0.35867506843992564 0.088627280970293279 -0.1608428240856806 -0.4086040456905925 

0.50000000000000022 3 0.0423007
1 0.88882141558589178 0.0081326787857017111 0.020660203357095494 -0.46738376452250829 0.033105730360194291 0.084101578280611627 
1 -0.75142988238085429 -0.14769354146156874 -0.3751996951472259 0.3769780756303362 0.13164445253367921 0.3344286958635464 
1 -0.13739153320502376 0.13956086267586854 0.35453949179013944 0.090405688892164146 -0.16475018289387341 -0.41853027414416522 

0.51000000000000023 3 0.0428057
1 0.8840905390039987 0.0084672518278096076 0.021510150498731395 -0.47881664063636492 0.033809118500193656 0.085888460855748458 
1 -0.74761190794521626 -0.14636088597158567 -0.37181422596130387 0.38664393930683377 0.13489418586600493 0.3426842969110423 
1 -0.13647863105876712 0.13789363414377823 0.35030407546258124 0.092172701329523349 -0.16870330436619882 -0.4285727577667971 

0.52000000000000024 3 0.0433147
1 0.8792445702710302 0.0088088657414635615 0.022377984223839558 -0.4904032777471371 0.034513881651434361 0.087678836500341514 
1 -0.74369644730217432 -0.14499550354633184 -0.36834561748563949 0.39647670793388512 0.13819018215342052 0.3510574240634356 
1 -0.13554812296883967 0.13618663780487053 0.34596763326180696 0.09392656981324457 -0.17270406380485506 -0.43873626056378201 

0.53000000000000025 3 0.0438199
1 0.87428193875858951 0.0091575335492367887 0.023263737614878668 -0.50215033305676449 0.0352198705244504 0.089472325960419596 
1 -0.73968178879593149 -0.14359692109630676 -0.36479266788679576 0.40648499245043668 0.14153455195433678 0.35955343896933845 
1 -0.13460014996264269 0.13443938754707271 0.34152893027192394 0.095665340606319829 -0.17675442247878681 -0.44902576492976348 

0.54000000000000026 3 0.044318
1 0.86920100562480274 0.0095132666631354019 0.024167439662833492 -0.51406479571189623 0.035926911863109257 0.091268489097250841 
1 -0.73556613189244868 -0.14216464385550123 -0.36115412026448135 0.41667796557546488 0.14492952142357748 0.36817799693773851 
1 -0.13363487373233796 0.13265137719236869 0.33698668060165188 0.09738683013642141 -0.18085643328668727 -0.45944648603499383 

0.55000000000000027 3 0.0448217
1 0.86400006038246802 0.0098760746314575931 0.02508911462413773 -0.52615400956845249 0.036634805697665335 0.093066817909016109 
1 -0.73134758131280997 -0.14069815418181875 -0.3574286596041355 0.4270654124494479 0.14837744116481133 0.37693706942663069 
1 -0.13265247906963898 0.13082207955036429 0.33233954498000251 0.099088597118993205 -0.185012246862477 -0.47000388733565035 

0.56000000000000028 3 0.0453238
1 0.85867731723070706 0.010245964856553729 0.026028781303673174 -0.53842569776219695 0.03734332226504062 0.094866728707114364 
1 -0.72702414063271581 -0.13919691026495645 -0.35361490949445368 0.43765778689561985 0.15188079589986891 0.38583696860690753 
1 -0.1316531765979726 0.12895094540840565 0.32758612819078431 0.10076791086656824 -0.18922411816490928 -0.48070369731402551 

0.57000000000000028 3 0.0458248
1 0.85323091113116067 0.010622942279945563 0.026986452254848796 -0.55088798924872406 0.038052198552657908 0.09666755333613368 
1 -0.72259370528810396 -0.13766034473313887 -0.34971142858793364 0.44846627405528744 0.15544221504478128 0.39488437422965489 
1 -0.13063720584304056 0.12703740245319653 0.32272497633308711 0.10242171519342744 -0.19349441359743924 -0.4915519275657913 

0.58000000000000029 3 0.0463278
1 0.84765889360824043 0.01100700903079627 0.027962132886576837 -0.56354944749180824 0.038761134415905625 0.098468529310689959 
1 -0.71805405491900931 -0.13608786314914256 -0.34571670678018346 0.45950286027035347 0.15906448429359304 0.4040863630535807 
1 -0.12960483868920872 0.12508085411834968 0.31775457389360839 0.10404658722144428 -0.19782561870949836 -0.50255489236427275 

0.5900000000000003 3 0.0468318
1 0.8419592282508831 0.011398164033189323 0.028955820465605943 -0.57641910149617237 0.03946978821213968 0.10026878872407219 
1 -0.71340284497419049 -0.13447884238497301 -0.34162916108097513 0.47078041122666153 0.16275055832384641 0.41345044112195772 
1 -0.12855638327667021 0.12308067835178638 0.31267334061537111 0.10563869026950043 -0.20222034653598539 -0.51371922984603113 

0.60000000000000031 3 0.047333
1 0.83612978589145315 0.011796402567060571 0.029967503001116558 -0.5895064793991851 0.04017777188582735 0.10206734576257216 
1 -0.70863759748817223 -0.13283262886335259 -0.33744713114691666 0.48231275953842112 0.16650357475222116 0.42298457921542987 
1 -0.12749218840325954 0.12103622629629403 0.30747962814580315 0.10719371986074906 -0.20668134663804671 -0.52505192497800268 

0.61000000000000032 3 0.047832
1 0.83016833943489632 0.01220171577693006 0.030997157996705781 -0.60282164485600831 0.040884645429849806 0.1038630826350193 
1 -0.70375569092958712 -0.13114853665280238 -0.33316887444222193 0.49411480315219686 0.17032686948547726 0.43269725184945307 
1 -0.12641264850528755 0.11894682087587399 0.30217171644551699 0.10870684170379528 -0.21121151491532547 -0.53656033448447016 

0.62000000000000033 3 0.0483301
1 0.82407255830905179 0.012614090121773506 0.032044751052845294 -0.61637523647447634 0.04158991063690487 0.10565473369888012 
1 -0.69875434900477862 -0.12942584540156213 -0.32879256099004384 0.50620261618575213 0.17422399363083604 0.44259748023330708 
1 -0.12531820930425061 0.11681175527979096 0.29674780993720073 0.11017262028870807 -0.21581390426773964 -0.54825221393218193 

0.63000000000000034 3 0.0488331
1 0.81784000250419264 0.013033506758452797 0.033110234300551801 -0.63017851057905017 0.04229300404211541 0.10744086753171053 
1 -0.69363062828303113 -0.1276637980938472 -0.32431626767249561 0.51859357410086437 0.17819873215162463 0.45269487966277139 
1 -0.12420937422113953 0.11463029133539746 0.29120603337194528 0.11158493647816932 -0.22049173619373763 -0.5601357471944779 

0.64000000000000035 3 0.0493312
1 0.81146811616704995 0.013459940850061039 0.034193544644311229 -0.64424338760804212 0.042993288943106958 0.10921986665901262 
1 -0.68838140448925322 -0.12586159860995363 -0.31973797203234622 0.53130649545080577 0.18225512447871722 0.46299971188130395 
1 -0.12308671167777537 0.11240165775989464 0.28554442738803681 0.11293689215722146 -0.22524841342182081 -0.57221957854031347 

0.65000000000000036 3 0.049829
1 0.80495422071130995 0.013893360789317879 0.035294601789198153 -0.65858250247436667 0.043690046366611675 0.11098990460585535 
1 -0.68300335728543593 -0.1240184090694865 -0.31505554552379095 0.54436180285586477 0.18639748731653016 0.47352294301623715 
1 -0.12195086342585396 0.11012504828017051 0.27976094373459509 0.11422069961848967 -0.23008753368313958 -0.58451284762208877 

0.66000000000000036 3 0.0503302
1 0.79829550740320665 0.014333727325744564 0.036413306023555796 -0.67320925924728392 0.044382464830725464 0.11274891988898098 
1 -0.67749295333329529 -0.12213334693444942 -0.31026674615314598 0.55778170636107993 0.19063043991441697 0.4842763077780467 
1 -0.12080255406989 0.10779961960870704 0.27385344012959306 0.11542755288618724 -0.23501290474513972 -0.59702522766702149 

0.67000000000000037 3 0.0510273
1 0.79148902937712518 0.01478099258372447 0.037549535724484252 -0.68813789054054997 0.045069628728857926 0.1144945865074693 
1 -0.6718464273960707 -0.12020548184601829 -0.30536921044301196 0.57159041294063773 0.19495893211077808 0.49527238070344348 
1 -0.1196426019810365 0.10542448926229736 0.26781967471853119 0.11654747759987975 -0.2400285608396322 -0.60976696721090318 

0.68000000000000038 3 0.0517194
1 0.78453169303203829 0.015235098956689255 0.03870314454863967 -0.70338352202051357 0.045750505134655783 0.11622428042204455 
1 -0.6660597611960497 -0.11823383216559134 -0.30036044464517897 0.58581436666099829 0.19938827549861893 0.50652465532814628 
1 -0.1184719318359742 0.10299873320890404 0.26165730009654264 0.11756915535948378 -0.24513878063326844 -0.62274893575017132 

0.69000000000000039 3 0.0524225
1 0.7774202487555123 0.015695977860506274 0.039873958265344976 -0.71896224247467644 0.046423928796237329 0.11793504143454399 
1 -0.66012865969503309 -0.11621736118692562 -0.29523781511797592 0.60048252493346632 0.20392417810779756 0.51804763229341888 
1 -0.11729158906045919 0.10052138332642215 0.25536385685263213 0.11847971754118451 -0.25034810690402959 -0.63598267372794526 

0.7000000000000004 3 0.0531175
1 0.7701512809171851 0.016163548326657094 0.041061771182710954 -0.73489117990677821 0.047088585052262766 0.11962352978799826 
1 -0.65404852440494421 -0.11415497298205229 -0.28999853777323903 0.61562667742534805 0.20857278305158375 0.52985691752355513 
1 -0.11610275651221422 0.097991424655398729 0.24893676659053163 0.11926450248139235 -0.25566136810383866 -0.64948044731154708 

0.71000000000000041 3 0.0572333
1 0.76272119706920372 0.016637715412918745 0.042266342110143906 -0.75118858414532208 0.047742990361033244 0.12128597670289884 
1 -0.64781442326345851 -0.11204550783881011 -0.2846396664858627 0.63128181561157748 0.21334071164311039 0.54196933175860951 
1 -0.11490677380572074 0.095407792425894089 0.24237332437572789 0.11990676853371603 -0.26108370200413678 -0.66325530846149949 

0.72000000000000042 3 0.0587564
1 0.75512621628595678 0.017118368405936682 0.043487389792169789 -0.76787391646785952 0.048385470086234852 0.12291812794423491 
1 -0.64142105652117021 -0.10988773724251842 -0.27915808034529993 0.6474865627167854 0.2182351115508081 0.55440303288814796 
1 -0.1137051597647569 0.09276936883658464 0.23567069055313697 0.12038735375105199 -0.26662058163704133 -0.67732116083237026 

0.73000000000000043 3 0.0602953
1 0.7473623565702795 0.01760537878625127 0.044724587738804812 -0.78496794674823189 0.04901413312827848 0.12451517937512978 
1 -0.63486271797856086 -0.10768035834828468 -0.27355046961300311 0.66428367602144145 0.22326371063015354 0.56717765270507925 
1 -0.11249963859169762 0.09007497956203489 0.22882588187420319 0.12068427072676736 -0.27227784375842878 -0.69169283208020482 

0.74000000000000044 3 0.0620813
1 0.7394254212485899 0.018098597921922477 0.045977558366452176 -0.80249285862571462 0.049626842927770337 0.12607170329424197 
1 -0.62813325077779458 -0.10542198788368527 -0.26781332023285637 0.68172063631958113 0.22843487713987093 0.58031444987846781 
1 -0.11129217047077271 0.087323389961765779 0.22183576186641346 0.12077222230611846 -0.27806172006764396 -0.7063861531727168 

0.75000000000000044 3 0.0636723
1 0.73131098427210584 0.018597854451809313 0.047245866350403509 -0.82047236316558714 0.050221184296699521 0.12758156417392952 
1 -0.62122599678938861 -0.10311115541415154 -0.26194289672262167 0.6998503429006856 0.23375768712060152 0.59383648112190524 
1 -0.11008498748270139 0.084513300962346535 0.21469703037222604 0.12062202026489754 -0.28397887141730244 -0.72141804529584375 

0.76000000000000045 3 0.0653353
1 0.72301437433740223 0.01910295131373866 0.048529011075218641 -0.83893182142396971 0.050794425452997331 0.12903782221311294 
1 -0.6141337384279536 -0.10074629589527527 -0.25593522325384188 0.71873193702828619 0.23924199977638982 0.60776879269207906 
1 -0.10888063590942403 0.081643344581539545 0.20740621217863472 0.1201998843956642 -0.29003642522939099 -0.7368066149052005 

0.77000000000000046 3 0.0667362
1 0.71453065773532332 0.019613662366100366 0.049826418052248772 -0.85789837623417609 0.05134347454508971 0.13043262289251278 
1 -0.6068486314731667 -0.098325741427609734 -0.24978606270580581 0.73843178283262523 0.24489854174311607 0.62213863446377171 
1 -0.10768202626214221 0.078712079061513493 0.19995964465357219 0.11946659340155256 -0.29624201628821362 -0.75257125735630126 

0.78000000000000047 3 0.0674334
1 0.70585461983519437 0.020129728543803124 0.051137429154248806 -0.8774010933843156 0.051864829855364863 0.13175707047189339 
1 -0.5993621271456292 -0.095847712120636017 -0.2434908934564185 0.75902464227834965 0.25073900113497616 0.63697569884491623 
1 -0.10649249268953391 0.075717983576839482 0.1923534643021845 0.11837645110597134 -0.30260383099034682 -0.768732769316815 

0.79000000000000048 3 0.0681314
1 0.69698074511029717 0.020650853480886671 0.052461291495095909 -0.89747111213796482 0.052354522766680511 0.13300108310252751 
1 -0.59166488127275962 -0.093310305963849871 -0.23704488365077889 0.78059509104085245 0.25677613220034495 0.65231238664368318 
1 -0.10531586383750335 0.072659452482967957 0.18458359215569667 0.11687602109712 -0.30913065496703152 -0.78531346974619898 

0.80000000000000049 3 0.0688305
1 0.68790319561291668 0.021176698522392456 0.053797144757974348 -0.91814180474008922 0.052808052467297667 0.1341532269520668 
1 -0.58374664784664498 -0.090711487595390133 -0.23044286266909142 0.80323923560389088 0.26302387124338927 0.66818410155491947 
1 -0.1041565477662318 0.069534789073004158 0.17664571791113109 0.11490256913620207 -0.31583192371069646 -0.80233732850699657 

0.8100000000000005 3 0.0695305
1 0.67861578781231091 0.021706877037301509 0.055144006748004418 -0.93944894411887792 0.053220311262746241 0.13520052646728706 
1 -0.5755961535874432 -0.088049075853716005 -0.22367928950301291 0.8270668099254278 0.26949746409854741 0.68462957399552915 
1 -0.10301963422483026 0.066342198816421324 0.16853528275502602 0.11238213419345357 -0.32271777536130963 -0.81983010046283555 

0.82000000000000051 3 0.0702314
1 0.66911196772020576 0.022240947932549777 0.056500756915284514 -0.96143087840594565 0.053585499267646712 0.13612824765776163 
1 -0.56720094922652087 -0.085320729998034819 -0.2167482177501272 0.85220375438821971 0.27621360475354523 0.701691213261461 
1 -0.10191101849365568 0.063079782065493237 0.16024746083486058 0.10922712401772232 -0.32979910402121787 -0.83781946091921877 

0.83000000000000052 3 0.0709286
1 0.65938478424562808 0.022778408255479873 0.057866117562211876 -0.98412871010856517 0.053897027182138152 0.13691965110973733 
1 -0.55854723203884182 -0.08252393449284165 -0.20964325696068714 0.87879541304318098 0.2831905834931463 0.71941548387100007 
1 -0.10083755220674286 0.059745526237369562 0.15177713939849083 0.10533329706538209 -0.3370876106753149 -0.85633513498073544 

0.84000000000000052 3 0.0716264
1 0.64942686074760847 0.023318684758998585 0.059238632415666938 -1.007586476727228 0.054147405840600585 0.13755571139644029 
1 -0.54961963257664515 -0.079655982277747908 -0.2023575301364067 0.90701053116212582 0.29044844083513166 0.73785329662289978 
1 -0.099807228170906079 0.056337297518757913 0.14311889772075603 0.10057594556510072 -0.34459584667575638 -0.87540900801934229 

0.85000000000000053 3 0.0723224
1 0.63923036479277506 0.023861124290854512 0.060616642211993636 -1.0318513282618504 0.054328121292282587 0.13801479973373929 
1 -0.54040095643229014 -0.076713956497314301 -0.19488362731702738 0.93704629949865403 0.29800911997818053 0.75706039587386031 
1 -0.098829408360423018 0.052852832206468317 0.13426698510504773 0.094805028763209662 -0.35233724127048338 -0.89507519560760285 

0.86000000000000054 3 0.0730174
1 0.62878697617883961 0.024404982856974435 0.06199825691357122 -1.0569736953330049 0.054429494390918536 0.13827232728252761 
1 -0.53087186896532534 -0.073694710765648611 -0.18721355544465376 0.96913478296761635 0.30589660451142858 0.77709770937494727 
1 -0.097915107213440794 0.049289727908682773 0.12521529853109911 0.087838912365403948 -0.36032609890236794 -0.9153700366574743 

0.87000000000000055 3 0.0737274
1 0.6180878533577252 0.024949413200573846 0.063381324154871688 -1.083007439510937 0.05444052431799374 0.13830034763626256 
1 -0.52101050693473505 -0.070594848218927739 -0.17933868514891621 1.0035512028521731 0.31413701809723976 0.79803160150514396 
1 -0.097077346422895616 0.045645435018364003 0.11595736099406354 0.079456236658791479 -0.3685775424152557 -0.9363319491414106 

0.88000000000000056 3 0.0744262
1 0.60712359848893449 0.025493450736658829 0.064763393510565301 -1.1100099748804819 0.054348716267115085 0.13806711907148581 
1 -0.51079199538800357 -0.067410699919267264 -0.17124969588429512 1.0406247337250176 0.32275864586726966 0.81993392762566952 
1 -0.096331603100848692 0.041917249182616995 0.10648630237374937 0.069385241155475397 -0.37710736213440421 -0.95800104669715169 

0.89000000000000057 3 0.075139
1 0.59588422147783959 0.02603599768996747 0.066141676199638164 -1.1380423469323506 0.054139894857993427 0.1375366305459409 
1 -0.50018784021480311 -0.06413830370783534 -0.16293652220872379 1.0807527618766362 0.33179180829843835 0.84288171367542197 
1 -0.095696381262961316 0.03810230601787671 0.096794846009105512 0.057289585055733047 -0.38593170315645497 -0.98041834422134333 

0.90000000000000058 3 0.076077
1 0.5843591035079222 0.026575805309995957 0.067512999904580387 -1.1671692517762327 0.053798006993275457 0.13666810087736694 
1 -0.48916515529496796 -0.060773385525047047 -0.15438830632953751 1.1244199846652092 0.34126846820237183 0.86695615776944879 
1 -0.095193948212876855 0.034197580215060509 0.086875306424967949 0.042749267111066663 -0.39506647519566607 -1.00362425864682 

0.91000000000000059 3 0.0770099
1 0.57253696076065508 0.027111454089364086 0.068873758518233061 -1.197458975925408 0.053304921200762502 0.13541546899379481 
1 -0.47768566627980713 -0.057311346808506879 -0.14559336608922813 1.172224398889482 0.35122136321412079 0.8922404263792405 
1 -0.094851294480750775 0.030199892719150329 0.076719607571001047 0.025234577036041476 -0.40452628441490268 -1.027655895372992 

0.9200000000000006 3 0.0779469
1 0.56040580922281757 0.027641332005733973 0.070219856869724262 -1.2289832355691606 0.052640235556912961 0.13372690598369918 
1 -0.46570440769365268 -0.053747264370094111 -0.13653919465329711 1.2249132828912683 0.3616822975552188 0.91881531473851008 
1 -0.094701401529050738 0.026105932364367673 0.066319337783585147 0.0040699526781002504 -0.41432253311213996 -1.0525422207221502 

0.9300000000000006 3 0.0788748
1 0.54795293168483972 0.028163610963683472 0.071546650877540391 -1.2618168963836001 0.051781113818632603 0.13154439880629959 
1 -0.45316799114395179 -0.050075914126104758 -0.12721252079408377 1.283433987343114 0.37267893461179241 0.9467510987303196 
1 -0.094784940540763474 0.021912303162429061 0.055665869916564727 -0.021617090959263934 -0.42446004843042173 -1.0782954975365666 

0.94000000000000061 3 0.0798068
1 0.53516484818490107 0.028676221860946271 0.072848884207983439 -1.2960375644163009 0.050702180429729418 0.12880348356657587 
1 -0.44001226129814891 -0.046291839109957149 -0.11759948166980365 1.349007191665035 0.38422887755319846 0.9760924973297419 
1 -0.095152586886655316 0.017615617249017453 0.044750597461849811 -0.052969627248482198 -0.43493105798293874 -1.1048959808962713 

0.95000000000000062 3 0.0807407
1 0.52202729114430169 0.029176829084961858 0.074120623486361836 -1.3317250625790928 0.049375520987241586 0.12543324670002354 
1 -0.42615905763618739 -0.04238949914160952 -0.10768600304376107 1.42323514256507 0.39632873749291003 1.0068309014317638 
1 -0.095868233508011103 0.013212670056655232 0.033565379557433203 -0.09151007998572834 -0.44570425848016731 -1.1322641481316833 

0.96000000000000063 3 0.0816805
1 0.50852518606609631 0.029662805817909404 0.075355195562068308 -1.3689608590286968 0.047770857293879095 0.12135676967465286 
1 -0.4115116361116683 -0.038363572289367549 -0.097458565115885312 1.5082659604194306 0.40893366827465577 1.038852384157777 
1 -0.097013549954335129 0.0087007664714650705 0.022103369553853908 -0.13930510139053892 -0.45670452556854513 -1.1602091538324228 

0.97000000000000064 3 0.0826125
1 0.49464263754531762 0.030131212367535222 0.076545132460360502 -1.4078276178469133 0.045855997324014283 0.11649227208164047 
1 -0.39594802390360245 -0.034209544134093148 -0.086905699485694488 1.6070507083388019 0.42191810083387254 1.0718379506873899 
1 -0.09869461364160198 0.0040783317665651951 0.01036056702536786 -0.19922309049164103 -0.46777409815792204 -1.1883302227690657 

0.98000000000000065 3 0.0835326
1 0.48036291772781742 0.030578780943947424 0.077682132709425158 -1.448409245962696 0.043597702223597663 0.11075531415616491 
1 -0.3793110823582837 -0.029924859630949967 -0.076020915334184203 1.7237592892221059 0.43499770497831275 1.1050652904821796 
1 -0.10105183536943624 -0.00065392131299133024 -0.0016612173752092376 -0.27535004325913226 -0.4785954072019411 -1.2158206046383151 

0.99000000000000066 3 0.0847294
1 0.46566844885530229 0.031001911979465762 0.078757051991355936 -1.490792206422523 0.040963165298924409 0.10406255399070083 
1 -0.36139313992111821 -0.0255112214649213 -0.064808538151035502 1.8644780636806895 0.44756689215257561 1.1369959703843298 
1 -0.10427530893417104 -0.0054906905145377157 -0.013948513840298172 -0.37368585725796455 -0.48853005745154354 -1.241058524374884 

1.0000000000000007 3 0.0859325
1 0.45054076036153939 0.03139668933097528 0.079759941762106559 -1.5350696527595669 0.037922356240796817 0.096337702786506607 
1 -0.34191133358307574 -0.020979354311643675 -0.053295812831214484 2.0384231582902896 0.45833968465127861 1.1643631011429749 
1 -0.10862942677845203 -0.010417335019331848 -0.026464128930875706 -0.50335350553032665 -0.49626204089211595 -1.2607008039294405 

1.0100000000000007 3 0.0871124
1 0.43496037835364093 0.031758924460040923 0.080680161486346269 -1.5813515552660353 0.034451519817289264 0.087520412909666528 
1 -0.32046652241385465 -0.016359447459687898 -0.041559432043616493 2.2601092116777655 0.46449455964541037 1.1799989048390829 
1 -0.11449385593977575 -0.015399477000351413 -0.039120729442709903 -0.67875765641084918 -0.49894607946271663 -1.2675193177485007 

1.0200000000000007 3 0.0887933
1 0.41890655829616891 0.032084242292551531 0.081506596754826299 -1.6297875286924546 0.030538018174481305 0.077578579239681422 
1 -0.29647287598004551 -0.01172582536930067 -0.029788209155092279 2.553171075988014 0.45944459588858921 1.1671700103363705 
1 -0.12243368231628401 -0.020358416923269909 -0.051718387599694583 -0.92338354729644923 -0.48998261406299309 -1.244748589575448 

1.0300000000000007 3 0.0917063
1 0.40235666895457817 0.032368220711717341 0.082228013651277701 -1.6806174357934545 0.026185984508341312 0.066522701720267349 
1 -0.26903999809541207 -0.007260970879929266 -0.01844572236313801 2.9557137688300714 0.42640362907517454 1.0832329569413957 
1 -0.13331667085951332 -0.025107249831811552 -0.063782291288056681 -1.2750963330379925 -0.45258961358346245 -1.1497556586604798 

1.0400000000000007 3 0.0968752
1 0.385284796261257 0.03260657679865258 0.082833531876994687 -1.7342856924178942 0.021418624743746579 0.054411732529247317 
1 -0.23683239003945172 -0.0034385416993674188 -0.008735248573461708 3.5139731869703446 0.31855620790824207 0.80925808204995409 
1 -0.14845240622246209 -0.029168035099372044 -0.07409828330336829 -1.779687494552201 -0.3399748326516866 -0.86366981457884706 

1.0500000000000007 3 0.101953
1 0.3676585770471007 0.032795284590171211 0.083312923901520688 -1.7916977631779143 0.016255191929436707 0.041294581984469482 
1 -0.19844554267494313 -0.0015382532621484332 -0.003907768405545714 4.1418807446448822 0.013604977473894291 0.034561994724432901 
1 -0.16921303437313429 -0.031257031328063838 -0.079405155495784849 -2.3501829814715216 -0.029860169402518393 -0.075856576709424681 

1.0600000000000007 3 0.149235
1 0.34943258260851934 0.03293001786144012 0.083655199412072834 -1.8546122923330708 0.010577653586343161 0.026871401157208676 
1 -0.15634927680627317 -0.0041335976263795699 -0.010500964049860043 4.0565277364324253 -0.54912931057685022 -1.3950044659056133 
1 -0.19308330580340502 -0.028796420235118862 -0.073154235362061809 -2.2019154441024731 0.53855165699144292 1.3681330647478114 

1.0700000000000007 3 0.178686
1 0.33054058042721074 0.033003460691253941 0.08384177309082283 -1.9251980050786901 0.0038787826577316264 0.0098536337898697032 
1 -0.12092416684702786 -0.011632474849796749 -0.029551062113171791 2.9841032320360945 -0.87624350842633369 -2.2260032089569557 
1 -0.20961641357973204 -0.02137098584151035 -0.054290710977576109 -1.0589052269572385 0.872364725770994 2.2161495751715359 

1.0800000000000007 3 0.198576
1 0.31089953294464906 0.033001761979675671 0.083837457695102174 -2.0044834263553302 -0.0045623398072907051 -0.011590137848623869 
1 -0.095674245372892597 -0.020592111319229219 -0.052312063296358541 2.1443219750652771 -0.88808840174614201 -2.2560938975464682 
1 -0.21522528757126974 -0.012409650660441413 -0.031525394398601268 -0.13983854871148116 0.89265074155528379 2.2676840354001877 

1.0900000000000007 3 0.200482
1 0.29042131191417142 0.032904462830048407 0.083590279579408067 -2.0926537233438545 -0.015325562509859388 -0.038932957560652258 
1 -0.076736681578469274 -0.02914070285451471 -0.074028848649475204 1.6913918356985003 -0.81732176983594884 -2.0763188142531455 
1 -0.21368463033552254 -0.0037637599755110038 -0.0095614309297248779 0.40126188764182719 0.83264733234904964 2.1152517718137274 

1.1000000000000008 3 0.202025
1 0.26901608437583763 0.032685921716162358 0.083035099180268829 -2.1899463753560626 -0.028887186560615719 -0.073384817535008279 
1 -0.061147495602801541 -0.036914741656008096 -0.093777965364595886 1.4513245453250141 -0.73783754506139987 -1.8743976157418887 
1 -0.20786858877293335 0.0042288199398800783 0.010742866184509885 0.73862183002809023 0.76672473162569721 1.947782433276485 

1.1100000000000008 3 0.203567
1 0.24659024423283957 0.032315863005718891 0.08209500448161719 -2.2968932396651129 -0.04570580080039071 -0.11611071382767775 
1 -0.04734195101114777 -0.043913057575295636 -0.11155644080422876 1.3233605139470404 -0.66271912302628255 -1.6835672736121388 
1 -0.19924829322161963 0.011597194569655411 0.029461436322767404 0.9735327257132943 0.70842492383025657 1.7996779874390063 

1.1200000000000008 3 0.206469
1 0.22304307226662656 0.031759422531862445 0.080681426784879551 -2.4144013841121033 -0.066238021777874495 -0.16827063209646878 
1 -0.034472573572601257 -0.050184935622605682 -0.12748947828220306 1.2584296438899543 -0.59228807398112293 -1.5046447028002459 
1 -0.18857049869401898 0.018425513090869455 0.046808051497457773 1.1559717402178082 0.65852609576256971 1.672915334896049 

1.1300000000000008 3 0.209074
1 0.19826229594975486 0.030977352974345923 0.078694662457476083 -2.5439146341674022 -0.090889095658397728 -0.23089405701753818 
1 -0.022049880847113429 -0.055767664667669831 -0.14167180619634348 1.2308651050976822 -0.52450901545754847 -1.3324592311559711 
1 -0.17621241510268207 0.024790311693480858 0.06297714373895999 1.3130495290650728 0.6153981111195318 1.5633532881725336 

1.1400000000000008 3 0.211752
1 0.17211706722579506 0.029927185088001986 0.076026822910033667 -2.6877975283152695 -0.11985909366028639 -0.30448924818967366 
1 -0.0097819324618575419 -0.060676499040317883 -0.1541421765451608 1.2254451083465108 -0.4571550155855108 -1.1613535756963915 
1 -0.16233513476404005 0.030749313952513183 0.078115353635212534 1.4623524199642339 0.57701410924937824 1.4658428238851735 

1.1500000000000008 3 0.215107
1 0.14444496335751453 0.028566926277194499 0.072571230430595893 -2.8502121631734911 -0.15275558026057609 -0.38805926500788329 
1 0.0024972454692488272 -0.064905650577613272 -0.16488588511785851 1.231544615558176 -0.38828216542368821 -0.98638944301390696 
1 -0.14694220882690734 0.036338724300641521 0.09231465468735775 1.6186675476113075 0.54103774568781626 1.3744487080207333 

1.1600000000000008 3 0.216307
1 0.11502543253357957 0.026865128502594225 0.068247994628152037 -3.0390969336276723 -0.18761065907582317 -0.47660487652534217 
1 0.01485765662061992 -0.068432111199296458 -0.17384448233969382 1.2402586681235719 -0.31642451666330057 -0.8038427477281137 
1 -0.12988308915437913 0.041566982696977589 0.10559648771161159 1.7988382655003712 0.50403517574262491 1.280447624252351 

1.1700000000000008 3 0.21786
1 0.083523249612640738 0.024827787427242537 0.063072346845439012 -3.2704229469761494 -0.21818627857179876 -0.5542789779140268 
1 0.027282439700186688 -0.071221717732479692 -0.18093118031241398 1.2429740578532209 -0.24088155149352167 -0.61193389902804163 
1 -0.11080568931306826 0.046393930305595951 0.11785883346701076 2.0274488891198308 0.45906783006872737 1.166212876940657 

1.1800000000000008 3 0.219404
1 0.049375079879416806 0.022574479752055031 0.057348058942012059 -3.5748141306578032 -0.22571800265311717 -0.57341251991902342 
1 0.039668469830173879 -0.073239161530994412 -0.18605628118472001 1.2311310816767989 -0.16223073006805386 -0.41212987286690261 
1 -0.089043549709861808 0.050664681779311133 0.12870822224281797 2.3436830489768745 0.38794873272449143 0.98554239278468903 

1.1900000000000008 3 0.220979
1 0.011672064147171949 0.020569927319135047 0.052255707209483242 -3.9805062712198156 -0.15332609534825858 -0.38950859776533231 
1 0.051832808725757878 -0.074464166033545817 -0.18916827451487087 1.1978062046761997 -0.083010832105446547 -0.21088016843783605 
1 -0.063504872873252405 0.053894238714865109 0.13691256730552248 2.782700066540956 0.23633692745706542 0.60038876620164339 

1.2000000000000008 3 0.246251
1 -0.029959495405771551 0.020173152863545887 0.05124774400866159 -4.2740368063496996 0.11192299536862525 0.284328436606889 
1 0.063549070666548524 -0.074912921571517674 -0.19030829011326938 1.1422457444078644 -0.0078499626576619096 -0.019941993181156255 
1 -0.033589575261127401 0.054739768708457016 0.139060546104745 3.1317910619387916 -0.10407303270772095 -0.26438644342727335 

1.2100000000000009 3 0.266201
1 -0.071265460483097204 0.023053012498234753 0.05856372036293777 -3.8713592844094289 0.43827969900667241 1.1134028463768622 
1 0.074636057701598105 -0.074648264317605906 -0.18963595657708648 1.0742703818732906 0.059412022537902412 0.15092990880380233 
1 -0.0033705972188339981 0.051595251819703987 0.13107223621427314 2.7970889025446191 -0.49769172154166341 -1.2643327551822343 

1.2200000000000009 3 0.292215
1 -0.10667031307802685 0.028179835137744112 0.071587866661769167 -3.2318924535447935 0.55666276898947553 1.4141424137843632 
1 0.085033667882124575 -0.073746418240274156 -0.18734491277140677 1.0056990803058128 0.12023956600040578 0.30545579759954106 
1 0.021636645195599342 0.045566583102908106 0.11575704610990853 2.2261933732482326 -0.67690233498693986 -1.7195982113848582 

1.2300000000000009 3 0.294094
1 -0.13658975600405829 0.033831131928424567 0.085944383622901438 -2.7844093597101338 0.56480952500694614 1.4348383788478838 
1 0.09476132161497737 -0.072250245642052874 -0.18354404580627434 0.94038108024355915 0.17901424972584565 0.45476661510750011 
1 0.041828434388909208 0.038419113714050185 0.097599662183569122 1.8440282794768939 -0.74382377472747752 -1.8896049939537121 

1.2400000000000009 3 0.295653
1 -0.1628686765113273 0.039386757912089669 0.10005785909905404 -2.4906157094647678 0.54439325888134127 1.3829730315176889 
1 0.10384999290726091 -0.0701589570235987 -0.17823135004204901 0.87764062682976185 0.2399471402664744 0.60956012692263062 
1 0.059018683603998756 0.030772199111965631 0.07817349094327776 1.6129750826461249 -0.78434039914216269 -1.9925331584387984 

1.2500000000000009 3 0.296855
1 -0.18669571465130758 0.044702998957629352 0.11356320266288028 -2.2859325862045763 0.51871324615849523 1.3177356971727623 
1 0.11231618854699299 -0.067429473162343989 -0.1712973873073465 0.81549064914271352 0.30748618265205707 0.78113586315938777 
1 0.074379526104360619 0.022726474205226943 0.057734184644771001 1.470441937072781 -0.82619942880506769 -2.0988715603302119 

1.2600000000000009 3 0.298402
1 -0.20876192390268575 0.04976396283893663 0.12642004180830962 -2.1341589084554591 0.49379052030612935 1.2544221693812581 
1 0.12015231432744104 -0.063966600237991889 -0.16250032785093435 0.75103509138968827 0.38797827642155641 0.98561744539585538 
1 0.08860960957527271 0.01420263739960761 0.036080286042952853 1.3831238170766031 -0.8817687967221749 -2.240039614777011 

1.2700000000000009 3 0.299939
1 -0.22948957762837704 0.054586263348035145 0.13867058210278047 -2.0158546592625082 0.47106858816156139 1.1966995233584208 
1 0.12731341626304393 -0.059588480811937287 -0.15137818223974889 0.67936585958562112 0.49338586427075726 1.2533941838767897 
1 0.1021761613654473 0.0050022174645200368 0.012707600137323614 1.3364887996873247 -0.9644544524267894 -2.4500937072334619 

1.2800000000000009 3 0.302868
1 -0.24915336809866059 0.059193262366657465 0.15037417191596411 -1.9199930363760962 0.45071540897431889 1.1449944416718543 
1 0.13368010745837544 -0.053921352538288128 -0.13698144708382146 0.58914676979678871 0.65406692800998245 1.6615872946537811 
1 0.11547326064055158 -0.0052719098277066905 -0.013392724831537695 1.3308462665913821 -1.1047823369793182 -2.8065817363239107 

1.2900000000000009 3 0.358596
1 -0.26794171960865482 0.063607875147916437 0.16158902500530845 -1.8398902795921064 0.4325519935715163 1.098852221405977 
1 0.13890419437842846 -0.045947899812599564 -0.1167257405556629 0.43531193275474456 1.0009623701754253 2.5428381798382116 
1 0.12903752523047474 -0.017659975334677593 -0.044863284449035687 1.4045783468500175 -1.4335143637417662 -3.6416904012425682 

