0 3 0
1 1 0 0 0 0 0 
1 -0.4946191150245694 0.0036522716966982047 -0.73297758227382792 0 0 0 
1 -0.50538088497543066 -0.0036522716966982047 0.73297758227382792 0 0 0 

0.01 3 0.00339389
1 0.99996776446154678 6.8186227978395829e-10 -1.368435337742274e-07 -0.006447183339442465 1.3637396246021719e-07 -2.7369009096325525e-05 
1 -0.49460308583781776 0.0036521161909602688 -0.73294637369207827 0.0032058748843638496 -3.1101555343158062e-05 0.0062417981830302513 
1 -0.50536467862372714 -0.0036521168728225546 0.73294651053561366 0.0032413084550786194 3.0965181380697841e-05 -0.0062144291739339328 

0.02 3 0.00418878
1 0.99987105330692128 2.7275395151398894e-09 -5.4739227674952556e-07 -0.012895274590579951 2.7276600508342744e-07 -5.4741646716283271e-05 
1 -0.49455499602534869 0.0036516496492789577 -0.73285274303642323 0.0064122002405217118 -6.220800454189961e-05 0.012484578518192532 
1 -0.50531605728157036 -0.003651652376818484 0.73285329042869962 0.0064830743500581961 6.1935238536816082e-05 -0.012429836871476261 

0.029999999999999999 3 0.00511575
1 0.99970985291480319 6.1373029517575971e-09 -1.2317006654592621e-06 -0.01934518236950148 4.0919421956537356e-07 -8.2121543698020954e-05 
1 -0.49447483882878002 0.0036508719982304497 -0.73269667557136653 0.0096194268883345833 -9.3324245718124304e-05 0.01872932401382944 
1 -0.50523501408602423 -0.0036508781355334115 0.73269790727203554 0.0097257554811669179 9.2915051498558633e-05 -0.018647202470131411 

0.040000000000000001 3 0.00608778
1 0.99948414057125401 1.091160485805411e-08 -2.1898594660452245e-06 -0.02579781670240348 5.4567672068240253e-07 -0.00010951233551174448 
1 -0.49436260297833634 0.0036497831153705623 -0.7324781467234861 0.012828006344445298 -0.00012445518553539885 0.024977019392518434 
1 -0.505121537592919 -0.0036497940269754068 0.73248033658295508 0.012969810357958357 0.00012390950881471604 -0.024867507057006667 

0.050000000000000003 3 0.0070827
1 0.9991938844520728 1.7051078813835403e-08 -3.4219958321894535e-06 -0.032254089733945585 6.8223165786879139e-07 -0.00013691766458320538 
1 -0.49421827268413887 0.0036483828291278631 -0.73219712205996157 0.016038391172291111 -0.0001556057434924237 0.031228651952731057 
1 -0.50497561176793515 -0.0036483998802066598 0.73220054405579515 0.016215698561654654 0.00015492351183455535 -0.031091734288147828 

0.060000000000000005 3 0.00783277
1 0.99883904359805209 2.4556540114944904e-08 -4.9282733863236256e-06 -0.03871491643958179 8.1887722683942128e-07 -0.00016434118262624613 
1 -0.49404182762396981 0.0036466709186537757 -0.73185355725850221 0.01925103533406966 -0.00018678085624375846 0.037485212435962686 
1 -0.50479721597408478 -0.0036466954751938913 0.73185848553188959 0.019463881105512216 0.00018596197901691992 -0.037320871253336545 

0.070000000000000007 3 0.00856662
1 0.99841956788309383 3.3428986294425182e-08 -6.7088923242214271e-06 -0.04518121534321258 9.5563168127209901e-07 -0.00019178655298734444 
1 -0.49383324292752395 0.0036446471136293138 -0.73144739806854575 0.022466394545317351 -0.00021798548195704266 0.043747695901188113 
1 -0.50458632495557076 -0.0036446805426156017 0.73145410696087287 0.022714820797895597 0.00021702985027577103 -0.043555909348200569 

0.080000000000000002 3 0.00981259
1 0.99793539797509478 4.3669597760867191e-08 -8.764089543109343e-06 -0.051653909241525943 1.0925133445653596e-06 -0.00021925745300527245 
1 -0.49359248915708376 0.0036423110940278589 -0.73097858026368201 0.025684926632772682 -0.00024922460471613284 0.050017102608529554 
1 -0.50434290881801391 -0.0036423547636256185 0.7309873443532261 0.025968982608753622 0.00024813209137156784 -0.049797845155524392 

0.089999999999999997 3 0.0111787
1 0.9973864652895803 5.5279738554774498e-08 -1.1094138793462016e-05 -0.058133925936408953 1.2295406216862317e-06 -0.00024675757638886812 
1 -0.49331953228459641 0.0036396624898338429 -0.73044702958516095 0.02890709189620462 -0.00028050323897970612 0.056294438914059289 
1 -0.5040669330049834 -0.0036397177695724143 0.73045812372395535 0.029226834040204694 0.00027927369835802068 -0.056047681337670179 

0.099999999999999992 3 0.0124717
1 0.99677269193593798 6.8260957223923649e-08 -1.3699350854679059e-05 -0.064622198976851952 1.3667320111240693e-06 -0.00027429063561605057 
1 -0.49301433366512948 0.0036367008807164317 -0.72985266167641938 0.032133353474900005 -0.00031182643410514166 0.062580718177699265 
1 -0.50375835827080628 -0.0036367691416736756 0.72986636102727709 0.032488845501952017 0.00031045970209402004 -0.062306427542083084 

0.10999999999999999 3 0.0137017
1 0.99609399065620785 8.2614987818854207e-08 -1.6580073734870969e-05 -0.071119668411790279 1.5041061169658199e-06 -0.00030186036435719566 
1 -0.49267685000660844 0.0036334257956575924 -0.72919538200844281 0.035364177719524464 -0.00034319927894772172 0.06887696168624112 
1 -0.50341714064959342 -0.0036335084106454241 0.72921196208217887 0.035755490692265919 0.00034169517283076 -0.068575101321883616 

0.11999999999999998 3 0.0147967
1 0.99535026475624344 9.8343751009787751e-08 -1.9736692895014364e-05 -0.077627281555372338 1.6416816611083857e-06 -0.00032947051992606954 
1 -0.49230703333582537 0.0036298367125337416 -0.72847508579579068 0.038600034570081598 -0.00037462690654552146 0.075184199593559028 
1 -0.5030432314204053 -0.0036299350562847619 0.7284948224886888 0.039027246985290705 0.00037298522488442049 -0.074854729073632442 

0.12999999999999998 3 0.0158918
1 0.99454140802919822 1.1544935532641763e-07 -2.3169631497766735e-05 -0.084145993766183105 1.7794774956238794e-06 -0.0003571248857614142 
1 -0.49190483096062315 0.0036259330576501494 -0.72769165790317514 0.04184139794072677 -0.0004061144989006768 0.081503471880166378 
1 -0.50263657706855869 -0.003626048507005473 0.72771482753467309 0.042304595825456426 0.00040433502140505901 -0.0811463469944044 

0.13999999999999999 3 0.0169809
1 0.99366730467110753 1.3393409852218858e-07 -2.687935068126482e-05 -0.090676769242006766 1.9175126152945629e-06 -0.00038482727394260625 
1 -0.49147018542820448 0.0036217142052268952 -0.72684497274227566 0.045088746112206229 -0.00043766729186811289 0.08783582933434074 
1 -0.50219711924289367 -0.0036218481393254206 0.72687185209295757 0.045588023129800849 0.00043574977925282316 -0.087451002060397742 

0.14999999999999999 3 0.0180607
1 0.99272782918847113 1.5380046906484021e-07 -3.086634985826247e-05 -0.097220581831760355 2.0558061703333613e-06 -0.00041258152774250386 
1 -0.49100303447945753 0.0036171794768354712 -0.72593489415868462 0.048342562132726613 -0.00046929058016329737 0.094182334557133041 
1 -0.501724794709004 -0.0036173332773045174 0.72596576050854655 0.048878019699034631 0.00046723477399296804 -0.093769753029389669 

0.16 3 0.0191655
1 0.99172284629758178 1.7505114775514779e-07 -3.5131167040998227e-05 -0.10377841586629868 2.1943774793064348e-06 -0.00044039152422095461 
1 -0.4905033109992521 0.003612328140784527 -0.72496127530863053 0.05160333422808526 -0.00050098972250099921 0.10054406299367012 
1 -0.50121953529831431 -0.003612503191932247 0.7249964064756762 0.052175081638214035 0.00049879534502169655 -0.10010367146944847 

0.17000000000000001 3 0.0202515
1 0.99065221081547428 1.9768900947598082e-07 -3.9674379192214608e-05 -0.11035126700985141 2.333246042275513e-06 -0.00046826117686231015 
1 -0.48997094296256899 0.0036071594114536294 -0.72392395852526725 0.054871556221926694 -0.00053277014687764309 0.1069221039932735 
1 -0.50068126785289002 -0.0036073571004630882 0.72396363290446353 0.055479710787925386 0.00053043690083537495 -0.10645384281641022 

0.18000000000000002 3 0.0213797
1 0.98951576754224368 2.2171712507394301e-07 -4.4496602602786364e-05 -0.11694014313394405 2.4724315541768242e-06 -0.00049619443826044458 
1 -0.489405853376364 0.0036016724485733831 -0.72282277517419491 0.058147727967029599 -0.00056463735601042459 0.11331756190103977 
1 -0.50010991416586104 -0.003601894165698435 0.72286727177680199 0.058792415166915558 0.00056216492445625437 -0.11282136746277804 

0.19000000000000003 3 0.0223458
1 0.98831335113449581 2.4713876337606848e-07 -4.9598493296453248e-05 -0.12354606521571303 2.6119539184538954e-06 -0.00052419530285474495 
1 -0.48880796021707817 0.0035958663564503121 -0.7216575454979135 0.061432355788561273 -0.00059659693294699181 0.11973155718365674 
1 -0.49950539091740048 -0.0035961134952136554 0.72170714399121461 0.062113709427152906 0.00059398497902854236 -0.11920736188080056 

0.20000000000000004 3 0.023078
1 0.98704478596970646 2.7395739334418217e-07 -5.4980747462179749e-05 -0.13017006826264088 2.7518332609626559e-06 -0.00055226780972074147 
1 -0.4881771763636476 0.0035897401831347588 -0.7204280784488204 0.064725952940292847 -0.00062865454686031037 0.12616522759237703 
1 -0.49886760960604482 -0.0035900141405280587 0.72048305919628619 0.065444115322348062 0.00062590271359935388 -0.12561295978265488 

0.21000000000000005 3 0.0238101
1 0.98570988600116016 3.0217668636975108e-07 -6.0644101914711551e-05 -0.13681320226581636 2.8920899441666861e-06 -0.00058041604541893743 
1 -0.48751340952587113 0.0035832929195298044 -0.71913417151037295 0.068029040074805994 -0.00066081595904405764 0.13261972936623626 
1 -0.49819647647527177 -0.0035835950962161242 0.71919481561229659 0.06878416219101087 0.00065792386909989734 -0.13203931332081542 

0.22000000000000006 3 0.024534
1 0.98430845460322602 3.3180051871221465e-07 -6.6589334583926071e-05 -0.14347653318395451 3.0327445816411849e-06 -0.00060864414690566784 
1 -0.4868165621680165 0.0035765234984391947 -0.71777561050603267 0.071342145728774814 -0.00069308702912477453 0.13909623847878086 
1 -0.49749189243519248 -0.003576855298957854 0.71784219984062458 0.07213438745518104 0.00069005428454313824 -0.13848759433187316 

0.23000000000000007 3 0.025265
1 0.98284028440662508 3.6283297408398132e-07 -7.2817265033616612e-05 -0.15016114396050681 3.1738180529046958e-06 -0.00063695630450966742 
1 -0.48608653142747804 0.0035694307935520142 -0.71635216939548174 0.07466580682447832 -0.00072547372150803216 0.14559595193174898 
1 -0.49675375297912827 -0.0035697936265260436 0.71642498666052179 0.075495337136030113 0.00072229990345513127 -0.14495899562723824 

0.24000000000000007 3 0.026355
1 0.98130515712334376 3.9527834638545734e-07 -7.9328755010388448e-05 -0.15686813557633186 3.3153315185978719e-06 -0.00066535676497830767 
1 -0.4853232090283458 0.0035620136183615756 -0.71486361005765953 0.07800056918874046 -0.00075798211207687744 0.15212008909939395 
1 -0.49598194809498075 -0.003562408896707905 0.71494293881267534 0.078867566387592777 0.00075466678055827977 -0.15145473233441412 

0.25000000000000006 3 0.027272
1 0.979702843360855 4.2914114259367534e-07 -8.612470902338226e-05 -0.16359862814054316 3.4573064360281481e-06 -0.00069384983459728686 
1 -0.48452648118968683 0.0035542707250160498 -0.71330968206009726 0.081346988090578928 -0.00079061839516197875 0.15866989312732252 
1 -0.49517636217114852 -0.0035546998661585847 0.71339580676912706 0.082251640049964866 0.00078716108872594834 -0.15797604329272302 

0.26000000000000006 3 0.028372
1 0.97803310242519204 4.6442608580829519e-07 -9.3206074955574274e-05 -0.17035376202229324 3.5997645751015082e-06 -0.00072243988238793915 
1 -0.48369622852835259 0.0035462008030979464 -0.71169012241396734 0.084705628798909235 -0.00082338889080419298 0.16524663239002868 
1 -0.49433687389681852 -0.0035466652291836934 0.71178332848893333 0.085648133223384618 0.00081978912622908927 -0.16452419250763822 

0.27000000000000007 3 0.0291109
1 0.97629568211251838 5.0113811845892695e-07 -0.00010057384470745986 -0.17713469902642087 3.7427280346599755e-06 -0.00075113134338608892 
1 -0.48283232595610137 0.0035378024783293662 -0.71000465531424606 0.088077067161734371 -0.00085630005233159939 0.17185160201153571 
1 -0.4934633561563978 -0.0035383036164477626 0.71010522915896557 0.089057631864687473 0.00085255732429693316 -0.17110047066814715 

0.28000000000000008 3 0.0298481
1 0.97449031848870271 5.3928240567794673e-07 -0.00010822905487394753 -0.18394262361607092 3.8862192592463856e-06 -0.00077992872200656081 
1 -0.4819346425708177 0.003529074311199859 -0.70825299186433255 0.091461890208338475 -0.00088935847427461918 0.1784861254538867 
1 -0.49255567591786509 -0.003529613593605479 0.70836122091921983 0.092480733407732343 0.00088547225501536776 -0.1777061967318779 

0.29000000000000009 3 0.030582
1 0.9726167356564035 5.7886433884319546e-07 -0.00011617278745534229 -0.19077874418558638 4.0302610563168068e-06 -0.00080883659549755042 
1 -0.48100304154158363 0.0035200147955133476 -0.70643482978442063 0.094860696776095169 -0.00092257090064443918 0.18515155617855156 
1 -0.49161369411480116 -0.0035205936598521237 0.70655100257188719 0.095918047409491433 0.00091854063958811578 -0.18434271958305171 

0.3000000000000001 3 0.031302
1 0.9706746455091767 6.1988953929510696e-07 -0.00012440617060334447 -0.19764429438720052 4.1748766139212646e-06 -0.00083785961748896083 
1 -0.48003737998735774 0.0035106223568502487 -0.70454985310287854 0.098274098163601539 -0.00095594423360178724 0.1918492793861683 
1 -0.49063726552180026 -0.0035112422463894912 0.70467425927349603 0.099370196223599994 0.00095176935698786113 -0.19101141976867711 

0.31000000000000011 3 0.0320349
1 0.96866374747202422 6.6236386223308281e-07 -0.0001329303794030126 -0.20454053451526083 4.3200895188740828e-06 -0.00086700252163907858 
1 -0.47903750884898327 0.0035008953509409902 -0.702597731829814 0.10170271881196852 -0.00098948554254507334 0.19858071384045109 
1 -0.48962623862302423 -0.0035015577148031665 0.70273066220922886 0.10283781570329278 0.0009851654530261978 -0.19771371131880969 

0.32000000000000012 3 0.0327699
1 0.96658372822779848 7.0629340079611431e-07 -0.00014174663669170695 -0.211468752951988 4.4659237754346264e-06 -0.00089627012538359002 
1 -0.478003272754221 0.0034908320619462347 -0.70057812161193922 0.1051471970162141 -0.0010232020736490517 0.20534731378250873 
1 -0.488580455473556 -0.0034915383553469777 0.70071986824864063 0.10632155593577404 0.0010187361498736186 -0.20445104365712305 

0.33000000000000013 3 0.0335021
1 0.96443426142881561 7.5168449033283027e-07 -0.00015085621391605446 -0.21843026767904766 4.6124038245200126e-06 -0.00092566733379140296 
1 -0.4769345098755377 0.0034804307006394701 -0.69849066336783749 0.10860818566883523 -0.0010571012598875331 0.21215057094231943 
1 -0.48749975155325787 -0.0034811823851297521 0.69864151958176257 0.109822082010213 0.0010524888560630179 -0.21122490360852533 

0.34000000000000014 3 0.0342321
1 0.96221500739301902 7.9854371286644114e-07 -0.00016026043202801461 -0.22542642785948916 4.7595545634701572e-06 -0.00095519914353130002 
1 -0.47583105178025709 0.0034696894024867976 -0.6963349829025649 0.11208635303778001 -0.0010911907315762572 0.21899201665458151 
1 -0.48638395561274739 -0.003470487946199603 0.69649524333460044 0.11334007482170988 0.0010864311770128008 -0.21803681751104839 

0.35000000000000014 3 0.034965
1 0.95992561278394972 8.468779017601733e-07 -0.0001699606624211938 -0.23245861549494481 4.9074013663858768e-06 -0.00098487064695364332 
1 -0.47469272327276268 0.0034586062256183716 -0.69411069050058449 0.11558238358120503 -0.0011254783274748878 0.2258732240867882 
1 -0.48523288951117383 -0.0034594531035200757 0.69428065116301596 0.11687623191374075 0.0011205709261085152 -0.22488835343983313 

0.36000000000000015 3 0.0356932
1 0.95756571027372128 8.9669414658901556e-07 -0.00017995832790856291 -0.23952824716333093 5.0559701050610489e-06 -0.001014687036291235 
1 -0.47351934222837105 0.0034471791486860573 -0.69181738049578145 0.11909697880155314 -0.0011599721064901062 0.23279581058792967 
1 -0.48404636804533951 -0.0034480758428326016 0.69199733882370085 0.12043126836177925 0.0011549161363850543 -0.23178112355163691 

0.37000000000000016 3 0.0368743
1 0.95513491818823848 9.4799979822388857e-07 -0.00019025490374279574 -0.24663677584266686 5.2052871705270559e-06 -0.0010446536079831161 
1 -0.47231071941843134 0.0034354060686007802 -0.68945463081737135 0.12263085814169107 -0.001194680360025328 0.23976144016696505 
1 -0.48282419876979427 -0.0034363540683989432 0.68964488572112581 0.12400591770097723 0.0011894750728548137 -0.2387167865589809 

0.38000000000000017 3 0.0380402
1 0.95263284013366745 1.0008024741343351e-06 -0.00020085191868048129 -0.25378569282704833 5.3553794952299053e-06 -0.0010747757671252713 
1 -0.47106665832626554 0.0034232847981428296 -0.68702200251033796 0.12618475992603242 -0.0012296116250261483 0.24677182611092791 
1 -0.48156618180739275 -0.0034242856006168952 0.68722285442903119 0.12760093290101709 0.0012242562455309406 -0.24569705034380196 

0.39000000000000018 3 0.0388892
1 0.95005906460331468 1.0551100639162796e-06 -0.00021175095609148113 -0.26097652974127417 5.5062745758562104e-06 -0.0011050590320516602 
1 -0.46978695495343914 0.0034108130634382082 -0.68451903922892898 0.12975944234979964 -0.0012647746977748394 0.25382873375335646 
1 -0.48027210964986716 -0.0034118681735020506 0.68473079018503402 0.13121708739147497 0.0012592684231990013 -0.25272367472130342 

0.40000000000000019 3 0.0396943
1 0.94741316456378766 1.1109307350512955e-06 -0.00022295365511477625 -0.26821086066108729 5.6580004968255818e-06 -0.001135509039048859 
1 -0.46847139761589524 0.0033979885012929145 -0.68194526670168909 0.13335568451980379 -0.0013001786484917106 0.26093398340464674 
1 -0.47894176694788509 -0.0033990994320278901 0.68216822035681857 0.13485517614128453 0.0012945206479948955 -0.25979847436559855 

0.4100000000000002 3 0.0425873
1 0.94469469701943187 1.1682729389042741e-06 -0.00023446171186213298 -0.27549030434658506 5.8105859544629098e-06 -0.0011661315472072766 
1 -0.46711976672941324 0.0033848086563770139 -0.67930019216631377 0.13697428755039304 -0.001335832836806033 0.26808945345694235 
1 -0.47757493029000991 -0.0033859769293158467 0.67953465387818912 0.13851601679619327 0.001330022250851584 -0.26692332190973478 

0.42000000000000021 3 0.0447712
1 0.94190320255380688 1.227145416966183e-06 -0.00024627688067097465 -0.28281652659687528 5.964060281863044e-06 -0.0011969324434112061 
1 -0.46573183458380191 0.0033712709782492177 -0.67658330377252807 0.14061607571850104 -0.0013717469281649478 0.27529708367722833 
1 -0.47617136796999626 -0.003372498123666111 0.67682958065321386 0.14220045087837541 0.0013657828678830921 -0.27410015123381631 

0.43000000000000022 3 0.0458722
1 0.9390382048469923 1.2875572073490276e-06 -0.00025840097540785496 -0.29019124273476926 6.118453474457892e-06 -0.0012279177474699714 
1 -0.46430736510524045 0.0033573728182125732 -0.67379406995103452 0.14428189768202807 -0.0014079309112543939 0.28255887870357504 
1 -0.47473083974174246 -0.0033586603754198431 0.67405247092645626 0.14590934505274103 0.0014018124577799464 -0.28133096095609955 

0.44000000000000022 3 0.0466902
1 0.93609921016735076 1.3495176515399845e-06 -0.00027083587082396175 -0.29761622023094592 6.2737962162912233e-06 -0.001259093617390984 
1 -0.46284611360609385 0.0033431114259903924 -0.67093193874641033 0.14797262776612979 -0.0014443951165133289 0.28987691176075392 
1 -0.47325309656124637 -0.00334446094364185 0.67120277461725075 0.1496435924648159 0.0014381213202970511 -0.2886178181433583 

0.45000000000000023 3 0.0478454
1 0.93308570683629355 1.4130364014218814e-06 -0.00028358350396404949 -0.30509328147782711 6.430119907003472e-06 -0.001290466354795388 
1 -0.46134782652150574 0.0033284839462112662 -0.66799633711169204 0.15168916732235915 -0.0014811502358293878 0.29725332861299175 
1 -0.47173788031478381 -0.0033298969826126108 0.66827992061567243 0.1534041141554687 0.001474720115922397 -0.29596286225819185 

0.46000000000000024 3 0.0490124
1 0.92999716466456117 1.4781234265670241e-06 -0.00029664587563025228 -0.31262430672425862 6.5874566895239008e-06 -0.0013220424104756305 
1 -0.45981224113201813 0.0033134874146908693 -0.66498667016214763 0.15543244616601509 -0.0015182073435125812 0.30469035177319131 
1 -0.47018492353253821 -0.0033149655381173662 0.66528331603779223 0.15719186055824438 0.0015116198868230645 -0.30336830936270992 

0.47000000000000025 3 0.0501614
1 0.92683303435823505 1.5447890218114621e-06 -0.00031002505190216753 -0.32021123718297273 6.7458394784611681e-06 -0.0013538283900931148 
1 -0.45823908527140328 0.0032981187544971055 -0.66190232038559649 0.15920342409748614 -0.0015555779186526373 0.31219028498985224 
1 -0.46859394908682983 -0.003299663543518835 0.66221234543750873 0.16100781308548717 0.0015488320791741817 -0.3108364565997544 

0.48000000000000026 3 0.0513172
1 0.92359274689281812 1.6130438151165876e-06 -0.00032372316571460869 -0.32785607832388453 6.9053019891764362e-06 -0.0013858310600129843 
1 -0.45662807701882058 0.0032823747717843081 -0.65874264680637828 0.16300309251387124 -0.0015932738689756734 0.319755518034883 
1 -0.46696466987399687 -0.0032839878155993562 0.65906636997210255 0.16485298581001481 0.0015863685669865017 -0.3183696869748649 

0.49000000000000027 3 0.0520582
1 0.9202757128533533 1.6828987757247778e-06 -0.0003377424184943617 -0.33556090336735273 7.0658787675145608e-06 -0.0014180573532708808 
1 -0.45497892437440451 0.0032662521513809649 -0.65550698409983466 0.16683247611768601 -0.0016313075563268984 0.32738853181774624 
1 -0.46529678847894973 -0.0032679350501565933 0.6558447265183428 0.16872842724967041 0.0016242416775593905 -0.32597047446447081 

0.50000000000000022 3 0.0528481
1 0.91688132173857173 1.7543652226154979e-06 -0.00035208508185726308 -0.34332785699278673 7.2276052201593268e-06 -0.0014505143756649696 
1 -0.45329132491722213 0.0032497474521136823 -0.65219464165389163 0.17069263473005661 -0.0016696918239187016 0.33509190385390086 
1 -0.46358999682134999 -0.0032515018173362052 0.65254672673576397 0.17263522226273373 0.0016624642186985387 -0.3336413894782303 

0.51000000000000023 3 0.0536461
1 0.91340894122679839 1.8274548332679375e-06 -0.00036675349936676126 -0.35115915927931729 7.3905176455676444e-06 -0.001483209411964094 
1 -0.4515649654445657 0.0032328571018494876 -0.64880490257407264 0.1745846652164523 -0.0017084400254971128 0.34286831411825275 
1 -0.46184397578223502 -0.0032346845566826607 0.64917165607345539 0.17657449406286951 0.0017010495078515536 -0.34138510470628303 

0.52000000000000024 3 0.0547543
1 0.9098579164012186 1.9021796527355618e-06 -0.00038175008835510636 -0.35905710989680073 7.5546532654204113e-06 -0.0015161499322197682 
1 -0.44979952159137337 0.0032155773922359181 -0.64533702262790016 0.17850970353370454 -0.0017475660565953875 0.350720551317449 
1 -0.46005839480984351 -0.0032174795718885583 0.64571877271627309 0.18054740636310054 0.0017400114033299689 -0.34920440138522213 

0.53000000000000025 3 0.0558562
1 0.90622756893188428 1.9785521030374672e-06 -0.00039707734180811493 -0.36702409256698337 7.720050256516131e-06 -0.0015493435981668792 
1 -0.4479946574285445 0.0031979044731175869 -0.64179022912433925 0.1824689269078538 -0.001787084388060173 0.35865151961828329 
1 -0.45823291150334194 -0.0031998830252205281 0.64218730646616973 0.18455516565913346 0.0017793643378036504 -0.35710217602010991 

0.54000000000000026 3 0.0572193
1 0.9025171962117049 2.0565849928705751e-06 -0.00041273783031430498 -0.37506257981658042 7.8867477830096287e-06 -0.0015827982696937229 
1 -0.44615002503876366 0.0031798343466051286 -0.63816371972350616 0.18646355615323626 -0.001827010102055766 0.36666424587342328 
1 -0.45636717117294245 -0.003181890931597924 0.63857645755384285 0.18859902366334746 0.0018191233542727431 -0.36508144760372546 

0.55000000000000027 3 0.0579515
1 0.89872607044331221 2.1362915276453341e-06 -0.00042873420407898088 -0.38317513804597353 8.0547860288779362e-06 -0.0016165220113575913 
1 -0.44426526406840311 0.0031613628607708752 -0.63445666117142074 0.19049485814416195 -0.0018673589307730348 0.37476188738993488 
1 -0.45446080637491065 -0.0031634991522984427 0.63488539537551991 0.19268027990181472 0.0018593041447441433 -0.37314536537857301 

0.56000000000000028 3 0.0586884
1 0.89485343767357139 2.2176853198466858e-06 -0.00044506919500358395 -0.39136443293948786 8.224206230466472e-06 -0.0016505230989164986 
1 -0.44234000125387973 0.0031424857029427838 -0.63066818795417867 0.1945641484516033 -0.001908147298094134 0.38294774029100587 
1 -0.45251343641969566 -0.0031447033882625597 0.63111325714920341 0.19680028448788606 0.0018999230918636553 -0.38129721719208581 

0.57000000000000028 3 0.0594254
1 0.89089851677216703 2.3007803997201713e-06 -0.00046174561883028921 -0.39963323524571026 8.3950507089384268e-06 -0.0016848100258414528 
1 -0.44037384992076112 0.00312319839256594 -0.62679740086531532 0.19867279415848779 -0.0019493923644915501 0.39122524852677765 
1 -0.45052466685141046 -0.0031254991729655532 0.62725914648416359 0.20096044108722377 0.0019409973137825994 -0.38954043850093517 

0.58000000000000029 3 0.0601504
1 0.88686049835039149 2.385591226281158e-06 -0.00047876637735146614 -0.40798442695903669 8.5673629024115901e-06 -0.0017193915097660961 
1 -0.43836640945377808 0.0031034962735973829 -0.62284336547952712 0.20282221686847204 -0.0019911120754706134 0.39959801359632402 
1 -0.4484940888966169 -0.0031058818648235322 0.62332213185689411 0.20516221009056701 0.0019825447125681956 -0.3978786220865565 

0.5900000000000003 3 0.0608754
1 0.88273854361598381 2.4721326986428195e-06 -0.00049613446068308431 -0.41642100793672432 8.7411873975238934e-06 -0.0017542764988215497 
1 -0.43631726473570109 0.0030833745063976385 -0.61880511052536769 0.20701389592452676 -0.0020333252138996279 0.40806980504980966 
1 -0.44642127888028832 -0.0030858466390961715 0.6193012449860692 0.20940711201220008 0.002024584026502092 -0.40631552855098624 

0.60000000000000031 3 0.0616055
1 0.87853178315945957 2.5604201676555807e-06 -0.00051385294960066652 -0.42494610298912444 8.916569960115541e-06 -0.0017894741777941033 
1 -0.43422598555291336 0.003062828059077859 -0.61468162614867428 0.21124937185526294 -0.0020760514566107763 0.41664457184779258 
1 -0.44430579760655758 -0.0030653884792453934 0.61519547909829342 0.21369673113386461 0.0020671348866506591 -0.41485509766999618 

0.61000000000000032 3 0.0623674
1 0.87423931566701507 2.650469447847548e-06 -0.0005319250179356053 -0.43356296948458628 9.0935575646566245e-06 -0.0018249939740309783 
1 -0.43209212596530067 0.0030418516982576387 -0.61047186205778814 0.21553025006869597 -0.0021193114356997224 0.4253264546634945 
1 -0.4421471897017254 -0.0030445021677053623 0.61100378707574388 0.21803271941589408 0.0021102178781350557 -0.42350146068945876 

0.62000000000000033 3 0.0630975
1 0.86986020655458907 2.7422968296510632e-06 -0.00055035393502893162 -0.44227500551477272 9.2721984219740456e-06 -0.0018608455630049372 
1 -0.42991522363788104 0.0030204399791846307 -0.60617472554062979 0.21985820481515972 -0.0021631268050021652 0.43411979922402566 
1 -0.43994498291671824 -0.0030231822760141518 0.60672507947568055 0.22241680069961711 0.00215385460658017 -0.43225895366101569 

0.63000000000000034 3 0.0645175
1 0.86539348651728665 2.8359190918958023e-06 -0.00056914306823856425 -0.45108575867087641 9.4525420047497047e-06 -0.0018970388734315551 
1 -0.42769479913135172 0.0029985872351611714 -0.60178907934272263 0.22423498344326789 -0.0022075203122831353 0.44302917079812904 
1 -0.43769868738594447 -0.0030014231542529629 0.60235822241098202 0.22685077522761149 0.0021980677702783669 -0.44113213192469136 

0.64000000000000035 3 0.0653334
1 0.86083814998775421 2.9313535145432828e-06 -0.00058829588549500367 -0.45999893548655435 9.6346390701610986e-06 -0.0019335840918129211 
1 -0.42543035514850919 0.0029762875662180444 -0.59731373939410581 0.22866241097531198 -0.0022525158777401732 0.45205936995104407 
1 -0.4354077948392564 -0.0029792189197324652 0.59790203527962005 0.23133652451124301 0.00224288123867 -0.45012578585922636 

0.65000000000000036 3 0.0660675
1 0.85619315349653036 3.0286178916303055e-06 -0.00060781595789896191 -0.46901841160937058 9.8185416789160279e-06 -0.0019704916662577053 
1 -0.42312137573319486 0.0029535348269687381 -0.59274747237181957 0.23314239503126039 -0.0022981386794962504 0.46121544970216571 
1 -0.43307177776334721 -0.0029565634448602395 0.59335528832973006 0.23587601657811125 0.0022883201378173291 -0.4592449580359021 

0.66000000000000036 3 0.0668035
1 0.85145741392675356 3.1277305443811352e-06 -0.00062770696235287275 -0.47814824276927426 1.0004303209794984e-05 -0.0020077723093998049 
1 -0.42076732541812617 0.0029303226135708221 -0.58808899308315654 0.23767693113361277 -0.0023444152468440108 0.47050273423829564 
1 -0.43069008850864243 -0.0029334503441150665 0.58871670004552357 0.24047131163566463 0.0023344109436342145 -0.46849496192889162 

0.67000000000000037 3 0.0675385
1 0.8466298066549065 3.2287103344383261e-06 -0.00064797268421616855 -0.48739267662013247 1.0191978368650727e-05 -0.0020454370002043892 
1 -0.41836764831763018 0.0029066442497125288 -0.58333696165331006 0.24226810842886731 -0.0023913735621005562 0.47992683935498714 
1 -0.42826215833729264 -0.002909872960046838 0.5839849343375374 0.24512456819126985 0.0023811815837319022 -0.47788140235477711 

0.68000000000000038 3 0.0682704
1 0.84170916356839509 3.3315766771507041e-06 -0.00066861701997209813 -0.4967561655389327 1.0381623190617425e-05 -0.002083496984411248 
1 -0.41592176716090368 0.00288249277153376 -0.5784899804991408 0.24691811586526324 -0.0024390431720452709 0.48949369482107868 
1 -0.42578739640750685 -0.0028858243482107722 0.57915859751912102 0.24983804967367171 0.0024286615488546292 -0.48741019783666162 

0.69000000000000039 3 0.0689964
1 0.83669427095000004 3.436349554843511e-06 -0.0006896439798908825 -0.50624338047682038 1.0573295034053276e-05 -0.0021219637733191033 
1 -0.41342908226105318 0.0028578609113802428 -0.57354659106879069 0.25162924887088028 -0.0024874553100426074 0.49920956888764145 
1 -0.42326518868896068 -0.0028612972609349326 0.57423623504869137 0.25461413160594637 0.0024768820150085236 -0.49708760511431893 

0.7000000000000004 3 0.0697274
1 0.83158386721809618 3.5430495299793825e-06 -0.0007110576906710262 -0.51585922596709821 1.0767052564462693e-05 -0.0021608491405591158 
1 -0.41088897041463335 0.002832741080277857 -0.56850527032444631 0.25640391658113515 -0.0025366430301025202 0.50908109519267175 
1 -0.42069489680347527 -0.0028362841298076895 0.56921632801512434 0.2594553093859695 0.0025258759775380296 -0.50692024605210717 

0.71000000000000041 3 0.0704513
1 0.8263766405105325 3.6516977581000103e-06 -0.00073286239803658647 -0.52560885640752897 1.0962955726323946e-05 -0.0022001651164406943 
1 -0.40830078372594086 0.0028071253490008991 -0.56336442694290145 0.2612446496703637 -0.0025866413543044493 0.51911530234774372 
1 -0.41807585678460413 -0.0028107770467588381 0.5640972893409455 0.26436420673717315 0.0025756783985781042 -0.51691513723129667 

0.72000000000000042 3 0.0711784
1 0.82107122609878513 3.7623160004154552e-06 -0.00075506246926373239 -0.5354976937484478 1.1161065700354222e-05 -0.0022399239793751621 
1 -0.40566384834972713 0.002781005427592487 -0.55812239720550938 0.26615410884849028 -0.0026374874352134998 0.52931964653344821 
1 -0.41540737774907299 -0.0027847677435927278 0.55887745967478297 0.26934358489996818 0.0026263263695131323 -0.52707972255406743 

0.73000000000000043 3 0.0719714
1 0.81566620361757947 3.8749266358814361e-06 -0.00077766239560454081 -0.54553144673399634 1.1361444843287239e-05 -0.0022801382437896318 
1 -0.40297746314533583 0.0027543726431782656 -0.55277744054557665 0.27113509409102432 -0.0026892207351523916 0.53970204747764006 
1 -0.41268874047226439 -0.0027582475698139726 0.55355510294118937 0.27439635264298073 0.0026778592903090731 -0.53742190923384459 

0.74000000000000044 3 0.0730693
1 0.81016009409366696 3.989552672572508e-06 -0.00080066679456949755 -0.55571613186201252 1.1564156606683906e-05 -0.0023208206438330454 
1 -0.4002408982345495 0.0027272179158942841 -0.54732773471731055 0.27619055467876824 -0.0027418832244677778 0.55027092824568535 
1 -0.40991919585913766 -0.0027312074685666931 0.5481284015118898 0.27952557718324977 0.0027303190678610711 -0.54795010760185014 

0.75000000000000044 3 0.0746083
1 0.80455135675562606 4.1062177581217983e-06 -0.00082408041202265681 -0.566058096248931 1.1769265430639172e-05 -0.0023619841120440955 
1 -0.39745339345465702 0.0026995317327271717 -0.54177137054578439 0.28132360013294949 -0.0027955196012521923 0.56103525933663534 
1 -0.40709796330098647 -0.0027036379504851459 0.54259545095781681 0.28473449611598761 0.0027837503358215318 -0.55867327522458554 

0.76000000000000045 3 0.0757532
1 0.79883838560462639 4.2249461889520085e-06 -0.00084790812403421809 -0.57656404260973015 1.1976836607454998e-05 -0.0024036417519916298 
1 -0.39461415669727112 0.0026713041190381368 -0.53610634621206588 0.28653751214202572 -0.0028501775353608717 0.57200460765518268 
1 -0.40422422890737381 -0.0026755290652269296 0.53695425433610622 0.29002653046770993 0.002838200698753401 -0.56960096590318321 

0.77000000000000046 3 0.0768452
1 0.79301950572387458 4.3457629179689651e-06 -0.00087215493842454758 -0.58724105659029957 1.2186936109402279e-05 -0.0024458068037080732 
1 -0.39172236212250161 0.002642524607511753 -0.53033056102152487 0.29183575758856467 -0.0029059079400104034 0.58318919101903655 
1 -0.40129714360138907 -0.002646870370429572 0.53120271595995316 0.29540529900174101 0.002893721003900983 -0.58074338421532168 

0.78000000000000047 3 0.0779452
1 0.7870929693018115 4.4686935603245005e-06 -0.00089682599592073365 -0.59809663672098812 1.2399630373550835e-05 -0.0024884926005067079 
1 -0.38877714823683185 0.0026131822042353811 -0.52444180859627265 0.29722200279836086 -0.0029627652747742602 0.59459993896734242 
1 -0.39831582106499536 -0.0026176508977955675 0.52533863459219665 0.3008746339226353 0.0029503656444007024 -0.59211144636682667 

0.79000000000000048 3 0.0790451
1 0.78105695134147379 4.5937643967785681e-06 -0.00092192657083134334 -0.60913872729625551 1.2614986035267967e-05 -0.0025317125154973434 
1 -0.38577761582183945 0.0025832653515732973 -0.51843776942434394 0.30270012914979078 -0.0030208078844185535 0.60624856076193345 
1 -0.39527933551964833 -0.0025878591159699351 0.51935969599518073 0.3064385981464694 0.0030081928983832773 -0.60371684824642879 

0.80000000000000049 3 0.080092
1 0.77490954502495268 4.7210023740987383e-06 -0.00094746207112658156 -0.6203757545271551 1.2833069600320806e-05 -0.0025754798957801912 
1 -0.38272282569937449 0.0025527618874519663 -0.51231600268863553 0.30827425019959798 -0.003080098378769981 0.61814762162337278 
1 -0.39218671932559479 -0.0025574828898259397 0.51326346475976314 0.31210150432756373 0.0030672653091696413 -0.61557214172758434 

0.8100000000000005 3 0.0812519
1 0.76864875669837907 4.850435101823961e-06 -0.00097343803778883855 -0.63181666636187961 1.305394704349674e-05 -0.0026198079818927048 
1 -0.37961179631716885 0.0025216590006166342 -0.50607393728728223 0.31394873050212946 -0.0031407040597040514 0.63031062842357144 
1 -0.3890369603812257 -0.0025265094357183235 0.50704737532507194 0.3178679358597572 0.0031276501126605329 -0.62769082044166968 

0.82000000000000051 3 0.0823429
1 0.76227250043846806 4.9820908445881157e-06 -0.00099986014327205653 -0.64347097642580597 1.3277683319199667e-05 -0.0026647098095906596 
1 -0.37644350113696617 0.0024899431813529566 -0.49970886194397129 0.31972820632316334 -0.0032026974024182528 0.64275212627293143 
1 -0.38582899930151732 -0.0024949252721974177 0.50070872208724571 0.32374277010265179 0.0031894197190990531 -0.64008741646332867 

0.83000000000000052 3 0.0836749
1 0.75577859215698728 5.1159985090374416e-06 -0.0010267341888761975 -0.65534881259812061 1.3504341766489463e-05 -0.0027101980904450504 
1 -0.37321686580509089 0.0024576001670899125 -0.49321791429092454 0.32561760847718102 -0.0032661565994543782 0.65548780770063597 
1 -0.38256172635191171 -0.0024627161655988291 0.4942446484798016 0.32973120412094836 0.0032526522576878832 -0.65277760961017928 

0.84000000000000052 3 0.084796
1 0.74916474319378989 5.2521876241841182e-06 -0.0010540661008043902 -0.66746097081860201 1.3733983387373857e-05 -0.002756285067001867 
1 -0.36993076508295525 0.0024246148822076258 -0.48659806878887973 0.33162218754905043 -0.0033311661775089676 0.66853463644291322 
1 -0.37923397811084969 -0.0024298670698316939 0.48765213488968362 0.33583878326956068 0.0033174321941215885 -0.6657783513759018 

0.85000000000000053 3 0.085912
1 0.74242855334286262 5.390688313804208e-06 -0.0010818619246234474 -0.67981897480798914 1.3966665972675649e-05 -0.0028029823373515866 
1 -0.36658401951220954 0.0023909713712642051 -0.47984612332633103 0.33774754179831429 -0.003397817698989559 0.68191098823894258 
1 -0.37584453383067196 -0.0023963620595778869 0.48092798525095337 0.34207143300968162 0.0033838510330168855 -0.67910800590158105 

0.86000000000000054 3 0.0868111
1 0.73556750324834319 5.5315312592047239e-06 -0.0011101278177915589 -0.69243514249062599 1.4202443044284035e-05 -0.0028503006428486793 
1 -0.36317539178602504 0.00235665272472482 -0.47295868431403509 0.34399964808739192 -0.0034662105626211653 0.69563681150526668 
1 -0.37239211146233903 -0.0023621842559839079 0.47406881213182606 0.34843549440324156 0.0034520081195768934 -0.69278651086241028 

0.87000000000000055 3 0.0879891
1 0.72857894609906182 5.6747476503402657e-06 -0.0011388700398477982 -0.70532266003252686 1.4441362575788818e-05 -0.0028982496113546157 
1 -0.35970358279437625 0.002321640996119187 -0.46593215005926469 0.35038489622517954 -0.0035364529202954898 0.70973381133905211 
1 -0.36887536330469722 -0.002327315743769424 0.46707102009911017 0.35493776380735481 0.0035220115577196966 -0.70683556172770157 

0.88000000000000056 3 0.0890071
1 0.72146009854023618 5.820369122837745e-06 -0.0011680949397736644 -0.71849566455482905 1.4683465445073766e-05 -0.0029468374466873506 
1 -0.35616722730694017 0.0022859171093646221 -0.45876269216639526 0.35691012717600284 -0.0036086627309271876 0.72422566101746 
1 -0.36529287123330606 -0.002291737478487329 0.45993078710616647 0.36158553737882698 0.0035939792654821599 -0.72127882357079087 

0.89000000000000057 3 0.0900252
1 0.71420803070969907 5.9684276779757479e-06 -0.0011978089399335829 -0.73196933675702669 1.4928783561950523e-05 -0.0029960705528547446 
1 -0.35256488925250401 0.0022494607547624015 -0.45144623466434614 0.36358267565189228 -0.0036829689765221787 0.73913824605139211 
1 -0.36164314145719539 -0.0022554291824402385 0.45264404360427296 0.36838666110514984 0.0036680401929602906 -0.73614217549855931 

0.90000000000000058 3 0.0910392
1 0.70681965529229418 6.1189555820295108e-06 -0.001228018515874368 -0.74576000489216732 1.5177337600853276e-05 -0.0030459530790270094 
1 -0.34889505654802011 0.0022122502718970867 -0.44397843050548719 0.37041041768568045 -0.003759513071223422 0.75449994696814981 
1 -0.35792459874427679 -0.0022183692274789237 0.44520644902134898 0.37534958720649481 0.0037443357336226033 -0.75145399388915424 

0.91000000000000059 3 0.0920582
1 0.69929171547094504 6.2719852406159938e-06 -0.0012587301711074964 -0.75988526178392535 1.5429134252231688e-05 -0.0030964863679163544 
1 -0.34515613542421131 0.0021742625173262128 -0.43635463501225114 0.3774018238754076 -0.0038384505010992712 0.77034196840198821 
1 -0.35413558004674311 -0.0021805345025666411 0.43761336518334132 0.3824834379085339 0.0038230213668470894 -0.76724548203410881 

0.9200000000000006 3 0.0930753
1 0.69162077163413316 6.4275490427112787e-06 -0.0012899504058046982 -0.77436409687379237 1.5684162885653629e-05 -0.0031476682860919671 
1 -0.3413464441871103 0.0021354727145288096 -0.42856987576308814 0.38456601909877769 -0.0039199527413134438 0.78669872385260042 
1 -0.35027432744702824 -0.0021419002635712893 0.42985982616887719 0.38979807777504222 0.0039042685784278918 -0.78355105556654336 

0.9300000000000006 3 0.0940824
1 0.68380318667818174 6.5856791678146651e-06 -0.0013216856780976663 -0.78921704564445905 1.5942391491593583e-05 -0.0031994924095344501 
1 -0.33746420634632235 0.0020958542830587759 -0.42061881830516573 0.39191284962358802 -0.0040042095086478781 0.80360828774589987 
1 -0.34633898033186805 -0.0021024399622263622 0.42194050398325395 0.39730419602090139 0.0039882671171562675 -0.80040879533640419 

0.94000000000000061 3 0.0951235
1 0.67583510971701677 6.7464073482491229e-06 -0.0013539423563739134 -0.80446635919937892 1.6203761735808908e-05 -0.0032519470310938027 
1 -0.33350754303072883 0.0020553786432014943 -0.41249572695070669 0.39945295868779529 -0.0040914314219262452 0.82111292935673175 
1 -0.34232756668629188 -0.0020621250505495304 0.41384966930707351 0.40501340051161105 0.0040752276601903632 -0.81786098232568383 

0.95000000000000062 3 0.0961845
1 0.66771245798184287 6.9097645767201963e-06 -0.001386726660586477 -0.82013619730489518 1.6468182917991886e-05 -0.0033050139480465929 
1 -0.32947446460100138 0.0020140149916145931 -0.40419441975015741 0.40719787179540567 -0.0041818531617922421 0.83925974694751659 
1 -0.33823799338084554 -0.0020209247561911339 0.40558114641073761 0.41293832550952381 0.0041653849788741149 -0.83595473299950551 

0.96000000000000063 3 0.0972114
1 0.65943089665694388 7.0757807469164722e-06 -0.0014200445901256563 -0.83625284884352147 1.6735524572282095e-05 -0.0033586669770857497 
1 -0.3253628613546109 0.0019717300424026371 -0.39570821652820409 0.4151600931743491 -0.0042757372460217862 0.85810142543894941 
1 -0.33406803530233709 -0.0019788058231493318 0.39712826111832866 0.42109275566920967 0.0042590017214493917 -0.85474275846190317 

0.97000000000000064 3 0.0982223
1 0.6509858163545108 7.2444842119735173e-06 -0.00145390183520692 -0.85284498441390366 1.7005607377414562e-05 -0.0034128701300706198 
1 -0.32117049320356972 0.0019284877267567249 -0.38702987860423776 0.42335321507305951 -0.0043733785691876404 0.87769714747924099 
1 -0.32981532315095619 -0.001935732210968454 0.38848378043944637 0.42949176934088906 0.0043563729618101036 -0.87428427734920522 

0.98000000000000065 3 0.0992303
1 0.64237230787946253 7.4159012418710372e-06 -0.0014883036679753164 -0.8699439467823199 1.7278191953784329e-05 -0.0034675753657001716 
1 -0.31689497818703782 0.0018842488425963309 -0.37815153847863786 0.43179204183543723 -0.0044751098989963085 0.89811369650872386 
1 -0.32547732969243282 -0.0018916647438379523 0.37963984214661439 0.43815190494693512 0.0044578317070425102 -0.89464612114308517 

0.99000000000000066 3 0.100279
1 0.63358513387222382 7.5900553560397036e-06 -0.0015232548085658255 -0.88758408609001249 1.7552965006627799e-05 -0.0035227198085760409 
1 -0.31253377966013712 0.0018389706434484257 -0.36906461732456292 0.44049273098954772 -0.0045813085802106079 0.91942680217594908 
1 -0.32105135421208342 -0.001846560698804185 0.37058787213312494 0.44709135510052667 0.0045637556152039582 -0.91590408236742493 

1.0000000000000007 3 0.101419
1 0.6246186968414621 7.7669665013078972e-06 -0.0015587592601247946 -0.90580314821284813 1.782952211949254e-05 -0.0035782222960086805 
1 -0.30808419197624892 0.0017926063529115301 -0.3597597275453347 0.44947295390850206 -0.0046924047768792283 0.94172279447783391 
1 -0.31653450486521145 -0.0018003733194125564 0.36131848680545742 0.4563301943044144 0.0046745752547596468 -0.93814457218186387 

1.0100000000000007 3 0.102544
1 0.61546700300558532 7.9466500373834751e-06 -0.001594820105205354 -0.92464272653670265 1.8107346297272147e-05 -0.0036339790718007757 
1 -0.30354332445295468 0.0017451045872258829 -0.35022655688953008 0.4587520789408196 -0.0048088916936304283 0.96510065508004761 
1 -0.31192367855261277 -0.0017530512372629582 0.35182137699472704 0.46589064759595805 0.0047907843473329785 -0.96146667600827296 

1.0200000000000007 3 0.104089
1 0.60612362124791297 8.1291154817592494e-06 -0.001631439253881416 -0.94414878976035388 1.8385781085382091e-05 -0.0036898583915109667 
1 -0.29890808338099695 0.0016964086633371091 -0.34045372958567471 0.46835138023388145 -0.00493133837049057 0.98967458512023943 
1 -0.30721553786690925 -0.0017045377788185651 0.34208516883955242 0.47579740952656185 0.0049129525894049675 -0.98598472672873916 

1.0300000000000007 3 0.105613
1 0.59658163635030947 8.3143649524622499e-06 -0.0016686171312216493 -0.96437230130959095 1.8663996725982251e-05 -0.0037456937303167832 
1 -0.29417515180206277 0.0016464557628727797 -0.33042863856000504 0.47829427573364486 -0.0050604058634713235 1.0155772525041256 
1 -0.30240648454823699 -0.0016547701278249538 0.332097255691221 0.48607802557603597 0.0050417418667450704 -1.0118315587738269 

1.0400000000000007 3 0.107133
1 0.58683359549561342 8.5023912293261648e-06 -0.0017063522882045641 -0.98536994973021319 1.8940947317967012e-05 -0.0038012751854160395 
1 -0.28934096674585441 0.0015951759128582453 -0.32013724087537837 0.48860659793380246 -0.0051968679365477395 1.0429639445966099 
1 -0.29749262874974791 -0.0016036783040872899 0.32184359316357702 0.49676335179650161 0.0051779269892295301 -1.0391626694112213 

1.0500000000000007 3 0.108752
1 0.57687144681281821 8.6931753309448442e-06 -0.0017446409154353007 -1.0072050142759368 1.921531627407075e-05 -0.003856338529765736 
1 -0.2844016935817863 0.0015424907305969374 -0.3095638058402847 0.49931690067753343 -0.0053416378492821505 1.0720179442533107 
1 -0.29246975323102392 -0.0015511839059276092 0.31130844675571695 0.50788811359851227 0.0053224225330078343 -1.0681616057235768 

1.0600000000000007 3 0.110136
1 0.56668646846646586 8.8866834730191824e-06 -0.0017834762327135223 -1.0299483961597122 1.948544644274893e-05 -0.0039105511881815849 
1 -0.27935319711212875 0.0014883118611121603 -0.29869060141764003 0.51045680433609197 -0.0054958035081183821 1.1029575843642976 
1 -0.2873332713543218 -0.0014971985445849188 0.30047407765034317 0.51949159182373539 0.0054763180616753671 -1.0990470331761886 

1.0700000000000007 3 0.111173
1 0.55626918644836965 9.0828632314159059e-06 -0.0018228477189942871 -1.0536798540537313 1.9749249978203231e-05 -0.0039634941490750966 
1 -0.27419100901990962 0.0014325390080355848 -0.28749749904205685 0.52206137935916141 -0.0056606742898863277 1.1360456449040144 
1 -0.28207817742844665 -0.0014416218712667264 0.28932034676104268 0.53161847469467916 0.0056409250399078658 -1.1320821507550147 

1.0800000000000007 3 0.112194
1 0.54560927879344523 9.281638675608705e-06 -0.0018627401357142648 -1.0784894930313298 2.0004091242485549e-05 -0.0040146384639747372 
1 -0.26891029130673128 0.0013750574182547493 -0.27596146881164157 0.53416956332146182 -0.0058378444657568827 1.1716020815398647 
1 -0.27669898748669813 -0.001384339056930089 0.27782420894734977 0.5443199297099548 0.0058178403745141067 -1.1675874430759641 

1.0900000000000007 3 0.113203
1 0.53469546338258889 9.4829041590207064e-06 -0.0019031322805700907 -1.1044795700982817 2.0246633476160903e-05 -0.0040633144757284828 
1 -0.26350579544727681 0.001315734619452645 -0.26405592474191303 0.54682459693381491 -0.0060292807398044969 1.210021593822556 
1 -0.2711896679352972 -0.0013252175236113939 0.26595905702247313 0.55765497316458146 0.0060090341063280877 -1.205958279346881 

1.1000000000000008 3 0.114559
1 0.52351536577645863 9.6865163430247588e-06 -0.0019439953868080862 -1.1317666979351604 2.0472636327909571e-05 -0.0041086711845431433 
1 -0.25797181721601864 0.0012544161150922835 -0.25174986078852446 0.5600744457208513 -0.0062374456638589985 1.2517983934198205 
1 -0.26554354856043783 -0.0012641026314349402 0.25369385617532109 0.57169225221441644 0.006216973027530685 -1.2476897222352796 

1.1100000000000008 3 0.115911
1 0.5120553625904587 9.8922838775160506e-06 -0.0019852910522093598 -1.160484553068392 2.0676686054240581e-05 -0.0041496221015302932 
1 -0.25230214763694958 0.0011909195910141906 -0.2390066881643024 0.57397213762479848 -0.0064654758952032293 1.297561978808917 
1 -0.25975321495349724 -0.0012008118748912779 0.24099197921649931 0.58651241544364618 0.0064447992091485771 -1.2934123567073192 

1.1200000000000008 3 0.117263
1 0.50030039470246945 1.0099953942892848e-05 -0.0020269685381882709 -1.1907872275866369 2.0851832463403767e-05 -0.0041847723866644511 
1 -0.24649002152216121 0.0011250269408912461 -0.2257826349208257 0.58857587510821086 -0.0067174469422622042 1.3481302673191582 
1 -0.25381037318031885 -0.0011351268948336655 0.2278096034590131 0.60221135247833346 0.0066965951097984781 -1.3439454949323499 

1.1300000000000008 3 0.118693
1 0.48823374298453071 1.0309194545438199e-05 -0.0020689612166369885 -1.2228534076198054 2.0989095194146496e-05 -0.0042123197634388425 
1 -0.24052806711642621 0.0010564729970776413 -0.21202448433272017 0.60394863582024072 -0.0069987793201497723 1.4045911068415606 
1 -0.24770567586812339 -0.0010667821916225458 0.21409344554935958 0.61890477179953696 0.0069777902249556559 -1.4003787870779369 

1.1400000000000008 3 0.120623
1 0.47583675713561463 1.0519571003595881e-05 -0.0021111818509359421 -1.2568916208268235 2.1076784652055823e-05 -0.0042299182369856265 
1 -0.23440826454561778 0.00098492910499742509 -0.19766627842738352 0.62015667393655249 -0.0073168859413165303 1.4684322012209008 
1 -0.24142849259003132 -0.00099544867600046363 0.1997774602783268 0.63673494689025911 0.007295809156664469 -1.4642022829837171 

1.1500000000000008 3 0.122675
1 0.46308852539776146 1.0730514393666199e-05 -0.0021535162632935257 -1.2931468733925842 2.1099556616139094e-05 -0.0042344883622538378 
1 -0.22812192951389365 0.00090997827824988221 -0.1826243318415206 0.63726567194919204 -0.0076822524282085828 1.5417579191428026 
1 -0.23496659588389504 -0.00092070879264303401 0.18477784810480793 0.6558812014433909 0.0076611528715928223 -1.5375234307803647 

1.1600000000000008 3 0.125829
1 0.44996546924605096 1.0941278725388385e-05 -0.0021958147402754802 -1.3319090981999429 2.103707892776039e-05 -0.0042219496606495481 
1 -0.22165975781435393 0.00083107588295785019 -0.16678934152876396 0.65533174411809858 -0.0081103437694097676 1.6276719426119346 
1 -0.22830571143173042 -0.00084201716168272409 0.16898515626904242 0.67657735408186037 0.0080893066904822539 -1.6234499929511055 

1.1700000000000008 3 0.127939
1 0.43644084232727265 1.1150882108858043e-05 -0.0022378802255433434 -1.3735239585967789 2.086212531599075e-05 -0.0041868380681885043 
1 -0.21501201073084911 0.00074748381334545377 -0.15001317639925607 0.67438055647268069 -0.0086252143272150302 1.7310017625111911 
1 -0.22142883159650539 -0.000758634695453756 0.15225105662478725 0.6991434021239139 0.0086043522018979194 -1.7268149244428872 

1.1800000000000008 3 0.130268
1 0.42248410683942123 1.1358024864364123e-05 -0.0022794518852454998 -1.418406676342552 2.0537811829228002e-05 -0.0041217513125530554 
1 -0.2081690345892086 0.00065815197821853563 -0.13208509273816957 0.69435664754736348 -0.0092669942798001195 1.859801139190649 
1 -0.21431507225026653 -0.0006695100030822891 0.13436454462339401 0.72405002879485625 0.0092464564679716633 -1.8556793878780558 

1.1900000000000008 3 0.133255
1 0.40806015350870672 1.1560973958329185e-05 -0.0023201819153658527 -1.4670595938909379 2.0013535231525655e-05 -0.0040165337863297054 
1 -0.20112263340266343 0.00056148301952511177 -0.11268451536931363 0.71498806411127469 -0.010109454235573728 2.0288751601903887 
1 -0.20693752010635832 -0.00057304399348282278 0.11500469728460848 0.75207152977916958 0.010089440700343715 -2.0248586264033426 

1.2000000000000008 3 0.136906
1 0.39312832537474884 1.1757397630874527e-05 -0.0023596023529886601 -1.5200938346075352 1.9218935057707076e-05 -0.0038570647865796425 
1 -0.1938699362856941 0.00045479507442891049 -0.091273218908318673 0.73535912783628388 -0.011309294104184577 2.2696720666226047 
1 -0.19925838908924767 -0.00046655247205941371 0.093632821261246932 0.7847347067704874 0.011290075169136838 -2.2658150018338907 

1.2100000000000009 3 0.139674
1 0.37764120915446792 1.1944125742361262e-05 -0.002397076980032299 -1.5782535090510299 1.8054881331588981e-05 -0.0036234498321976089 
1 -0.18642655974894681 0.0003327899267105282 -0.066787899735527359 0.75209090167842785 -0.013291227927312854 2.6674280887811133 
1 -0.19121464940572661 -0.00034473405245168993 0.06918497671544481 0.82616260737247049 0.013273173046018443 -2.6638046389464773 

1.2200000000000009 3 0.204633
1 0.3615432077450032 1.2116800139722083e-05 -0.0024317311549690614 -1.6424315785003265 1.6380330315719502e-05 -0.0032873827328799943 
1 -0.17889764882013826 0.00018077042886616761 -0.036278974539897924 0.74406953303135048 -0.018034531789691263 3.619365864986317 
1 -0.18264555892529147 -0.00019288722900440454 0.03871070569481333 0.89836204546829468 0.01801815145940025 -3.6160784822506451 

