0 3 0
1 1 0 0 0 0 0 
1 -0.98211212632508782 0.15728642250314442 -0.071548700536309989 0 0 0 
1 -0.01788787367491218 -0.15728642250314442 0.071548700536309989 0 0 0 

0.01 3 0.00253677
1 0.99994117111362779 -6.1473454842708505e-06 2.796392556633671e-06 -0.011766024223280717 -0.001229467586881789 0.00055927782444887024 
1 -0.9820546795156142 0.15727078762402011 -0.07154158831857009 0.011489616092131874 -0.0031270168783054325 0.0014224622229766174 
1 -0.017886491598015204 -0.15726464027853557 0.071538791926013354 0.00027640813114888105 0.0043564844651872098 -0.0019817400474254876 

0.02 3 0.00377274
1 0.9997646696356175 -2.4589291169616725e-05 1.1185528936929472e-05 -0.023535012551805325 -0.0024589169920788091 0.0011185473781525753 
1 -0.98188232383322716 0.15722388052325761 -0.071520250544768155 0.02298228333297965 -0.0062545264650780748 0.0028451485762374103 
1 -0.01788234580239504 -0.15719929123208851 0.071509065015831375 0.00055272921882572594 0.0087134434571568675 -0.0039636959543899869 

0.029999999999999999 3 0.00487471
1 0.99947045108971955 -5.5325563061267462e-05 2.516728450222216e-05 -0.035309933004391121 -0.0036883296952812902 0.0016778002363273517 
1 -0.98159501349469991 0.15714569380885118 -0.071484683852322428 0.034481057136400643 -0.0093830218367426336 0.0042682833574483221 
1 -0.017875437595022012 -0.15709036824578965 0.071459516567820944 0.00082887586799059679 0.013071351532023922 -0.0059460835937756602 

0.040000000000000001 3 0.00637984
1 0.99905844128356958 -9.835569885087256e-05 4.4741448951067983e-05 -0.047093761439178282 -0.0049176864970873427 0.0022370276652742883 
1 -0.98119267212352201 0.15703621515465505 -0.071434882634139857 0.045989001460664522 -0.012512996806047739 0.005692091199224889 
1 -0.017865769160046049 -0.15693785945580258 0.071390141185189437 0.0011047599785137599 0.017430683303135106 -0.0079291188644991482 

0.050000000000000003 3 0.00767684
1 0.99852853621059223 -0.00015367903940861539 6.9907722449055474e-05 -0.058889485503795906 -0.0061469671748375001 0.002796220465820445 
1 -0.98067519264295699 0.15689542729117528 -0.071370839034425412 0.057509193116068051 -0.015644946291249393 0.0071167972370716013 
1 -0.017853343567630971 -0.15674174825176548 0.071300931311977303 0.0013802923877279602 0.021791913466086936 -0.0099130177028920758 

0.060000000000000005 3 0.00897288
1 0.99788060191218586 -0.00022129471680734373 0.00010066571018105184 -0.070700108622326979 -0.0073761501328667876 0.0033553688142204086 
1 -0.98004243712578742 0.15672330799266829 -0.071292542942815174 0.069044726115275776 -0.018779366686515444 0.0085426272778769772 
1 -0.017838164786391428 -0.15650201327585953 0.071191877232634607 0.0016553825070513015 0.026155516819382409 -0.011897996092097414 

0.070000000000000007 3 0.010072
1 0.99711447429983258 -0.00030120163881330132 0.0001370149152961218 -0.082528654031659876 -0.0086052120452464447 0.0039144620996416791 
1 -0.979294236600326 0.15651983006051795 -0.07119998198681203 0.080598716081035304 -0.02191675623395218 0.0099698079691462483 
1 -0.017820237699500457 -0.15621862842170295 0.071062967071516991 0.0019299379506250115 0.030521968279198754 -0.013884270068787893 

0.080000000000000002 3 0.0111761
1 0.99622995893654065 -0.00039339846975847804 0.00017895473020647305 -0.094378168880096078 -0.0098341274890309423 0.0044734887573306317 
1 -0.97843039081197336 0.15628496130289066 -0.071093141522534486 0.092174304726254402 -0.025057615397646088 0.011398566969150641 
1 -0.017799568124561009 -0.15589156283313038 0.07091418679232904 0.0022038641538426967 0.03489174288667736 -0.015872055726481236 

0.089999999999999997 3 0.0117862
1 0.9952268307769141 -0.00049788360768942468 0.00022648442619257613 -0.10625172840143091 -0.011062868565951301 0.0050324360965231466 
1 -0.97745066793955571 0.15601866451063434 -0.070972004623750043 0.1037746644218708 -0.028202447240107186 0.012829133118169743 
1 -0.017776162837350756 -0.15552078090294164 0.070745520197558365 0.0024770639795605974 0.039265315806059083 -0.017861569214692893 

0.099999999999999992 3 0.0123932
1 0.99410483386507453 -0.00061465515766630165 0.00027960314125705999 -0.11815244017816379 -0.012291404510406636 0.0055912901221220127 
1 -0.97635480426549248 0.15572089742939926 -0.070836552069195646 0.11540300286849405 -0.031351757801489577 0.014261736610996178 
1 -0.017750029599576736 -0.15510624227173039 0.070556948927938901 0.0027494373096703371 0.043643162311896536 -0.019853026733118239 

0.10999999999999999 3 0.0129893
1 0.99286368098941991 -0.00074371090106402837 0.00033830986615996809 -0.1300834485080094 -0.013519701281498308 0.0061500353491157674 
1 -0.97514250379861633 0.15539161272795707 -0.070686762328163219 0.12706256788842124 -0.034506056481950494 0.015696609170869364 
1 -0.017721177190796897 -0.15464790182689073 0.070348452462002831 0.0030208806195888365 0.048025757763448876 -0.021846644519985175 

0.11999999999999998 3 0.0135801
1 0.99150305329316812 -0.00088504826070405322 0.00040260342855741457 -0.14204793888846953 -0.014747721136725109 0.0067086546086549004 
1 -0.9738134378484683 0.15503075796267018 -0.070522611544339919 0.1387566523554018 -0.03766585642749809 0.017133984224994576 
1 -0.017689615444693378 -0.15414570970196337 0.070120008115781937 0.0032912865330682263 0.052413577564223317 -0.023842638833649666 

0.12999999999999998 3 0.0141661
1 0.99002259983938201 -0.001038664261620993 0.00047248247515453755 -0.15404914263492422 -0.015975422184812071 0.0072671288446362692 
1 -0.97236724454946888 0.15463827553808907 -0.070344073517883229 0.15048859928037212 -0.040831674919652235 0.018574097081798319 
1 -0.017655355289907727 -0.15359961127646474 0.069871591042728262 0.0035605433545522975 0.056807097104464653 -0.025841225926434817 

0.13999999999999999 3 0.0147603
1 0.98842193712907744 -0.0012045554872420245 0.00054794545177175562 -0.1660903416484979 -0.017202757914977777 0.0078254368995695611 
1 -0.97080352833339745 0.15421410266363403 -0.070151119685714844 0.16226180707239246 -0.044004033769228408 0.020017185110057741 
1 -0.017618408795676402 -0.15300954717638779 0.069603174233942619 0.0038285345761055098 0.061206791684206861 -0.027842622009627567 

0.14999999999999999 3 0.0153522
1 0.98670064857084883 -0.0013827180307292091 0.00062899058121067177 -0.17817487335083845 -0.018429676699753844 0.0083835552884124805 
1 -0.96912185934830808 0.15375817130631173 -0.069943719100012583 0.17407973499513277 -0.047183459714519871 0.021463487920031565 
1 -0.017578789222538287 -0.15237545327557933 0.069314728518801355 0.0040951383557052022 0.065613136414274451 -0.029847043208444394 

0.16 3 0.0159414
1 0.98485828390021812 -0.001573147441204937 0.00071561583879234403 -0.19030613580395803 -0.019656121268252866 0.0089414579589634797 
1 -0.96732177282180032 0.15327040813943338 -0.069721838404882067 0.18594590884053258 -0.050370484824125497 0.022913247546704523 
1 -0.017536511078416063 -0.15169726069822595 0.069006222566089265 0.0043602269634246829 0.070026606092379276 -0.031854705505668206 

0.17000000000000001 3 0.0165284
1 0.98289435854679319 -0.0017758386645484916 0.00080781892542594407 -0.2024875930344332 -0.020882028146535472 0.0094991160372879992 
1 -0.96540276836637473 0.15275073448727552 -0.069485441811183574 0.19786392684269996 -0.053565646904634168 0.024366708635240143 
1 -0.017491590180411996 -0.15097489582272408 0.068677622885756781 0.0046236661917322406 0.074447675051170364 -0.033865824672528438 

0.18000000000000002 3 0.0171173
1 0.9808083529470627 -0.0019907859784167206 0.0009055972380500667 -0.21472278058251501 -0.022107327061450781 0.010056497556528727 
1 -0.96336430922435545 0.15219906626564331 -0.069234491069493073 0.20983746585672539 -0.056769489913324249 0.025824118628715836 
1 -0.017444043722698203 -0.15020828028722286 0.068328893831441861 0.0048853147257883842 0.078876816974775707 -0.035880616185244928 

0.19000000000000003 3 0.0177042
1 0.9785997118005112 -0.0022179829211042791 0.0010089478372716342 -0.22701531129811378 -0.023331940304011776 0.010613567167308656 
1 -0.96120582144958477 0.15161531391827443 -0.068968945441175475 0.22187028782887544 -0.059982564375990574 0.027285727958189863 
1 -0.017393890350920576 -0.14939733099716523 0.067959997603902714 0.0051450234692371035 0.083314504680003093 -0.037899295125498812 

0.20000000000000004 3 0.0182941
1 0.9762678432664218 -0.0024574222138175257 0.0011178674120087592 -0.23936888140722351 -0.024555782048017321 0.011170285827776216 
1 -0.95892669302282518 0.15099938234904464 -0.068688761667545492 0.23396624658667661 -0.06320542780994548 0.02875179023512197 
1 -0.01734115024358979 -0.14854196013522381 0.067570894255535766 0.0054026348205462793 0.087761209857963901 -0.039922076062898527 

0.21000000000000005 3 0.018887
1 0.97381211809854817 -0.0027090956758916256 0.0012323522409234515 -0.25178727687408292 -0.025778757619238823 0.011726610471162335 
1 -0.95652627289756664 0.15035117084992045 -0.068393893937089834 0.24612929497962469 -0.066438645152163647 0.030222562446134256 
1 -0.017285845200977003 -0.14764207517402536 0.067161541696165394 0.0056579818944582447 0.092217402771403389 -0.041949172917297016 

0.22000000000000006 3 0.0194721
1 0.97123186871461087 -0.0029729941324310913 0.0013523981504078423 -0.26427438008633036 -0.027000762710048556 0.01228249364851948 
1 -0.95400386997250919 0.14967057302459549 -0.068084293850732683 0.25836349240378381 -0.069682789192456962 0.031698305150059974 
1 -0.017227998742095421 -0.14669757889216123 0.066731895700323798 0.0059108876825484874 0.096683551902506243 -0.043980798798579891 

0.23000000000000007 3 0.0200591
1 0.96852638819715897 -0.0032491073138006983 0.0014780004688631861 -0.27683417689260048 -0.028221682533870245 0.012837883144085873 
1 -0.95135875198674758 0.14895747670777865 -0.067759910385119901 0.27067301274634553 -0.072938441011460256 0.033179282677180406 
1 -0.017167636210407042 -0.14570836939397455 0.066281909916255238 0.0061611641462579235 0.1011601235453312 -0.046017165821266887 

0.24000000000000007 3 0.0206523
1 0.9656949292221948 -0.0035374237463345198 0.0016091539769840042 -0.28947076402438504 -0.029441390913277861 0.013392721560466813 
1 -0.94859014433321909 0.14821176388007704 -0.067420689853899193 0.28306215278934149 -0.076206190423090348 0.034665763330497812 
1 -0.017104784888968164 -0.144674340133739 0.065811535876913727 0.0064086112350455384 0.10564758133636899 -0.048058484890965356 

0.25000000000000006 3 0.0212402
1 0.9627367029115077 -0.0038379306335661468 0.0017458528537303785 -0.30218835693668922 -0.030659749294944093 0.013946945870540352 
1 -0.94569722878570184 0.14743331057843209 -0.067066575866980241 0.29553534111519469 -0.079486636420994447 0.03615801958882113 
1 -0.017039474125800244 -0.14359537994486363 0.065320723013248025 0.0066530158214957247 0.11014638571593946 -0.050104965459362202 

0.26000000000000006 3 0.0218244
1 0.95965087760435619 -0.0041506137272117214 0.0018880906176388689 -0.31499129810500331 -0.031876605683939796 0.01450048693267632 
1 -0.94267914213399051 0.14662198680207825 -0.066697509287751644 0.3080971475607106 -0.082780387628341445 0.037656328311373853 
1 -0.01697173547036358 -0.14247137307486488 0.064809418670111252 0.0068941505442960153 0.11465699331228218 -0.052156815244051018 

0.27000000000000007 3 0.0224142
1 0.95643657754371258 -0.0044754571870584741 0.0020358600630866327 -0.32788406581936924 -0.033091793489099228 0.015053268965499097 
1 -0.93953497472160774 0.14577765641398724 -0.06631342818825281 0.32075229327041782 -0.086088062750113284 0.039160970943539666 
1 -0.016901602822102294 -0.14130219922692705 0.064277568125164414 0.0071317725489560054 0.11917985623921369 -0.054214239909039549 

0.28000000000000008 3 0.0234721
1 0.95309288147190729 -0.0048124434288245007 0.0021891531910836898 -0.34087128352007035 -0.034305130270280593 0.015605208978024433 
1 -0.93626376887975993 0.14490017703778077 -0.065914267802277909 0.33350566140511795 -0.089410291026826877 0.04067223372325672 
1 -0.016829112592141159 -0.14008773360895421 0.063725114611192513 0.0073656221149573965 0.12371542129710898 -0.05627744270128187 

0.29000000000000009 3 0.0256393
1 0.94961882113002927 -0.0051615529589588045 0.0023479611341243518 -0.35395772972351164 -0.035516416377359458 0.016156216150543939 
1 -0.93286451725069608 0.14398939995010684 -0.065499960476417901 0.34636230856683808 -0.092747712688341297 0.04219040788745259 
1 -0.016754303879329947 -0.13882784699114545 0.063151999342291848 0.00759542115667653 0.12826412906570242 -0.058346624037997272 

0.3000000000000001 3 0.0263102
1 0.94601337965486798 -0.0055227641952431952 0.002512274074580136 -0.36714834859148726 -0.03672543346966433 0.016706191161126153 
1 -0.92933616099289407 0.14304516996848166 -0.065070435619042993 0.35932747700759643 -0.096100979406098755 0.043715789877766649 
1 -0.016677218661969129 -0.13752240577323632 0.062558161544460755 0.0078208715838932064 0.13282641287576441 -0.060421981038893208 

0.31000000000000011 3 0.0269182
1 0.94227548986671095 -0.0058960532719391674 0.002682081156062088 -0.38044826120207126 -0.03793194290330875 0.017255025452022024 
1 -0.92567758786000343 0.14206732533462971 -0.064625619647231222 0.37240660769611983 -0.09947075474177515 0.045248681544637216 
1 -0.016597902006697116 -0.13617127206268667 0.061943538491166787 0.008041653505954002 0.13740269764508478 -0.062503706996659567 

0.32000000000000012 3 0.027529
1 0.93840403244066584 -0.0062813938280900546 0.0028573703871207063 -0.39386277758607385 -0.039135683972441382 0.017802600429619952 
1 -0.92188763014446817 0.14105569759335804 -0.064165435931672288 0.38560535432440574 -0.10285771458988018 0.046789390348639229 
1 -0.016516402296191997 -0.13477430376526403 0.061308065544549109 0.0082574232616700952 0.14199339856232318 -0.064591990778259389 

0.33000000000000013 3 0.028121
1 0.93439783395350295 -0.0066787567774409607 0.0030381285365837546 -0.40739740959938209 -0.040336371988825573 0.018348786590857775 
1 -0.91796506247597076 0.14001011146705389 -0.063689804739575223 0.39892959834462671 -0.1062625476113437 0.048338229557719561 
1 -0.016432771477528987 -0.13333135468960927 0.060651676202988905 0.008467811254753899 0.14659891960017168 -0.066687016148577388 

0.34000000000000014 3 0.0287168
1 0.93025566479728039 -0.0070881100582742334 0.0032243410197579413 -0.42105788470854777 -0.041533696182335177 0.018893442568169324 
1 -0.91390859946402681 0.13893038472590266 -0.063198643175632035 0.41238546513654817 -0.10968595565452414 0.049895518438711386 
1 -0.016347065333248346 -0.13184227466762549 0.059974302155871698 0.0086724195719971864 0.15121965183686187 -0.068788961006880853 

0.35000000000000014 3 0.0293016
1 0.92597623695015663 -0.0075094183612745532 0.0034159917746362091 -0.43485016077504274 -0.042727317402884622 0.019436414084106683 
1 -0.90971689317272042 0.13781632805397728 -0.062691865121102475 0.42597934141663085 -0.11312865415937465 0.051461582441186905 
1 -0.016259343777435497 -0.1303069096926999 0.059275873346463684 0.0088708193584083606 0.15585597156226136 -0.070897996525293633 

0.36000000000000015 3 0.0298948
1 0.921558201594051 -0.0079426428333304391 0.0036130631271587745 -0.44878044193241656 -0.043916865601967753 0.019977532805705182 
1 -0.90538853041466671 0.13666774491138944 -0.062169381171107013 0.43971789401231615 -0.11659137253968072 0.053036753371335836 
1 -0.016169671179384133 -0.12872510207805613 0.058556318043945725 0.0090625479200960209 0.16050823814165011 -0.073014286177041088 

0.37000000000000016 3 0.0304818
1 0.91700014656755879 -0.0083877407549484122 0.0038155356444705643 -0.46285519566073513 -0.045101937069308859 0.020516615087452797 
1 -0.90092202984982961 0.13548443139275443 -0.061631098570244298 0.45360809013899001 -0.12007485453730722 0.054621369553109908 
1 -0.016078116717728633 -0.12709669063780363 0.057815562925770926 0.0092471055217416553 0.16517679160661783 -0.075137984640562691 

0.38000000000000017 3 0.0310779
1 0.91230059364170624 -0.0088446651886956718 0.0040233879749999538 -0.4770811711738599 -0.046282091397101738 0.021053460590338989 
1 -0.89631583887342303 0.13426617608228181 -0.06107692114667141 0.46765721933290788 -0.12357985854125898 0.0562157759733607 
1 -0.015984754768282792 -0.12542151089358333 0.057053533171668523 0.0094239518409519052 0.16986194993836345 -0.077269236563700008 

0.39000000000000018 3 0.0316699
1 0.90745799560473994 -0.0093133645957959206 0.0042365966740502085 -0.49146541924794007 -0.047456848140842424 0.021587850762886891 
1 -0.89156833027551319 0.13301275990588773 -0.060506749244831654 0.48187291721141368 -0.12710715786300036 0.057820324407083221 
1 -0.015889665329229186 -0.123699395310089 0.056270152570778435 0.0095925020365242586 0.17456400600384567 -0.079408175169970854 

0.40000000000000019 3 0.0322399
1 0.90247073314081017 -0.0097937824176723576 0.0044551360134458592 -0.50601531363372321 -0.048625683141821315 0.022119547168275831 
1 -0.88667779865305996 0.13172395598081324 -0.059920479657046097 0.49626319125215096 -0.13065754095790019 0.059435373518147518 
1 -0.015792934487756104 -0.12193017356313747 0.055465343643597093 0.0097521223815707197 0.17928322409972433 -0.08155492068642442 

0.4100000000000002 3 0.032804
1 0.89733711148598039 -0.010285856618861668 0.0046789777736068921 -0.52073857421163572 -0.049788024471812437 0.022648289639602779 
1 -0.88164245655321249 0.13039952946334718 -0.059318005554243984 0.51083644880625367 -0.13423181158077721 0.061061288930057134 
1 -0.015694654932769961 -0.1201136728444816 0.054639027780633578 0.00990212540538132 0.18401983605259273 -0.083709578569660575 

0.42000000000000021 3 0.0333681
1 0.89205535684322612 -0.010789519187302223 0.0049080910162326817 -0.53564329206680783 -0.050943247955321659 0.023173794242979651 
1 -0.87646043032431875 0.12903923739538001 -0.058699216416160972 0.52560152758711609 -0.13783078886131142 0.062698443260252576 
1 -0.015594926518911003 -0.11824971820807383 0.05379112539992463 0.010041764479695009 0.18877403681663607 -0.085872237503232779 

0.43000000000000022 3 0.0339301
1 0.8866236125362924 -0.011304695587524788 0.0051424418355613989 -0.55073795668216807 -0.052090672218812729 0.023695751025453848 
1 -0.87112975564851047 0.12764282855067813 -0.058063997961409208 0.54056772890670346 -0.14145530728243394 0.064347216110280048 
1 -0.015493856887785826 -0.11633813296314915 0.052921556125844413 0.010170227775469271 0.19354597950124869 -0.088042967135734812 

0.44000000000000022 3 0.034502
1 0.88103993488008703 -0.011831304161733495 0.0053819930859254133 -0.56603148547129234 -0.053229553209486961 0.024213821521631686 
1 -0.86564837272696138 0.12621004328193344 -0.057412232077903073 0.5557448539662434 -0.14510621654168152 0.066007994002725875 
1 -0.01539156215313048 -0.11437873912019562 0.052030238991974141 0.010286631505055576 0.19833576975116979 -0.090221815524358179 

0.45000000000000023 3 0.035064
1 0.87530228874303762 -0.01236925547315468 0.0056267040830441928 -0.58153325589974014 -0.054359078118312101 0.024727635989299449 
1 -0.86001412108551623 0.12474061336988844 -0.056743796754225119 0.57114324354816126 -0.14878438127179766 0.067681170254115103 
1 -0.015288167657527389 -0.11237135789672882 0.05111709267117736 0.010390012351585647 0.20314345939011072 -0.092408806243415853 

0.46000000000000024 3 0.035624
1 0.86940854277414159 -0.012918451585330983 0.0058765302761793299 -0.59725314047428102 -0.055478358632901945 0.025236790340196495 
1 -0.85422473396479237 0.12323426187607046 -0.056058566012636785 0.58677382150229718 -0.15249068059239007 0.069367144770966477 
1 -0.015183808809358632 -0.11031581029073496 0.050182035736453946 0.010479318971989475 0.20796903922529228 -0.094603935111164231 

0.47000000000000025 3 0.0361791
1 0.86335646426449364 -0.013478785270244358 0.0061314228879142769 -0.61320154491463963 -0.056586423435308446 0.025740842727303367 
1 -0.84827783225460274 0.12169070300099581 -0.055356409844575349 0.60264814247268561 -0.1562260074591908 0.071066323753771976 
1 -0.015078632009901156 -0.10821191773074675 0.049224986956657696 0.010553402441956775 0.21281243089449972 -0.096807166481076568 

0.48000000000000026 3 0.0367401
1 0.85714371360972141 -0.014050139137242668 0.0063913285179078867 -0.62938944986256828 -0.057682209847583231 0.026239309744455042 
1 -0.84217091792783716 0.12010964195004865 -0.054637194149643985 0.61877844437280138 -0.15999126777111619 0.072779119290805244 
1 -0.014972795681890718 -0.10605950281280095 0.048245865631732693 0.01061100548977263 0.21767347761870076 -0.099018429035261077 

0.49000000000000027 3 0.037302
1 0.85076783833596092 -0.014632384673703069 0.0066561887064977227 -0.64582845652945564 -0.058764554513772251 0.026731662187633346 
1 -0.83590136692343797 0.11849077480970058 -0.053900780679304705 0.63517770618880687 -0.16378737918773595 0.074505948820193221 
1 -0.014866471412534351 -0.10385839013599289 0.047244591972803465 0.010650750340650923 0.22255193370150922 -0.10123761100782724 

0.50000000000000022 3 0.0378621
1 0.84422626664788114 -0.015225381187172472 0.006925939453485774 -0.66253083673673208 -0.059832182990472264 0.027217320319770678 
1 -0.82946642142200411 0.11683378843723399 -0.053147026986712524 0.65185971177359558 -0.16761526960062845 0.076247234434546632 
1 -0.014759845225881996 -0.10160840725005707 0.046221087533223258 0.010671124963138545 0.22744745259110169 -0.10346455475431844 

0.51000000000000023 3 0.03843
1 0.83751630045208902 -0.015828974637352052 0.007200510686814674 -0.67950958786494642 -0.06088369809878149 0.027695648572117586 
1 -0.82286318145037352 0.11513836036775443 -0.052375786384418289 0.66883912039156734 -0.1714758751911156 0.07800340199743358 
1 -0.014653119001723745 -0.099309385730397895 0.04517527569760018 0.010670467473380241 0.23235957328989792 -0.10569905056955223 

0.52000000000000024 3 0.0389969
1 0.83063510780421557 -0.016442996344710976 0.00747982567512362 -0.69677849329821406 -0.061917566867877943 0.028165949604951095 
1 -0.81608859574339021 0.11340415874302877 -0.051586907911995675 0.6861315448879366 -0.17537013799359522 0.07977488003495288 
1 -0.014546512060831702 -0.096961162398313233 0.044107082236868662 0.010646948410282372 0.23728770486147419 -0.10794082963990524 

0.53000000000000025 3 0.042305
1 0.82357971472126235 -0.017067261560689044 0.0077638003773414944 -0.71435218903333586 -0.062932105873952177 0.028627457638338929 
1 -0.80913945178178803 0.11163084226755447 -0.050780236316058963 0.70375363848996164 -0.17929900286760475 0.081562098358342675 
1 -0.014440262939480699 -0.094563580706860759 0.043016435938714057 0.010598550543380787 0.24223110874155726 -0.11018955599668294 

0.54000000000000026 3 0.043457
1 0.8163469962938813 -0.017701567882331154 0.0080523427215132785 -0.73224623721836435 -0.063925464747035754 0.02907933094948819 
1 -0.80201236491402939 0.1098180601983446 -0.049955612045614446 0.72172319140477603 -0.18326341376223462 0.083365486364685562 
1 -0.014334631379864042 -0.09211649231600845 0.041903269324097436 0.010523045813598897 0.24718887850927124 -0.11244481731417508 

0.55000000000000027 3 0.044759
1 0.80893366702507685 -0.018345693491746494 0.0083453518039400161 -0.75047720749731384 -0.064895607581465967 0.029520643416473057 
1 -0.79470376645771423 0.10796545237617419 -0.049112871266275865 0.74005923856460509 -0.1872643091327286 0.085185470951942732 
1 -0.014229900567377413 -0.089619758884422654 0.040767519462332001 0.01041796893272234 0.25215991671419574 -0.11470611436841716 

0.56000000000000028 3 0.045856
1 0.80133627031223542 -0.018999395197928075 0.0086427169984133571 -0.76906276716803146 -0.065840291942221768 0.029950374968334546 
1 -0.78720989066133451 0.10607264930759612 -0.048251845897571997 0.75878218009069942 -0.19130261634002022 0.08702247397133793 
1 -0.014126379650923808 -0.08707325410966317 0.039609128899154765 0.010280587077345965 0.25714290828224362 -0.11697284893967429 

0.57000000000000028 3 0.046963
1 0.7935511669787747 -0.019662406255140614 0.0089443169638127942 -0.78802178131340017 -0.066757045107721194 0.030367400778065191 
1 -0.77952676039023572 0.10413927230888165 -0.047372363678424491 0.77791391630988316 -0.19537924482833102 0.088876909123883616 
1 -0.014024406588562164 -0.084476866053736319 0.038428046714607866 0.010107865003531891 0.26213628993605342 -0.11924430990195062 

0.58000000000000029 3 0.0475621
1 0.78557452274910888 -0.020334433928194576 0.0092500185365629213 -0.80737442424607664 -0.067643137128249486 0.030770479007040285 
1 -0.77165017138092418 0.10216493372530919 -0.046474248266902031 0.79747799947136266 -0.19949507783206943 0.090749178187896726 
1 -0.013924351368207221 -0.081830499797109865 0.037224229730335318 0.0098964247747278921 0.26713821496031986 -0.12151965719493873 

0.5900000000000003 3 0.0483952
1 0.7774022945462189 -0.02101515677035698 0.0095596754923699626 -0.82714230381942588 -0.068495550205855141 0.031158236876106592 
1 -0.76357567488428979 0.10014923724197668 -0.0455573193816056 0.81749980468781647 -0.20365096230907137 0.092639666439688559 
1 -0.013826619661955223 -0.079134080471613924 0.035997643889231386 0.0096424991316281881 0.2721465125149295 -0.12379790331579503 

0.60000000000000031 3 0.0492163
1 0.76903021547443073 -0.02170422157428787 0.0098731271592200423 -0.84734860040904136 -0.069310943813736134 0.031529154798588303 
1 -0.755298558491175 0.098091778305657143 -0.044621392993570055 0.83800672307823032 -0.20784769673003334 0.094548737099041547 
1 -0.013731656983285439 -0.076387556731364478 0.034748265834345142 0.0093418773308344208 0.27715864054376921 -0.12607789189763044 

0.61000000000000032 3 0.0507121
1 0.76045377833032757 -0.022401239950046978 0.01019019686073527 -0.8680182226679547 -0.070085614867700097 0.031881548262513375 
1 -0.74681382490098769 0.095992144681333685 -0.043666281579426189 0.85902838063814746 -0.21208601627020587 0.096476724593009919 
1 -0.013639953429351967 -0.073590904731282658 0.033476084718685573 0.0089898420298377794 0.2821716311379085 -0.12835827285551965 

0.62000000000000033 3 0.052639
1 0.7516682174621605 -0.023105784476746254 0.010510690165580334 -0.88917798251552327 -0.070815452135056578 0.032213547091473414 
1 -0.73811616835590566 0.093849917172080216 -0.042691794448872854 0.88059688702995154 -0.21636657484477498 0.098423926383893731 
1 -0.013552049106256811 -0.070744132695330628 0.032181104283287132 0.0085810954855901293 0.28718202697983514 -0.13063747347536181 

0.63000000000000034 3 0.054405
1 0.7426684887714724 -0.023817384365512756 0.010834392914570192 -0.91085679224671379 -0.07149588391249484 0.032523071643589828 
1 -0.72919994841704916 0.091664670537187964 -0.041697738162324555 0.90274711929977824 -0.22068992329758913 0.10039059304743365 
1 -0.013468540354418893 -0.067847286171671156 0.030863345247749391 0.0081096729469512553 0.29218580721008258 -0.13291366469101593 

0.64000000000000035 3 0.0561759
1 0.73344924761895969 -0.024535520560850513 0.011161068992306561 -0.93308588716169572 -0.072121817817610595 0.032807805423020815 
1 -0.7200591607042981 0.089435974651115205 -0.040683917058116525 0.92551704652641897 -0.22505648288670385 0.10237691621152953 
1 -0.013390086914672297 -0.064900454090261961 0.029522848065805088 0.0075688406352709013 0.29717830070431372 -0.13518472163454293 

0.65000000000000036 3 0.0580578
1 0.72400482436014479 -0.025259620194829333 0.011490457804420848 -0.95589907773506566 -0.072687571311017343 0.033065163474865711 
1 -0.71068740415540876 0.087163395955460979 -0.039650133912993629 0.94894810264100615 -0.22946651299899032 0.10438301386979355 
1 -0.013317420204735206 -0.061903775760631233 0.028159676108567712 0.0069509750940551299 0.30215408431000901 -0.13744817734465176 

0.66000000000000036 3 0.0598409
1 0.71432919719192656 -0.025989050293356478 0.011822271414592102 -0.97933303609541478 -0.073186791287117955 0.033292255807460806 
1 -0.70107784428030007 0.084846499268076969 -0.038596190765067054 0.97308561618529332 -0.23392007175634205 0.10640891246154308 
1 -0.013251352911616965 -0.058857448974720401 0.02677391935046966 0.0062474199101365405 0.30710686304345897 -0.13970116826899329 

0.67000000000000037 3 0.0609989
1 0.70441596193974676 -0.026723110615507403 0.012156191287199931 -1.0034276225001499 -0.07361236072892359 0.033485844930188059 
1 -0.69122317178946391 0.082484850028506501 -0.037521889935252378 0.99797930768561327 -0.23841696782976993 0.10845452495230939 
1 -0.013192790150270963 -0.055761739413000631 0.025365698648047295 0.005448314814560787 0.31202932855869336 -0.1419403698824854 

0.68000000000000038 3 0.0618298
1 0.6942582983520188 -0.0274610254848132 0.012491864571422318 -1.028226258611042 -0.073956289999227515 0.033642296402445107 
1 -0.68111555585715922 0.080078017077914815 -0.03642703529184322 1.0236838677173812 -0.24295670132979383 0.11051962394520679 
1 -0.013142742494841365 -0.052616991593103374 0.02393517072041557 0.0045423908936719215 0.31691299132901907 -0.14416192034764086 

0.69000000000000039 3 0.0626559
1 0.68384893239450761 -0.028201934444587434 0.012828899850398638 -1.053776355753508 -0.074209589815719484 0.033757521050749771 
1 -0.67074659113503532 0.077625576095745316 -0.035311433813827842 1.0502596317658144 -0.24753839105897951 0.11260380858852434 
1 -0.013102341259448957 -0.049423641651158048 0.022482533963423239 0.0035167239877038361 0.32174798087469469 -0.14636132963926529 

0.7000000000000004 3 0.063478
1 0.67318009394666856 -0.028944881536712944 0.013166862264209383 -1.0801298080467789 -0.07436212230383013 0.033826907213523147 
1 -0.66010723745167388 0.075127113846157112 -0.034174897522569206 1.0777733718468185 -0.25216068464883429 0.114706463697517 
1 -0.013072856494980325 -0.046182232309442496 0.021008035258353291 0.0023564362000072997 0.32652280695265562 -0.14853337091102969 

0.71000000000000041 3 0.064301
1 0.66224346919348132 -0.029688802963301061 0.013505267897234914 -1.1073435624134425 -0.074402425702376138 0.033845241000683361 
1 -0.64918775091085201 0.07258223342687059 -0.033017245869474611 1.106299229801615 -0.2568216470948757 0.11682670904963104 
1 -0.013055718282606281 -0.042893430463568881 0.019511977972232558 0.001044332611844711 0.33122407279724231 -0.15067195005030529 

0.72000000000000042 3 0.0651259
1 0.65103014687277472 -0.030432512841433484 0.01384357729806902 -1.1354802801302544 -0.074317507266553465 0.033806612086387335 
1 -0.63797760482111687 0.069990560764283755 -0.031838308690584419 1.1359198235755024 -0.26151862186114883 0.11896333620174337 
1 -0.013052542051631626 -0.039558047922849331 0.017994731392508154 -0.00043954344521684736 0.3358361291276955 -0.15276994828812471 

0.73000000000000043 3 0.065975
1 0.63953055737610243 -0.031174686700390287 0.014181187972501614 -1.1646091079277143 -0.074092597608712993 0.033704301960054875 
1 -0.62646539853654792 0.067351752665586379 -0.030637929869439463 1.1667275661306376 -0.26624805692244169 0.12111472935775071 
1 -0.013065158839519531 -0.036177065965196056 0.016456741896930506 -0.0021184582029045119 0.3403406545311462 -0.15481903131779762 

0.74000000000000044 3 0.0668058
1 0.62773440350010401 -0.031913842295195824 0.01451742565570905 -1.1948065808867285 -0.073710858057836365 0.033530650805849618 
1 -0.61463875183974248 0.064665506826527788 -0.029415971889551203 1.1988262476144453 -0.27100528566830401 0.12327876570306022 
1 -0.013095651660323065 -0.032751664531330028 0.014898546233834608 -0.0040196667277257528 0.34471614372613413 -0.15680941650890165 

0.75000000000000044 3 0.0676289
1 0.61563058139729676 -0.032648317215956332 0.014851534126870444 -1.2261576848027225 -0.073153030494240587 0.033276898214472245 
1 -0.60248418192242126 0.061931574310043244 -0.028172321510864243 1.2323329459748624 -0.27578424924650613 0.12545268910019383 
1 -0.013146399474837292 -0.029283257094084497 0.013320787383986175 -0.006175261172156268 0.34893727974074618 -0.15872958731466025 

0.76000000000000045 3 0.0684819
1 0.60320708996496708 -0.033376242653927739 0.015182663275498089 -1.2587571126683772 -0.072397016380195273 0.032932991686584284 
1 -0.589986959274445 0.059149775167139637 -0.026906896875601782 1.2673803507684054 -0.2805771422912996 0.1276329489325882 
1 -0.013220130690499899 -0.025773532513210198 0.011724233600096164 -0.008623238100020407 0.35297415867149795 -0.16056594061916735 

0.77000000000000046 3 0.0693119
1 0.59045092652085907 -0.034095512535496864 0.015509855060664175 -1.292710758993598 -0.071417368161300523 0.03248735527417803 
1 -0.57713093781834734 0.056320018082467969 -0.025619656444930892 1.3041196114430964 -0.28537395749524874 0.12981499293291321 
1 -0.013319988702490652 -0.022224505546970051 0.010109801384259237 -0.011408852449500477 0.3567913256565528 -0.16230234820708728 

0.78000000000000047 3 0.0701327
1 0.57734796612070483 -0.034803747044934372 0.015832026917705137 -1.3281375075633144 -0.070184671587278105 0.031926608601813455 
1 -0.56389835334183791 0.05344232521579461 -0.024310610299202583 1.3427238578250646 -0.29016189528356312 0.1319929986472739 
1 -0.013449612778849368 -0.018638578170859121 0.0084785833814899642 -0.014586350261741852 0.36034656687085409 -0.16391960724908045 

0.79000000000000048 3 0.0709598
1 0.56388282124164901 -0.035498249313245328 0.016147952056228206 -1.3651713839582995 -0.068664791423828989 0.031235223745224409 
1 -0.55026958256343328 0.050516863809995226 -0.022979834516252275 1.3833925912534448 -0.29492459162190332 0.13415952216935384 
1 -0.013613238678187912 -0.015018614496749367 0.006831882460016407 -0.018221207295137692 0.36358938304574717 -0.16539474591457282 

0.80000000000000049 3 0.0717878
1 0.55003867774230819 -0.036175953736889581 0.016456235950589447 -1.403964165192453 -0.066817944987385705 0.030395103787540099 
1 -0.53622285284550286 0.04754398669628071 -0.021627489596993826 1.42635721638859 -0.29964109768065195 0.13630503399551419 
1 -0.013815824896768856 -0.011368032959390005 0.0051712536463966114 -0.02239305119615375 0.36645904266804896 -0.16670013778304857 

0.8100000000000005 3 0.0726078
1 0.53579710195191588 -0.036833363983460744 0.016755288139029111 -1.4446885672672252 -0.064597557220093832 0.029385061999392437 
1 -0.52173388938679155 0.04452428462374091 -0.020253844269834568 1.4718880863162254 -0.30428451643092624 0.13841729882003537 
1 -0.014063212565095849 -0.0076909206402797411 0.0034985561307981708 -0.027199519049009264 0.36888207365103559 -0.16780236081942124 

0.82000000000000051 3 0.0734267
1 0.52113781234840839 -0.037466478210228409 0.01704328820601099 -1.4875421704116321 -0.061948836636410744 0.02818017404510937 
1 -0.50677548230051772 0.041458654490808752 -0.018859306528778635 1.5203035831403564 -0.30882015796753243 0.14048053640201036 
1 -0.014362330047863263 -0.0039921762805788579 0.001816018322760235 -0.032761412728698341 0.37076899460396595 -0.1686607104471145 

0.83000000000000052 3 0.0742488
1 0.50603840743222517 -0.038070698322422755 0.017318144504332181 -1.5327522958948749 -0.058806992010697029 0.026750966764027561 
1 -0.49131694972637779 0.038348389247225861 -0.017444464529322936 1.5719819784010749 -0.31320300865619405 0.14247427029478776 
1 -0.014721457705808422 -0.00027769092480133656 0.00012632002498314755 -0.039229682506141644 0.37201000066691403 -0.16922523705881226 

0.84000000000000052 3 0.0750768
1 0.4904740389044 -0.038640719171087357 0.017577443751854629 -1.580582124607449 -0.055094983148088916 0.025062395008931967 
1 -0.47532346411654119 0.035195297768919449 -0.016010141118855282 1.6273771544404356 -0.31737420412362893 0.14437172342919177 
1 -0.015150574787814298 0.0034454214021704967 -0.0015673026330069427 -0.046795029832926667 0.37246918727173983 -0.16943411843811948 

0.85000000000000053 3 0.0761766
1 0.47441701584214241 -0.039170392351377828 0.017818389074126625 -1.6313384570372844 -0.050720662661265042 0.023072541456535277 
1 -0.4587551956082207 0.032001866887049452 -0.01455746754275102 1.6870397902544543 -0.32125602644613105 0.14613754236300155 
1 -0.015661820233843882 0.007168525464332008 -0.0032609215313815923 -0.055701333217051514 0.37197668910743337 -0.16921008381954566 

0.86000000000000054 3 0.0778327
1 0.45783632082074327 -0.03965255759340424 0.018037723305027269 -1.6853816741773422 -0.045573115342572162 0.020730951408644199 
1 -0.44156620653304618 0.02877148383531801 -0.013087984634388289 1.7516464467086039 -0.3247446642974019 0.14772450391330708 
1 -0.016270114287647314 0.010881073758091109 -0.0049497386706445498 -0.066264772531133234 0.37031777964000373 -0.16845545532196657 

0.87000000000000055 3 0.0884318
1 0.44069701222395691 -0.040078832473153275 0.018231633327469163 -1.743138697595418 -0.039517931781267612 0.017976482787479722 
1 -0.42370300053032384 0.025508747181334685 -0.011603784256062713 1.8220403476046874 -0.32769949267811022 0.14906863856640823 
1 -0.016994011693618687 0.014570085291824584 -0.0066278490714119396 -0.078901650009085042 0.36721742445942313 -0.16704512135390107 

0.88000000000000056 3 0.089483
1 0.42295947730946426 -0.040439348077072709 0.018395629828710219 -1.805120111888479 -0.032391055379440967 0.014734507178151234 
1 -0.40510258128321175 0.022219910598973634 -0.010107711168511184 1.8992899572894186 -0.3299267736026073 0.15008181601262299 
1 -0.01785689602622427 0.01821943747810522 -0.0082879186602054667 -0.094169845400712687 0.36231782898206932 -0.16481632319078193 

0.89000000000000057 3 0.090539
1 0.40457848631809723 -0.040722414003550367 0.018524394911438095 -1.8719431865173115 -0.023990706116262014 0.010913235994877105 
1 -0.38568979660374292 0.018913531894996557 -0.0086036582694395958 1.9847755036141657 -0.33115409907855936 0.15064011940297203 
1 -0.018888689714326425 0.021808882108562539 -0.0099207366420057987 -0.11283231709671471 0.35514480519485114 -0.16155335539785759 

0.90000000000000058 3 0.091588
1 0.38550197627585592 -0.0409140902292741 0.01861158733819791 -1.9443634653944586 -0.014066696788476307 0.0063988604994397709 
1 -0.36537360883828418 0.015601450056742247 -0.0070970110469675655 2.0803210220291293 -0.33098883758283532 0.15056494288691064 
1 -0.020128367437555521 0.025312640172542145 -0.011514576291238044 -0.13595755663454615 0.3450555343713374 -0.1569638033863674 

0.91000000000000059 3 0.0926361
1 0.36566945930967443 -0.040997635318256585 0.01864959152481287 -2.0233191624486961 -0.0023062040656298588 0.0010490791350021972 
1 -0.34404169323242517 0.012300307946206433 -0.0055953402445197888 2.1884038332377749 -0.32884758032498601 0.14959089711820839 
1 -0.021627766077228383 0.028697327372057924 -0.013054251280300667 -0.16508467078885591 0.33115378439063836 -0.15063997625322142 

0.9200000000000006 3 0.093684
1 0.34500989543374905 -0.040952789509035387 0.018629191420828844 -2.1099953685819242 0.011685267340236047 -0.0053155617650132358 
1 -0.32155231795853456 0.0090340275998000499 -0.0041095278606316709 2.312502768090221 -0.32382987862420487 0.1473083731046495 
1 -0.023457577475189905 0.031918761909242997 -0.014519663560205022 -0.20250739950820126 0.31214461128398779 -0.14199281133965014 

0.9300000000000006 3 0.0950248
1 0.32343877673104854 -0.040754836791729282 0.018539143853689367 -2.2059202247159377 0.028409349007022584 -0.012923251557168444 
1 -0.29772156629260521 0.0058380504971903601 -0.0026556960231703497 2.4577113422577979 -0.3144770621390332 0.14305382999012747 
1 -0.02571721043840336 0.034916786294560694 -0.015883447830528686 -0.25179111754182021 0.28606771313203777 -0.13013057843297557 

0.94000000000000061 3 0.0964029
1 0.30085400320873812 -0.040373372469655569 0.01836561789950596 -2.3131154595011809 0.048508554435493949 -0.022066265984817139 
1 -0.27230203489744736 0.0027671025191861182 -0.0012587392245863858 2.6318989718585839 -0.29827167222133449 0.13568209012955534 
1 -0.028551968311281765 0.037606269950499829 -0.017106878674928737 -0.3187835123581188 0.24976311778589344 -0.11361582414472891 

0.95000000000000062 3 0.0989699
1 0.27712981069244708 -0.039770685405565283 0.018091458976066142 -2.4343458632067674 0.072809715695829072 -0.03312072626199726 
1 -0.24494454956969025 -8.9279780141987154e-05 4.0612865055967651e-05 2.8481297097575466 -0.27047830138193124 0.12303904354336473 
1 -0.032185261122773777 0.039859965185738699 -0.018132071841127549 -0.41378384655243616 0.19766858568616574 -0.08991831728138687 

0.96000000000000063 3 0.100797
1 0.25210733896904181 -0.038899660423160363 0.01769523465718317 -2.5735658402923036 0.10237585826985714 -0.046570196644639822 
1 -0.21512193424547091 -0.0025716945238058015 0.0011698492369854748 3.1304033013979833 -0.22101853331162588 0.10054007587704467 
1 -0.036985404723459139 0.04147135494697099 -0.018865083894171294 -0.55683746110400423 0.11864267504185644 -0.05396987923244647 

0.97000000000000064 3 0.103034
1 0.22557883200006576 -0.037701153387992868 0.017150040611890283 -2.7368115179249477 0.13855715872948418 -0.063028864788942013 
1 -0.18195278091940204 -0.0043560796288733186 0.0019815558896778556 3.530172589667206 -0.12388352396403576 0.056353911650120471 
1 -0.043626051080466591 0.042057233016873231 -0.019131596501595381 -0.79336107173446579 -0.014673634765296499 0.0066749531389823161 

0.98000000000000065 3 0.105703
1 0.19725793468377384 -0.036100936883316198 0.016422111209835145 -2.9343120126887023 0.18302544803128062 -0.083257237105180751 
1 -0.14368213212066919 -0.0046059782259813128 0.0020952333425849692 4.1917303545993088 0.11619810582620929 -0.052857858575791256 
1 -0.053575802562889983 0.040706915109870713 -0.018517344552521901 -1.2574183418884732 -0.29922355385906196 0.13611509568105448 

0.99000000000000066 3 0.234184
1 0.16671141134787457 -0.034005650698172289 0.015468977421053406 -3.187245737082947 0.23812072298303782 -0.10831976485381602 
1 -0.095188850422974869 0.00063952356366746765 -0.00029091563794118348 5.8463815739705725 1.408342702663292 -0.64064709897182237 
1 -0.07152256092411366 0.033366127135044624 -0.015178061783229783 -2.6591358368624936 -1.646463425647555 0.74896686382575606 

1.0000000000000007 3 2.365
1 0.13314189093872328 -0.031262414870137215 0.014221095018915395 -3.5533200961460807 0.31667764931482223 -0.14405486460217382 
1 -0.078777356703960466 0.037809743341849486 -0.017199437565118818 -1.6197050178556165 1.7779121042056634 -0.80876212134407943 
1 -0.054364534234100238 -0.006547328470852232 0.0029783425461307302 5.1730251140400361 -2.0945897535208564 0.95281698593930542 

1.0100000000000007 3 2.45985
1 0.094578234606959175 -0.027526695644161076 0.012521737554115273 -4.2735694515876759 0.44123246277820644 -0.20071414203428922 
1 -0.088517965307214855 0.047924871369672571 -0.021800751871970194 -0.47016718109370487 0.5586380247181133 -0.25412126553615771 
1 -0.0060602692981695343 -0.020398175724623192 0.0092790143176934986 4.7437366327130208 -0.99987048749621532 0.45483540756622581 

1.0200000000000007 3 39.5073
1 0.0524798431692498 -0.035052352728770581 0.015945116231258671 5.1147034821990331 -4.2594651707822626 1.9376065210956888 
1 -0.089522585129252166 0.051135676272079052 -0.023261328791325413 0.24608644846278344 0.11634687088075353 -0.052925530953956079 
1 0.037042741962042415 -0.016083323542607331 0.0073162125598584034 -5.3607899306380347 4.1431182998476537 -1.8846809901423776 

1.0300000000000007 3 39.9729
1 0.089049458580422056 -0.063085285793082549 0.028697138312100228 3.0495293945665543 -2.2877971138697286 1.0407059170611943 
1 -0.083037266633211385 0.050106896138555609 -0.022793342549943925 1.1523661244219907 -0.36752951958855151 0.16718709165865975 
1 -0.006012191944975381 0.012978389654574859 -0.005903795762432924 -4.2018955189506348 2.6553266333979439 -1.2078930087172011 

