0 3 0
1 1 0 0 0 0 0 
1 -0.60963131661035763 0.37598958523125225 -0.40526097431634261 0 0 0 
1 -0.39036868338964237 -0.37598958523125225 0.40526097431634261 0 0 0 

0.01 3 0.00109315
1 0.99996291955363636 -1.7987690286014924e-06 1.9388060673349355e-06 -0.0074162020615300504 -0.00035975499635849251 0.00038776249679826208 
1 -0.60960733450332794 0.37595951565062197 -0.40522856377088645 0.0047965185614794806 -0.0060140634655676418 0.0064822679015357175 
1 -0.39035558505031304 -0.37595771688159468 0.40522662496481815 0.0026196835000505763 0.0063738184619261326 -0.0068700303983339579 

0.02 3 0.00162721
1 0.99985167144652332 -7.1951475295269281e-06 7.7553012442417127e-06 -0.014833757840914013 -0.00071952427186548187 0.00077554038439950779 
1 -0.6095353823520564 0.37586929806687169 -0.40513132260430362 0.0095942033028490227 -0.012029895550527598 0.012966442112305254 
1 -0.39031628909447053 -0.3758621029193438 0.40512356730305793 0.005239554538064922 0.012749419822393115 -0.013741982496704748 

0.029999999999999999 3 0.00215411
1 0.99966623536789256 -1.6189349515280745e-05 1.7449716204439707e-05 -0.022254022387839228 -0.0010793220590633299 0.0011633490033722339 
1 -0.6094154426573779 0.37571890593959323 -0.40496922220997156 0.014394222128884693 -0.018049267839270515 0.019454432137370491 
1 -0.39025079271052099 -0.37570271659007892 0.40495177249376713 0.0078598002589545038 0.019128589898333936 -0.020617781140742617 

0.040000000000000001 3 0.00271416
1 0.99940657744426642 -2.8781730895638027e-05 3.10224345658478e-05 -0.029678353418740446 -0.0014391624970152639 0.0015512035935283022 
1 -0.60924748622524127 0.37550829498531152 -0.40474221485687867 0.019197746400747291 -0.024073957858380943 0.025948153886596371 
1 -0.39015909121903425 -0.37547951325441759 0.40471119242231696 0.010480607017993275 0.025513120355396306 -0.027499357480124689 

0.050000000000000003 3 0.00322318
1 0.99907265020608516 -4.4972788306369423e-05 4.8473991628123597e-05 -0.037108112657886057 -0.0017990595838967497 0.0019391192428234749 
1 -0.60903147212344233 0.37523740310308662 -0.40445023360942667 0.024005952680755189 -0.030105752078320613 0.032449532910020673 
1 -0.39004117808265093 -0.37519243031478294 0.4044017596178025 0.013102159977131128 0.031904811662217515 -0.034388652152843958 

0.060000000000000005 3 0.00372624
1 0.99866439254088846 -6.4763157460067842e-05 6.9805072595100111e-05 -0.044544667187755224 -0.0021590271287787494 0.0023271108353868984 
1 -0.60876734762080975 0.37490615026990731 -0.40409319221468432 0.028820024497191447 -0.036146448952075763 0.0389605076730637 
1 -0.38989704492008481 -0.3748413871124498 0.4040233871420929 0.015724642690563874 0.038305476080854828 -0.041287618508450405 

0.070000000000000007 3 0.00422931
1 0.99818172963291762 -8.8153611009611255e-05 9.5016510271914755e-05 -0.051989390811860027 -0.002519078702324849 0.0027151929983800357 
1 -0.6084550481085973 0.37451443840547632 -0.4036709849566491 0.033641154136050733 -0.04219786200352723 0.045483032885333868 
1 -0.38972668152432316 -0.37442628479447054 0.4035759684463836 0.018348236675809235 0.044716940705852311 -0.04819822588371387 

0.080000000000000002 3 0.00473022
1 0.99762457288904871 -0.00011514505591198274 0.00012410928222359813 -0.059443665433224928 -0.0028792275861168328 0.0031033800473769173 
1 -0.60809449700382978 0.37406215120580472 -0.40318348647688024 0.038470544466837446 -0.048261822978683158 0.052019082897188471 
1 -0.38953007588522143 -0.37394700614989801 0.40305937719466278 0.020973120966387222 0.051141050564800158 -0.055122462944565631 

0.089999999999999997 3 0.00522923
1 0.99699281985081145 -0.00014573853027725816 0.00015708450737875231 -0.066908882451789706 -0.0032394867203132034 0.0034916859299480708 
1 -0.6076856056341492 0.37354915394492111 -0.40263055156077004 0.043309410809775621 -0.054340185073401048 0.058570655178739613 
1 -0.38930721421666142 -0.37340341541464922 0.40247346705339793 0.023599471642013745 0.057579671793714426 -0.062062341108687837 

0.099999999999999992 3 0.0057354
1 0.99628635409234367 -0.00017993519968457681 0.0001939434420587119 -0.074386444184090655 -0.0035998686493342773 0.0038801241671169531 
1 -0.60722827310378391 0.3729752932438562 -0.40201201488855925 0.048158982852107936 -0.060434826251822345 0.065139773896632724 
1 -0.38905808098855837 -0.37279535804417702 0.40181807144650594 0.026227461331981526 0.064034694901156639 -0.069019898063750043 

0.10999999999999999 3 0.00624132
1 0.99550504510402604 -0.00021773635294376054 0.00023468747540920058 -0.081877765308659992 -0.0039603854652527793 0.004268707792343427 
1 -0.60672238614005924 0.37234039680594133 -0.40132769075000457 0.053020506621537407 -0.066547652670452193 0.071728493604698712 
1 -0.38878265896396713 -0.37212266045300513 0.40109300327460062 0.028857258687121318 0.070508038135704901 -0.075997201397042358 

0.11999999999999998 3 0.00674129
1 0.99464874816151616 -0.0002591433972779733 0.00027931812420795059 -0.089384274340702383 -0.0043210487485532767 0.0046574492876712611 
1 -0.60616781891985017 0.37164427311726678 -0.40057737272152899 0.057895246525300287 -0.07268060222366339 0.07833890306547886 
1 -0.38848092924166744 -0.37138512971999504 0.4002980545973272 0.031489027815400972 0.077001650972216895 -0.08299635235314988 

0.12999999999999998 3 0.00723934
1 0.9937173041798627 -0.00030415785289934625 0.000327837027018032 -0.096907415139710892 -0.004681869505904576 0.0050463605166560519 
1 -0.60556443287529083 0.37088671111099691 -0.39976083330440992 0.062784487463877173 -0.078835648227376764 0.084973129220686477 
1 -0.38815287130457726 -0.37058255325810213 0.39943299627740098 0.034122927675832783 0.083517517733281282 -0.090019489737342223 

0.13999999999999999 3 0.00773644
1 0.99271053955238608 -0.000352781346945826 0.00038024593765267607 -0.10444864845384852 -0.0050428581045683738 0.0054354526536672535 
1 -0.60491207647792489 0.37006747979410115 -0.39887782352244794 0.067689537028943092 -0.085014803258794694 0.091633341329870041 
1 -0.38779846307446741 -0.36971469844715904 0.3984975775848037 0.036759111424903623 0.090057661363362532 -0.097068793983537127 

0.14999999999999999 3 0.00823641
1 0.99162826597389253 -0.0004050156067436351 0.00043654671791320773 -0.11200945350505781 -0.0054040242030419881 0.0058247361091316816 
1 -0.60421058500041447 0.36918632783482402 -0.39792807247730361 0.072611727795827807 -0.091220123171366588 0.098321755297949759 
1 -0.38741768097348767 -0.36878131222808591 0.39749152575939667 0.039397725709228643 0.096624147374408303 -0.1041464914070815 

0.16 3 0.00873351
1 0.99047028024783168 -0.0004608624523555433 0.00049674132955718979 -0.119591329619056 -0.0057653766775073497 0.0062142204502561643 
1 -0.60345978025480285 0.36824298310903492 -0.39691128685954585 0.077552419721535232 -0.097453711305628729 0.10504063821387946 
1 -0.3870104999930381 -0.3677821206566847 0.39641454552999555 0.042038909897518448 0.10321908798313555 -0.11125485866413583 

0.17000000000000001 3 0.00923157
1 0.98923636407689086 -0.00052032378837078483 0.00056083182544916412 -0.12719579790454227 -0.0061269235436256786 0.0066039143167339184 
1 -0.6026594703062238 0.36723715220340264 -0.39582715041314909 0.082513002660261653 -0.10371772291824465 0.11179231312449225 
1 -0.38657689377067511 -0.36671682841503672 0.39526631858770722 0.044682795244279087 0.10984464646186939 -0.11839622744122627 

0.18000000000000002 3 0.00973654
1 0.98792628383656356 -0.00058340159488757214 0.00062882033984114892 -0.13482440298619011 -0.0064886718731840031 0.0069938253309019191 
1 -0.60180944916082479 0.36616851987309434 -0.39467532335096878 0.087494899009322558 -0.11001436985346998 0.118579164069648 
1 -0.38611683467575392 -0.36558511827821033 0.39404650301113692 0.047329503976866069 0.11650304172665266 -0.12557298940055026 

0.19000000000000003 3 0.0102377
1 0.98653979033108563 -0.00065009791763415603 0.00070070907772460322 -0.14247871479620708 -0.0068506277050603744 0.00738396000177448 
1 -0.60090949642648783 0.36503674845143147 -0.39345544171843883 0.092499566499568364 -0.11634592548342761 0.12540364140711602 
1 -0.38563029390461467 -0.36438665053380215 0.39275473264072497 0.049979148296637139 0.12319655318848702 -0.13278760140889137 

0.20000000000000004 3 0.0107388
1 0.98507661853112449 -0.00072041485716873882 0.00077650030318954081 -0.15016033042952889 -0.0072127959499321912 0.0077743236223330884 
1 -0.59995937694491419 0.36384147720868448 -0.39216711670243853 0.097528501145613219 -0.12271472994600964 0.13226826745825751 
1 -0.38511724158623073 -0.36312106235151898 0.39139061639925987 0.052631829283914008 0.12992752589594092 -0.14004259108059131 

0.21000000000000005 3 0.011683
1 0.98353648729259557 -0.00079435455709262067 0.00085619632672003442 -0.15787087606798111 -0.0075751802881030179 0.0081649201593988387 
1 -0.59895884039327429 0.36258232165685955 -0.39080993388197616 0.10258324037266715 -0.12912319571199352 0.13917564250854877 
1 -0.3845776468993421 -0.36178796709977085 0.3899537375552678 0.055287635695312233 0.13669837600009607 -0.14734056266794726 

0.22000000000000006 3 0.0126259
1 0.98191909905587071 -0.00087191919120438303 0.00093979949134836028 -0.16561200897907663 -0.0079377830597709455 0.0085557521353578827 
1 -0.59790762085369265 0.36125887279704649 -0.38938345241692057 0.10766536633840547 -0.13557381351607228 0.14612845120035181 
1 -0.38401147820220249 -0.360386953605845 0.38844365292558364 0.057946642640669635 0.14351159657584286 -0.15468420333570956 

0.23000000000000007 3 0.013422
1 0.98022413952458787 -0.00095311094951595562 0.0010273121575823637 -0.17338541959544629 -0.0083006051470014743 0.0089468205009459595 
1 -0.59680543634840155 0.35987069630545321 -0.38788720417067946 0.1127765094701467 -0.14206915869004036 0.15312946935915042 
1 -0.38341870317621135 -0.35891758535593954 0.38685989201311055 0.060608910125297955 0.15036976383704131 -0.16207628986009684 

0.24000000000000007 3 0.013943
1 0.97845127732323933 -0.0010379320230435782 0.0011187366870124081 -0.18119283368128125 -0.0086636458466022252 0.0093381244982260626 
1 -0.5956519883383915 0.3584173316539444 -0.38632069276227177 0.11791835223973006 -0.14861189794037852 0.16018157129877919 
1 -0.38279928898487209 -0.35737939963090393 0.38520195607527252 0.063274481441549749 0.1572755437869803 -0.16951969579700585 

0.25000000000000006 3 0.0144639
1 0.97660016363264868 -0.0011263845872784277 0.0012140754244951166 -0.18903601459258193 -0.0090269027330228749 0.0097296615128149907 
1 -0.59444696118301021 0.35689829116037919 -0.38468339254271983 0.12309263320084941 -0.15520479661701345 0.16728773765606855 
1 -0.38215320244966344 -0.35577190657310304 0.38346931711823751 0.065943381391730754 0.16423169935003454 -0.17701739916888556 

0.26000000000000006 3 0.014976
1 0.97467043180232227 -0.0012184707842324281 0.0013133306788014624 -0.19691676563844712 -0.0093903715103234257 0.010121426914326907 
1 -0.59319002155775191 0.35531305896358883 -0.38297474749024008 0.12830115131632022 -0.16185072652518218 0.17445106381087699 
1 -0.38148041024459195 -0.35409458817935746 0.3816614168114511 0.068615614322125762 0.17124109803550452 -0.1845724907252054 

0.27000000000000007 3 0.0154822
1 0.97266169693866211 -0.001314192702944711 0.0014165047016056103 -0.20483693255114466 -0.0097540458521613426 0.010513413883903311 
1 -0.59188081782721791 0.35366108991729073 -0.38119417001804307 0.13354577060581438 -0.16855267433818058 0.18167476895378179 
1 -0.38078087911146347 -0.35234689721434681 0.37977766531645152 0.071291161945328529 0.17830672019034152 -0.19218818283768557 

0.28000000000000008 3 0.0159853
1 0.97057355546790824 -0.0014135523583233272 0.001523599664679419 -0.21279840607320777 -0.01011791722864906 0.01090561322759139 
1 -0.59051897936983799 0.35194180839659689 -0.37934103968792443 0.13882842514810387 -0.17531375067542224 0.18896220587087773 
1 -0.38005457609808357 -0.35052825603827592 0.37781744002326095 0.073969980925101805 0.18543166790407156 -0.19986781909846965 

0.29000000000000009 3 0.0164871
1 0.96840558467256999 -0.0015165516681847093 0.0016346176351443801 -0.22080312467042845 -0.010481974718820892 0.011298013174210845 
1 -0.58910411585066014 0.35015460701013046 -0.37741470182212244 0.14415112447584477 -0.18213719991782459 0.19631687152331437 
1 -0.3793014688219204 -0.34863805534194831 0.37578008418699144 0.076652000194580447 0.19261917463664582 -0.20761488469752609 

0.3000000000000001 3 0.0169921
1 0.96615734220007909 -0.0016231924283400879 0.0017495605486184916 -0.22885307738021363 -0.010846204807323314 0.011690599156216262 
1 -0.58763581643803942 0.34829884520994997 -0.37541446600501382 0.14951595940547985 -0.18902641084120017 0.20374241850850749 
1 -0.37852152576204684 -0.34667565278161455 0.3736649054564069 0.079337117974730198 0.19987261564852374 -0.21543301766472581 

0.31000000000000011 3 0.0174921
1 0.9638283655422174 -0.0017334762855636162 0.0018684301800799071 -0.23695030680548845 -0.011210591163803751 0.01208335357191107 
1 -0.58611364895965423 0.34637384779069946 -0.37333960446542724 0.15492510835005979 -0.19598492815822166 0.21124266750066806 
1 -0.37771471658256922 -0.34464037150514071 0.37147117428535931 0.082025198455426787 0.20719551932202554 -0.2233260210725817 

0.32000000000000012 3 0.0179958
1 0.96141817148385922 -0.0018474047082610362 0.0019912281122520985 -0.24509691226508745 -0.011575114403319459 0.012476255527203831 
1 -0.58453715899276759 0.34437890326835863 -0.37118935032917549 0.16038084416875753 -0.20301646507087684 0.21882162078048153 
1 -0.37688101249109213 -0.34253149856010273 0.36919812221693454 0.084716068096328423 0.21459157947419638 -0.23129787630768747 

0.33000000000000013 3 0.0184989
1 0.95892625551934851 -0.0019649789546398095 0.0021179557012959904 -0.25329505311237099 -0.011939751825914216 0.012869280554910595 
1 -0.58290586888306883 0.34231326212794944 -0.3689628957303453 0.16588554161372537 -0.21012491694836047 0.22648347697784851 
1 -0.3760203866362814 -0.34034828317331578 0.36684494002906148 0.087409511498643511 0.22206466877427333 -0.23935275753276097 

0.34000000000000014 3 0.0190008
1 0.95635209123482934 -0.00208620003816247 0.0022486140395737968 -0.26154695223475838 -0.012304477133320375 0.013262400309401477 
1 -0.58121927668574613 0.34017613492830628 -0.36665938976851775 0.17144168544285868 -0.2173143762603281 0.23423264716771802 
1 -0.37513281454908687 -0.3380899348901486 0.36441077572895386 0.090105266791894942 0.22961885339364532 -0.24749504747712084 

0.35000000000000014 3 0.0195007
1 0.9536951296545878 -0.0022110686900433151 0.0023832039152259957 -0.26985489974778709 -0.012669260120526707 0.013655582234157051 
1 -0.57947685502180735 0.33796669025062559 -0.36427793629760896 0.17705187927616581 -0.22458914891273674 0.24207377247769468 
1 -0.37421827463278329 -0.33575562156058419 0.36189473238239167 0.092803020471618008 0.23725840903325973 -0.25572935471185276 

0.36000000000000015 3 0.0199978
1 0.95095479854944054 -0.0023395853185247169 0.0025217257682773084 -0.27822125689846178 -0.013034066339715485 0.014048789199541955 
1 -0.57767804984175786 0.33568405247595784 -0.36181759153033366 0.18271885528402881 -0.23195377215347276 0.25001174338765464 
1 -0.37327674870768585 -0.33334446715743554 0.3592958657620659 0.095502401614427843 0.24498783849318606 -0.26406053258719836 

0.37000000000000016 3 0.0204988
1 0.94813050170498203 -0.0024717499646434338 0.0026641796429592514 -0.28664846019371226 -0.013398856733802209 0.014441979107815379 
1 -0.57582227908781591 0.3333272993750106 -0.35927736144038325 0.18844548480792914 -0.23941303423813892 0.25805172092653522 
1 -0.37230822261716612 -0.33085554941036999 0.3566131817974324 0.098202975385776367 0.25281189097193896 -0.27249370003435253 

0.38000000000000017 3 0.0209978
1 0.94522161814732342 -0.0026075622541674838 0.0028105651359052871 -0.29513902577119883 -0.013763587236512574 0.014835104462073279 
1 -0.57390893124477926 0.33089545949160715 -0.35665619894216521 0.19423479002848534 -0.24697199607327314 0.2661991600005269 
1 -0.37131268690253949 -0.32828789723744356 0.35384563380626782 0.10090423574270717 0.26073558330978441 -0.2810342644626006 

0.39000000000000018 3 0.0215058
1 0.94222750132386057 -0.0027470213453525513 0.0029608813398399906 -0.30369555403099535 -0.01412820833559523 0.015228111895456396 
1 -0.57193736376844273 0.32838750929879507 -0.35395300082552084 0.20008995681235356 -0.2546360150856613 0.27445983512063488 
1 -0.37029013755540852 -0.32564048795344536 0.35099211948568793 0.10360559721863798 0.268764223421255 -0.28968794701609268 

0.40000000000000019 3 0.0220258
1 0.93914747823633293 -0.0028901258721306974 0.0031151267823447959 -0.31232073454823972 -0.01449266459539115 0.015620941656551313 
1 -0.5699069013790401 0.32580237010396251 -0.35116660441989345 0.20601434888904849 -0.26241077160303122 0.28283986883716328 
1 -0.3692405768572864 -0.32291224423183473 0.34805147763755495 0.10630638565918714 0.27690343619841895 -0.2984608104937137 

0.4100000000000002 3 0.0225437
1 0.93598084852325214 -0.0030368738823040257 0.0032732993592401224 -0.32101735128852854 -0.014856894134560076 0.016013527046456765 
1 -0.56781683420552476 0.32313890467623918 -0.3482957839591817 0.21201152353171671 -0.27030229807436301 0.29134576323487099 
1 -0.36816401431772289 -0.32010203079393729 0.34502248459994589 0.10900582775680834 0.2851591922089185 -0.3073592902813278 

0.42000000000000021 3 0.0233576
1 0.93272688348857824 -0.0031872627702723825 0.0034353962620756653 -0.32978828814965283 -0.015220828054287308 0.016405793802475196 
1 -0.56566641576473831 0.32039591356595315 -0.34533924661463783 0.21808524894285694 -0.27831701150857119 0.2999844348970569 
1 -0.36706046772384116 -0.31720865079568211 0.34190385035256765 0.11170303920679242 0.29353783956285506 -0.31639022869953259 

0.43000000000000022 3 0.0245256
1 0.92938482507322973 -0.0033412892037738319 0.0036014138991675919 -0.33863653485523615 -0.015584389811761964 0.016797659422816007 
1 -0.56345486075720419 0.31757213108179616 -0.34229562815887032 0.22423952357797922 -0.28646174956981552 0.30876325381094011 
1 -0.36592996431602537 -0.31423084187802608 0.33869421425970792 0.11439701127725543 0.30204613938157393 -0.3255609132337558 

0.44000000000000022 3 0.0257208
1 0.92595388476577845 -0.0034989490440624871 0.003771347809562058 -0.34756519322807644 -0.015947494533117265 0.017189032426046469 
1 -0.56118134265891095 0.31466622088667856 -0.33916348821881215 0.23047859767805123 -0.29474381083817186 0.31769008676270211 
1 -0.36477254210686749 -0.31116727184261905 0.33539214040925475 0.11708659555002444 0.31069130537128609 -0.33487911918874691 

0.45000000000000023 3 0.0268698
1 0.92243324244841018 -0.0036602372588862924 0.0039451925692381368 -0.35657748387331151 -0.016310048259345414 0.01757981153830012 
1 -0.55884499108541763 0.31167677116770393 -0.33594130506968156 0.23680699732671001 -0.30317099982808271 0.32677334586068657 
1 -0.36358825136299427 -0.30801653390882289 0.33199611250044847 0.11977048654660084 0.31948104808742661 -0.34435315739898431 

0.46000000000000024 3 0.0280366
1 0.9188220451738548 -0.0038251478275589117 0.0041229416887894966 -0.36567675330420357 -0.016671947117939373 0.017969884800429402 
1 -0.55644488890124921 0.30860228932935624 -0.33262746991501918 0.24322955140213193 -0.31175167745666382 0.33602204293274684 
1 -0.36237715627260786 -0.30477714150180263 0.32850452822623311 0.12244720190206998 0.32842362457460367 -0.35399192773317312 

0.47000000000000025 3 0.0291314
1 0.91511940586868423 -0.0039936736373433184 0.0043045875017411429 -0.37486648154614299 -0.017033076412150169 0.018359128586360445 
1 -0.55398006904351604 0.30544119615140458 -0.32922028058977898 0.24975142185816904 -0.32049481777326932 0.34544585067229466 
1 -0.36113933682517302 -0.30144752251406692 0.32491569308804108 0.12511505968797149 0.33752789418541962 -0.36380497925865346 

0.48000000000000026 3 0.0302334
1 0.91132440195806252 -0.0041658063702786656 0.0044901210425657059 -0.38415029025761654 -0.017393309618777861 0.018747406522860291 
1 -0.55144951102399098 0.30219181934431671 -0.3257179346140226 0.25637813784732788 -0.32941007190491378 0.35505517156198352 
1 -0.35987489093406805 -0.29802601297404274 0.32122781357145869 0.12777215241028628 0.34680338152369189 -0.37380257808484335 

0.49000000000000027 3 0.0313504
1 0.90743607390645864 -0.0043415363794856564 0.0046795319133589716 -0.39353195141028308 -0.017752507284314292 0.019134568299742846 
1 -0.54885213706825042 0.29885238642450773 -0.32211852151348747 0.26311563429254736 -0.33850784034499382 0.36486121579021452 
1 -0.35858393683820577 -0.29451085004502864 0.31743898960013278 0.13041631711773333 0.35626034762931014 -0.38399578408995605 

0.50000000000000022 3 0.0324874
1 0.90345342366864734 -0.004520852553878258 0.0048728081380190877 -0.40301539657400104 -0.018110515808011617 0.01952044835819685 
1 -0.54618680784388962 0.29542101681952437 -0.31842001431015732 0.2699702956294639 -0.34779935492195169 0.37487608960118962 
1 -0.35726661582475855 -0.29090016426565568 0.31354720617214243 0.13304510094453484 0.36590987072996395 -0.39439653795938745 

0.51000000000000023 3 0.0344853
1 0.89937541304459123 -0.0047037421700877272 0.0050699360026427538 -0.41260472685673782 -0.018467166099039988 0.019904864443401494 
1 -0.54345231772196767 0.29189571309862761 -0.31462026007012062 0.27694900558104091 -0.35729677203922766 0.38511289579375857 
1 -0.35592309532262578 -0.28719197092854792 0.30955032406748217 0.13565572127569242 0.37576393813826781 -0.40501776023715957 

0.52000000000000024 3 0.0356033
1 0.89520096193141163 -0.0048901907302692348 0.0052708998807048536 -0.42230422355367386 -0.018822272093302176 0.020287616005873005 
1 -0.54064738950628766 0.28827435120683137 -0.31071696937732435 0.28405920399855838 -0.36701327908919024 0.39558584841982103 
1 -0.35455357242512275 -0.28338416047656884 0.30544606949662356 0.13824501955510879 0.38583555118249308 -0.4158734644256919 

0.53000000000000025 3 0.0368953
1 0.89092894646510901 -0.005080181784308177 0.0054756820414231062 -0.4321183595646319 -0.019175629113659779 0.02066848243403108 
1 -0.537770668553881 0.28455466955960884 -0.30670770457927876 0.29130895201540746 -0.37696321632627566 0.40631040414550113 
1 -0.35315827791123378 -0.27947448777530631 0.30123202253785841 0.140809407549216 0.39613884543993516 -0.42697888657952793 

0.54000000000000026 3 0.0379903
1 0.88655819704398542 -0.0052736967347703917 0.0056842624395234027 -0.4420518116441669 -0.019527012055267558 0.021047221098258965 
1 -0.53482071619615734 0.28073425683029013 -0.30258986662368209 0.29870700702381403 -0.38716221695724368 0.41730341324764714 
1 -0.35173748084783762 -0.27546056009552716 0.29690560418416206 0.14334480462034363 0.40668922901251231 -0.43835063434590144 

0.55000000000000027 3 0.0390992
1 0.88208749622512073 -0.0054707146227463413 0.0058966184844116594 -0.45210947355424874 -0.019876173375377656 0.021423565184211124 
1 -0.53179600235374735 0.27681053823182361 -0.29836068027220491 0.30626290931382788 -0.39762736879345689 0.4285832938509988 
1 -0.35029149387138464 -0.27133982360908415 0.29246406178779588 0.14584656424041226 0.41750354216883667 -0.45000685903520438 

0.56000000000000028 3 0.0406651
1 0.87751557648448941 -0.0056712118925196647 0.0061127247865213159 -0.46229647019559544 -0.020222840864319639 0.021797221290260172 
1 -0.52869489721739982 0.27278076005754665 -0.29401717743772732 0.3139870826274116 -0.40837740154357471 0.44017023380191422 
1 -0.34882067926710281 -0.26710954816503629 0.2879044526512109 0.14830938756818096 0.42860024240789313 -0.46196745509216786 

0.57000000000000028 3 0.0421021
1 0.87284111783051577 -0.0058751621327435702 0.0063325528783401549 -0.47261817280019403 -0.020566715171341395 0.022167866760720099 
1 -0.52551566184246257 0.26864197220047703 -0.28955617834272951 0.32189095140339818 -0.41943290474751738 0.4520864255688628 
1 -0.34732545598806269 -0.26276681006773484 0.28322362546439778 0.15072722139679856 0.43999961991886288 -0.474254292329573 

0.58000000000000029 3 0.042803
1 0.86806274526004468 -0.006082535791526936 0.0065560709073153216 -0.48308021527446393 -0.020907467055574721 0.02253514672279585 
1 -0.52225643747345429 0.26439100831486201 -0.28497427013639759 0.3299870781543045 -0.43081658251886262 0.46435634081686245 
1 -0.34580630778660687 -0.2583084725233375 0.27841819922909006 0.1530931371201604 0.45172404957444395 -0.48689148753965117 

0.5900000000000003 3 0.0435069
1 0.86317902604477803 -0.0062932998625179612 0.0067832432974978211 -0.49368851178987222 -0.021244734328476365 0.022898670790987893 
1 -0.51891523337672807 0.26002446321514133 -0.28026778253403611 0.3382893252697966 -0.4425535527505961 0.47700705290695944 
1 -0.34426379266805807 -0.25373116335262985 0.27348453923654625 0.15539918652008161 0.4637982870790755 -0.49990572369794434 

0.60000000000000031 3 0.0442009
1 0.85818846683500705 -0.0065074175387123496 0.0070140303763992313 -0.50444927572558529 -0.021578118449675925 0.023258009397922962 
1 -0.51548991291101476 0.25553866702159883 -0.27543275994993432 0.34681304664398022 -0.45467170034745957 0.49006861762821091 
1 -0.34269855392400073 -0.24903124948288452 0.26841872957354102 0.15763622908161737 0.47624981879714218 -0.51332662702613585 

0.61000000000000032 3 0.0449109
1 0.85308951056681515 -0.0067248478303100793 0.0072483879630983062 -0.51536904007544437 -0.021907180733132789 0.023612689705151277 
1 -0.51197817750479635 0.25092965545462242 -0.27046492947898021 0.35557531596035519 -0.46720209651740235 0.50357452513168655 
1 -0.34111133306203523 -0.24420480762430311 0.26321654151589885 0.15979372411509968 0.4891092772505401 -0.52718721483684139 

0.62000000000000033 3 0.0456259
1 0.84788053315734435 -0.006945545142484408 0.0074862669131382136 -0.52645467943979052 -0.02223143811479137 0.023962191041310702 
1 -0.50837754813214542 0.24619313554378988 -0.26535966393618426 0.36459520035609905 -0.48017949937582521 0.51756223950750879 
1 -0.33950298502522103 -0.23924759040129628 0.2578733970230595 0.16185947908370513 0.50241093749061772 -0.54152443054884325 

0.63000000000000034 3 0.046344
1 0.84255983997167161 -0.0071694588084074383 0.0077276126151977756 -0.53771343373041491 -0.022550358426492518 0.024305939808101241 
1 -0.50468534377949981 0.2413244458452527 -0.26011193897683299 0.37389409069108231 -0.49364295535546654 0.53207384701550919 
1 -0.33787449619219362 -0.23415498703683743 0.25238432636164987 0.1638193430393371 0.51619331378196176 -0.55637978682364297 

0.64000000000000035 3 0.0470688
1 0.83712566204352812 -0.0073965325722891908 0.0079723644338838898 -0.54915293372409135 -0.022863355113603125 0.024643303786676191 
1 -0.50089865626765995 0.23631851003906876 -0.25471628308139277 0.38349610300121295 -0.50763652654669633 0.54715684005009813 
1 -0.33622700577587966 -0.22892197746677204 0.24674391864751935 0.16565683072287254 0.53049988166030693 -0.57180014383679445 

0.65000000000000036 3 0.047786
1 0.83157615203065649 -0.0076267040165201704 0.0082204550922767659 -0.56078122860671309 -0.023169781325659743 0.024973585768230926 
1 -0.49701432062595419 0.23116978249112108 -0.2491667188792662 0.39342857025665556 -0.52221017665251313 0.56286507206826497 
1 -0.33456183140471035 -0.22354307847459409 0.24094626378700132 0.16735265835004975 0.54537995797817385 -0.58783865783652633 

0.66000000000000036 3 0.0485001
1 0.82590937988415214 -0.0078599039262570256 0.0084718099870469774 -0.57260681565436122 -0.023468923300178728 0.025296016422734432 
1 -0.49302887999484091 0.22587218398863657 -0.24345669388127852 0.40372264976383648 -0.53742085849928534 0.57925992976478924 
1 -0.33288049988932622 -0.21801228006237058 0.23498488389424438 0.16888416589052357 0.5608897817994728 -0.60455594618755637 

0.67000000000000037 3 0.049217
1 0.8201233282097008 -0.0080960555839418458 0.0087263464280522736 -0.58463867219928334 -0.023759992949653412 0.025609746308809606 
1 -0.48893854373920242 0.2204190253624097 -0.23757899815572392 0.41441408017081299 -0.55333386012696428 0.5964117839576939 
1 -0.33118478447052269 -0.21232296977845633 0.22885265172768249 0.1702245920284782 0.57709385307663197 -0.62202153026651841 

0.68000000000000038 3 0.0499361
1 0.81421588729712147 -0.00833507398529083 0.0089839727932897826 -0.59688629002614968 -0.024042119550646439 0.025913836915811242 
1 -0.48473913705786281 0.21480291604604029 -0.23152566576881889 0.42554413414643627 -0.57002448606445832 0.61440180175358639 
1 -0.32947675023927919 -0.20646784206073723 0.2225416929755383 0.17134215587973442 0.59406660561512536 -0.64031563866942087 

0.69000000000000039 3 0.0506473
1 0.80818484979320626 -0.0085768649672184113 0.0092445875889271226 -0.60935971233467257 -0.024314340421899415 0.026207250616207933 
1 -0.48042603983306198 0.20901565372657036 -0.22528785584445557 0.43716083006424744 -0.58758017800333739 0.6333242323192434 
1 -0.32775880996016021 -0.20043878875934082 0.21604326825553538 0.17219888227044144 0.61189451842525389 -0.65953148293546726 

0.7000000000000004 3 0.0516553
1 0.80202790499162391 -0.0088213242369684537 0.0095080784028516163 -0.62206957338559832 -0.024575590465741606 0.026488839392776724 
1 -0.47599411171313788 0.20304809001312371 -0.21885570777492835 0.44932049101071619 -0.60610321859356331 0.65328932117211491 
1 -0.32603379327850707 -0.19422676577614129 0.20934762937208687 0.17274908237489661 0.63067880905932705 -0.67977816056489704 

0.71000000000000041 3 0.0531683
1 0.79574263271259449 -0.0090683362904065718 0.0097743207387469104 -0.63502714091433965 -0.024824690434285021 0.026757332191298982 
1 -0.47143759936674051 0.19688996534392159 -0.21221816327521625 0.4620897762381489 -0.62571421956586037 0.67442706985859147 
1 -0.3243050333458814 -0.18782162905350591 0.20244384253647893 0.17293736467621798 0.65053891000015884 -0.70118440204988775 

0.72000000000000042 3 0.0546763
1 0.78932649674437105 -0.0093177732059712033 0.010043176716154019 -0.6482443613426736 -0.025060333769712409 0.027011320736347336 
1 -0.46675002033851265 0.19052970394271676 -0.20536274537640786 0.47554836540654288 -0.64655668052732895 0.69689214965914281 
1 -0.32257647640587855 -0.18121193073673475 0.19531956866026476 0.17269599593615953 0.67161701429706344 -0.72390347039548775 

0.73000000000000043 3 0.0562043
1 0.78277683781884488 -0.0095694932992350431 0.010314493620286932 -0.66173390773524177 -0.025281071857877726 0.027249243636854572 
1 -0.46192401574048386 0.18395415617411504 -0.19827528072302414 0.48979256056055259 -0.66880303341883429 0.72087041661634221 
1 -0.32085282207838772 -0.17438466287486898 0.18796078710275405 0.17194134717471507 0.69408410527672948 -0.74811966025319365 

0.74000000000000044 3 0.0578094
1 0.77609086609453393 -0.0098233396213737861 0.010588102283604857 -0.67550923032043297 -0.02548529752871689 0.027469368602001772 
1 -0.45695116075160647 0.17714827057772239 -0.19093954607446215 0.50494020340351897 -0.69266278630676004 0.74658768933377628 
1 -0.31913970534296104 -0.16732493095634116 0.18035144379087301 0.17056902691693862 0.71814808383550166 -0.77405705793577162 

0.75000000000000044 3 0.0598102
1 0.76926565312300088 -0.010079138283186266 0.010863815279355104 -0.68958460920237441 -0.025671226639523665 0.027669772590726973 
1 -0.45182171694248413 0.17009467027488515 -0.18333681173433708 0.52113751869075353 -0.71839369465668657 0.77432178995127643 
1 -0.31744393618054961 -0.16001553199168944 0.17247299645500166 0.1684470905116551 0.74406492129624868 -0.80199156254200743 

0.76000000000000045 3 0.062062
1 0.76229812327976176 -0.010336696584737614 0.011141424905605034 -0.70397520860234064 -0.025836877594341438 0.027848319736665274 
1 -0.44652430272111482 0.16277309681500435 -0.17544524209936402 0.53856884749298617 -0.74631739985390855 0.80441940014917213 
1 -0.3157738205586465 -0.15243640023026464 0.16430381719378148 0.16540636110939247 0.77215427744831122 -0.83226771988581905 

0.77000000000000046 3 0.0641229
1 0.75518504464947311 -0.01059580092941389 0.011420700936904409 -0.718697131532543 -0.02598004869506718 0.028002636936004764 
1 -0.44104544581789523 0.15515966621760305 -0.16723909378305624 0.55747083740779135 -0.77684183335383006 0.83732020949743768 
1 -0.31413959883159165 -0.14456386528819853 0.1558183928461882 0.16122629412478678 0.80282188204895988 -0.86532284643342039 

0.78000000000000047 3 0.0662007
1 0.74792301936930228 -0.010856214500516775 0.011701388119995765 -0.73376747314605717 -0.026098293305146455 0.02813008707763431 
1 -0.4353689612311164 0.14722585222485093 -0.15868761971294254 0.57815372707038193 -0.81049417778274746 0.87359244263105862 
1 -0.31255405813821213 -0.13636963772435814 0.14698623159297361 0.15561374607571962 0.83659247108799895 -0.90172252970860312 

0.79000000000000048 3 0.0682609
1 0.74050847345618387 -0.011117674679042138 0.011983203390567966 -0.74920436999361173 -0.026188892965199738 0.028227740065770959 
1 -0.42947506281967218 0.13893706172310488 -0.14975353364623895 0.60103434366067388 -0.84797088027795564 0.91398676620795183 
1 -0.31103341063655676 -0.12781938704408974 0.13777033025569796 0.14817002633300885 0.87415977324326044 -0.94221450627363557 

0.80000000000000049 3 0.070344
1 0.7329376461794721 -0.011379890183979348 0.012265832790917214 -0.76502704082903816 -0.026248828884982884 0.028292342092534502 
1 -0.42333905347078532 0.13025057948972002 -0.14039079491208134 0.6266892871573746 -0.89021634914500891 0.9595211122270727 
1 -0.30959859270876788 -0.11887068930576257 0.12812496212118848 0.13833775367172313 0.91646517803006988 -0.9878134543195618 

0.8100000000000005 3 0.071615
1 0.72520657909511921 -0.011642537922995919 0.012548928075459475 -0.78125581205387951 -0.026274752745234047 0.028320284166665658 
1 -0.41692931921256093 0.12111249771332924 -0.13054129888999408 0.65594473046274659 -0.93855228321297612 1.0116200758801215 
1 -0.30827725988263016 -0.10946995979035881 0.1179923708145572 0.1253110815911874 0.96482703595831187 -1.0399403600467079 

0.82000000000000051 3 0.0725579
1 0.71731110494598305 -0.01190525955486807 0.012832103005532768 -0.79791211663947381 -0.026262958662462529 0.028307571895734008 
1 -0.41020411231762077 0.11145292998292725 -0.1201297184003652 0.69003688691113396 -0.99490176190828483 1.0723564513950095 
1 -0.30710699262844854 -0.099547670428082019 0.10729761539485601 0.10787522972839024 1.0211647205708319 -1.1006640232905767 

0.83000000000000052 3 0.0737958
1 0.70924683677906797 -0.012167657791172404 0.013114929363174767 -0.81501844794639755 -0.026209359879337476 0.028249800361827046 
1 -0.4031060874297544 0.10117814716160055 -0.10905502734344914 0.73091979078648139 -1.0622040184182528 1.1448982959517424 
1 -0.30614074934934038 -0.08901048937045529 0.095940097980310529 0.08409865715985633 1.0884133782976448 -1.1731480963139129 

0.84000000000000052 3 0.075037
1 0.70100915787597473 -0.012429292515146958 0.013396932767837986 -0.83259823608857075 -0.026109477080277565 0.02814214152750142 
1 -0.39555231226938092 0.090156752697403766 -0.097175599736087387 0.7819120176598473 -1.1452501360870038 1.2344096863773337 
1 -0.30545684560654685 -0.077727460182277636 0.08377866696826293 0.050686218428844979 1.1713596131673381 -1.2625518279053012 

0.85000000000000053 3 0.076431
1 0.69259321353949121 -0.012689676895183591 0.013677588487292775 -0.85067558666297216 -0.025958452253278093 0.027979359176765174 
1 -0.38741411802025166 0.078193093123370708 -0.084280550176751221 0.84923303239167158 -1.2525695914131343 1.3500841325240451 
1 -0.30517909551917571 -0.065503416228215164 0.070602961689452223 0.00144255427149761 1.2785280436662503 -1.3780634917012793 

0.86000000000000054 3 0.0781112
1 0.68399390665156823 -0.012948273879806757 0.013956317659751116 -0.86927475837884793 -0.025751118580055358 0.027755884246306265 
1 -0.3784703826055647 0.064969212399104831 -0.070027169239940637 0.94635438548445538 -1.401437210322644 1.5105413330786612 
1 -0.30552352404604272 -0.052020938519333107 0.056070851580200885 -0.077079627105584983 1.4271883289027525 -1.5382972173244076 

0.87000000000000055 3 0.0800221
1 0.6752059008549548 -0.013204493956048034 0.014232484877741935 -0.88841908447452067 -0.025482203615309701 0.027466033822473302 
1 -0.36827299792355417 0.049890836759786797 -0.053774917999980319 1.1102954867231405 -1.6350087175335029 1.7622967547816726 
1 -0.306932902932322 -0.036686342803601016 0.039542433122351166 -0.22187640224745842 1.6604909211519372 -1.7897627886018084 

0.88000000000000056 3 0.106809
1 0.66622364055018402 -0.013457696507702989 0.014505399652035265 -0.90812841690078305 -0.025146924886396645 0.027104653109619129 
1 -0.35556408546812918 0.031502764565653596 -0.033955305048192871 1.5077641402492128 -2.1179629386924854 2.2828497325888608 
1 -0.31065955508265281 -0.018045068057807263 0.019449905396252517 -0.59963572334647819 2.1431098635798072 -2.3099543856961984 

0.89000000000000057 3 5.69885
1 0.65704142058429005 -0.013707204746125645 0.014774332504904888 -0.92840964835199702 -0.024744247134237309 0.026670626252047858 
1 -0.32209978978383896 0.010110537263328091 -0.010897658720170367 3.5000962029125007 4.9377753938091447 -5.3221890863149346 
1 -0.33494163080180622 0.0035966674829719589 -0.0038766737845570046 -2.5716865545551726 -4.9130311466767802 5.2955184600620537 

0.90000000000000058 3 6.79903
1 0.64765360421399221 -0.013952410550346933 0.015038627972137664 -0.94924168226497296 -0.024288776659926237 0.026179696674575575 
1 -0.31073549817084539 0.038606789783807972 -0.041612389964229272 0.65755669006132123 2.1141168515866213 -2.2787042214870996 
1 -0.33691810604520339 -0.024654379233325269 0.026573761992227912 0.29168499219798988 -2.0898280749272953 2.2525245248139631 

0.91000000000000059 3 6.83247
1 0.63805485611595136 -0.014192829435126956 0.015297763850680294 -0.97059428515924684 -0.023787915326793155 0.025639842487614275 
1 -0.30504214305550931 0.057180050715876583 -0.061631608893037787 0.51311641041168454 1.6642303669785081 -1.7937933562751271 
1 -0.33301271306286667 -0.042987221280709517 0.046333845042485229 0.45747787474104179 -1.6404424516515033 1.7681535137897353 

0.9200000000000006 3 6.83452
1 0.6282399787113141 -0.014428033989598597 0.015551279454948075 -0.9924691346256026 -0.023246550193690145 0.0250563312151659 
1 -0.30017358962012691 0.072575997617187499 -0.07822615482454956 0.4679166449337171 1.4343508489351215 -1.5460173509834914 
1 -0.32806638909266345 -0.058147963627651206 0.062674875369703009 0.524552489684323 -1.4111042987367703 1.5209610197707508 

0.9300000000000006 3 6.8362
1 0.61820368914842194 -0.014657636653805706 0.015798757052879749 -1.0148794332066664 -0.022668031696272295 0.024432774129719177 
1 -0.2955940976122215 0.086127315362701823 -0.092832464277155455 0.45077952453594439 1.284837152213852 -1.3848637744282801 
1 -0.32260959153782842 -0.071469678708903209 0.07703370722442264 0.56409990866283444 -1.2621691205138543 1.3604310003006574 

0.94000000000000061 3 6.83745
1 0.60794054392913688 -0.014881280024683464 0.016039811416990204 -1.0378436887682549 -0.022055126729034105 0.023772153532919039 
1 -0.29111909582388473 0.098405510046964614 -0.10606653600701911 0.44558799280393235 1.1757989256977899 -1.2673367480106241 
1 -0.31682144810707702 -0.083524230022247944 0.090026724590199322 0.5922556959564963 -1.1537437989648871 1.2435645944795068 

0.95000000000000062 3 6.83869
1 0.59744489503981657 -0.015098633056975969 0.016274085729625926 -1.0613841477670405 -0.021410381910609733 0.023077214301723919 
1 -0.28666182014683977 0.10972222582260814 -0.11826427616123168 0.44664331951370712 1.090684175770519 -1.1755956790036812 
1 -0.31078307489473911 -0.094623592765558803 0.10199019043179919 0.61474082824549547 -1.0692737938562742 1.1525184647037892 

0.96000000000000063 3 6.83992
1 0.58671085599219264 -0.015309389942036459 0.016501250374439731 -1.0855261972741228 -0.020736325080878498 0.022350681072377695 
1 -0.28217394876036489 0.12027076678936463 -0.12963403787207076 0.45142028521517108 1.0211520746950875 -1.1006503929230822 
1 -0.3045369072336353 -0.10496137684721753 0.11313278749786868 0.63410591205124178 -1.000415749610531 1.0782997118525681 

0.97000000000000064 3 6.8409
1 0.57573227182317865 -0.015513270668021436 0.016721003540225533 -1.1102981218024617 -0.020035609403315873 0.021595413561364026 
1 -0.27762535409096428 0.13018118852091193 -0.14031600174715159 0.45863293312911241 0.96245317586313806 -1.0373816911647036 
1 -0.29810691773411607 -0.11466791785274411 0.12359499820718013 0.65166518866562406 -0.94241756645613795 1.0157862776052367 

0.98000000000000065 3 6.84189
1 0.56450269060564573 -0.015710022901924234 0.016933073249447511 -1.1357310256530504 -0.019311137632497113 0.02081454050733144 
1 -0.2729955997047836 0.1395460204092131 -0.15040990073922636 0.4675618254979852 0.91164323748238663 -0.98261611801524218 
1 -0.2915070909028461 -0.12383599750711063 0.13347682749005196 0.6681692001473718 -0.89233209984620598 0.96180157750982276 

0.99000000000000066 3 6.84366
1 0.55301533524806556 -0.015899425093619853 0.017137220703951336 -1.1618588444952131 -0.018566184454024266 0.02001159153538468 
1 -0.26826984794921782 0.14843380604213816 -0.15998961466380743 0.47777672494683882 0.86677832715332936 -0.93425840283647321 
1 -0.28474548730093796 -0.13253438094831296 0.14285239396016583 0.68408211954065867 -0.84821214269562106 0.91424681130303764 

1.0000000000000007 3 6.84521
1 0.54126307489493442 -0.016081290840911353 0.017333244989829751 -1.1887184091806691 -0.01780452789231252 0.019190638795164514 
1 -0.26343668847041996 0.15689686963766464 -0.16911154126277766 0.48900769469868199 0.82651039225787581 -0.89085554496318187 
1 -0.27782638642667307 -0.14081557879651418 0.15177829627326647 0.69971071447419519 -0.80870586436187974 0.87166490616992531 

1.0100000000000007 3 6.84621
1 0.52923839552028074 -0.016255474650120328 0.017520989286489198 -1.216349540445943 -0.017030598365159248 0.018356457619566897 
1 -0.25848689749988651 0.16497606782321345 -0.17781971791712667 0.50107954079852512 0.78986668630049262 -0.85135906803310035 
1 -0.27075149802268 -0.14872059317280092 0.16029872863098002 0.71526999963965709 -0.7728360879316476 0.83300261041549017 

1.0200000000000007 3 6.84799
1 0.51693336948407598 -0.016421879309239454 0.017700348813813545 -1.2447951594461009 -0.016249653524569363 0.01751471497719018 
1 -0.25341268630948743 0.17270384666588443 -0.18614911667208833 0.51387603652486824 0.75612147774181504 -0.8149867411486722 
1 -0.26352068317695221 -0.15628196735631267 0.16844876785864574 0.73091912291345951 -0.73987182421353637 0.79747202617344637 

1.0300000000000007 3 6.84972
1 0.50433962395870424 -0.016580465174593759 0.017871280841804095 -1.2741014008554388 -0.015467987684346984 0.016672195204211916 
1 -0.24820722384152041 0.1801062883785185 -0.19412785028237881 0.52731925214129483 0.72471744191190457 -0.78113785102522648 
1 -0.25613240011962612 -0.16352582320355399 0.17625656944096843 0.74678214870634418 -0.70924945422386076 0.76446565582298087 

1.0400000000000007 3 6.85146
1 0.49144830827050034 -0.016731261766653314 0.018033817189146178 -1.3043177143149234 -0.014693186092470488 0.015837074072267917 
1 -0.24286432135787325 0.18720452607082591 -0.20177869710401511 0.54135702487880588 0.69521535931731038 -0.74933898423099654 
1 -0.24858398691515049 -0.17047326430376175 0.18374487991527788 0.76296068942832829 -0.68052217322114217 0.73350191016069965 

1.0500000000000007 3 6.85219
1 0.4782500603552175 -0.016874382183537748 0.018188079758829623 -1.335496936847955 -0.013934436492074704 0.015019254604955123 
1 -0.2373782172679999 0.19401574689937184 -0.20912018234111399 0.55595503507185318 0.66726071059053615 -0.71920802150006968 
1 -0.24087184308982748 -0.17714136471538444 0.19093210258271218 0.77954190176830385 -0.65332627409477317 0.70418876689709031 

1.0600000000000007 3 6.85292
1 0.46473497272669895 -0.017010040979311861 0.018334299808294308 -1.3676953134475365 -0.01320291337882841 0.014230781250258957 
1 -0.23174342649777827 0.20055391759202781 -0.21616736005360551 0.57109159064737625 0.64056075706266036 -0.69042943399109169 
1 -0.23299154623160637 -0.1835438766122314 0.19783306024575995 0.79660372279236247 -0.62735784368013003 0.67619865274281854 

1.0700000000000007 3 6.85364
1 0.45089255862339239 -0.017138576326748634 0.018472841837604222 -1.4009724349053707 -0.012512254224358196 0.013486353178730554 
1 -0.22595463315964839 0.20683031679077832 -0.22293238694374415 0.58675404823103738 0.61486834429116044 -0.66273682589389682 
1 -0.22493792546650507 -0.18969174046350648 0.20445954510660813 0.81421838666653901 -0.60235609006310786 0.64925047271714953 

1.0800000000000007 3 6.85436
1 0.4367117193618843 -0.01726047750060709 0.018604233212338252 -1.4353910502935119 -0.011879151861775636 0.012803962787172853 
1 -0.2200066135952134 0.21285392907026091 -0.22942494704963423 0.60293623587484479 0.58997013592003944 -0.63590025227680447 
1 -0.21670510576951027 -0.19559345156909158 0.21082071383778089 0.83245481441086 -0.57809098405458104 0.62309628949159346 

1.0900000000000007 3 6.85509
1 0.42218071442974414 -0.017376418989209833 0.018729200930811776 -1.4710166951064525 -0.0113240934125285 0.012205692152124869 
1 -0.21389418189906162 0.21863173718393686 -0.23565256674323978 0.61963648158919915 0.56567783485911305 -0.60971675682066895 
1 -0.20828653253360341 -0.20125531819412931 0.21692336581292745 0.85138021350945325 -0.55435374144288974 0.59751106467051229 

1.1000000000000008 3 6.85584
1 0.40728713654808718 -0.017487302882761568 0.01884871731239041 -1.5079170532008446 -0.010872283757833801 0.011718708395020851 
1 -0.20761215325786225 0.22416893741358226 -0.24162084684515636 0.63685598564969637 0.54182145777621626 -0.58400312271977117 
1 -0.19967498329321864 -0.20668163453018412 0.22277212953328354 0.87106106754336055 -0.53094917401468278 0.57228441432672117 

1.1100000000000008 3 6.85658
1 0.39201789490284261 -0.017594311611448917 0.018964056841338246 -1.5461609389596238 -0.010554800733580056 0.011376508810857814 
1 -0.20115532264867367 0.22946909525545453 -0.24733363043121495 0.65459734936806224 0.51824404430997228 -0.55859016999817135 
1 -0.19086257225724482 -0.21187478364333096 0.22836957359041754 0.89156358958379589 -0.50768924357268719 0.54721366118928383 

1.1200000000000008 3 6.85733
1 0.37635921108671794 -0.017698973630265871 0.019076866965309039 -1.5858167423595617 -0.010410039865755259 0.011220478078581427 
1 -0.19451845809193372 0.23453425357396473 -0.25279311940608939 0.67286311282814593 0.49479738482525393 -0.53331815066417854 
1 -0.18184075299793587 -0.21683527994299012 0.23371625244134234 0.91295362952366454 -0.4843873449557855 0.5220976725875659 

1.1300000000000008 3 6.85808
1 0.36029663415106683 -0.017803245283158933 0.019189256332746672 -1.6269501196365184 -0.0104855180382857 0.011301832347343348 
1 -0.18769630902538437 0.23936500191172169 -0.25799994920921748 0.69165417201133617 0.47133848606796092 -0.50803293921072235 
1 -0.17260032512891529 -0.22156175662781624 0.23881069287705334 0.93529594761744062 -0.46085296802596071 0.49673110686533428 

1.1400000000000008 3 6.85883
1 0.34381508372753156 -0.017909612829924013 0.019303904762738609 -1.6696206307179111 -0.010840116602976861 0.011684036976132253 
1 -0.18068363163415374 0.24396051334439436 -0.26295322853887831 0.71096794909664041 0.44772659045858071 -0.48258281985613538 
1 -0.16313145209668478 -0.2260509005136859 0.24364932377674531 0.95865268161352213 -0.436886473851887 0.47089878288195652 

1.1500000000000008 3 6.85958
1 0.32689893368801748 -0.018021219467366435 0.019424200154976756 -1.7138769152601849 -0.011546852080939418 0.012445792938723988 
1 -0.17347523426079825 0.24831855381352319 -0.26765054941161931 0.73079618309401773 0.42382063981476698 -0.45681575281353359 
1 -0.15342369943060605 -0.23029733434533672 0.24822634925726123 0.98308073215839809 -0.41227378773010215 0.4443699598767677 

1.1600000000000008 3 6.86033
1 0.30953215358047409 -0.018142023060269411 0.019554408500332379 -1.75974985549518 -0.012696260820952323 0.013684684983098815 
1 -0.16606604740829453 0.25243546811263873 -0.27208797205729229 0.75112219506382949 0.39947714058081574 -0.43057707332495659 
1 -0.14346610617563768 -0.23429344505150518 0.25253356355759637 1.0086276604236231 -0.38678087975613085 0.41689238834381842 

1.1700000000000008 3 6.86108
1 0.29169853147559521 -0.018276991073834598 0.019699883989098808 -1.8072429914892469 -0.014400461773000061 0.01552156069838131 
1 -0.15845122438111639 0.25630614660537754 -0.2762599890462023 0.77191746744769008 0.37454845511827806 -0.40370764992626629 
1 -0.1332473070980118 -0.23802915553064147 0.2565601050577519 1.0353255240338604 -0.3601479933415459 0.38818608922984305 

1.1800000000000008 3 6.86183
1 0.27338201027528719 -0.018432339575101174 0.019867326619052043 -1.8563192347009836 -0.016797899537506975 0.018105642818024379 
1 -0.15062628027005606 0.25992397737521827 -0.28015947371357541 0.7931373675258282 0.34888162099518411 -0.37604261181610066 
1 -0.1227557300088384 -0.24149163779917893 0.26029214709519827 1.0631818671674882 -0.33208372145394477 0.35793696900003763 

1.1900000000000008 3 6.86265
1 0.25456718026734049 -0.018615822599476566 0.020065094089627384 -1.9068826869677027 -0.020058635600905702 0.021620232386509272 
1 -0.14258727866883406 0.26328078998343851 -0.28377761953900416 0.81471585280312486 0.32231789528167454 -0.3474108576742454 
1 -0.11197990160218972 -0.24466496738298721 0.26371252545007334 1.0921668341569248 -0.30225925967702832 0.32579062528969732 

1.2000000000000008 3 6.8634
1 0.2352399837292837 -0.018837075699038926 0.020303572096005439 -1.958754167046161 -0.024389797902161264 0.026288582583317458 
1 -0.13433107694783536 0.26636679955353065 -0.28710387987773184 0.83655904161177141 0.29469333932373593 -0.31763568596092695 
1 -0.10090890678520915 -0.24752972385348093 0.26680030778243685 1.1221951254267166 -0.27030354141783502 0.29134710337957032 

1.2100000000000009 3 6.86415
1 0.21538870182386669 -0.019108011514606907 0.020595600697099026 -2.0116389955531466 -0.030040343293013767 0.032379031948301475 
1 -0.12585564157479662 0.26917056374801834 -0.29012592158805095 0.85853764795927501 0.26584090146877276 -0.28653703978585937 
1 -0.089533060252907401 -0.25006255223236579 0.26953032089167994 1.1531013475862011 -0.23580055817201692 0.25415800783951986 

1.2200000000000009 3 6.86515
1 0.1950053072867553 -0.019443253310372152 0.020956941601550108 -2.0650859296359774 -0.037303541320768629 0.040207681530929205 
1 -0.11716044393597459 0.27167897054416928 -0.29282961185533712 0.88047851324485549 0.23559460803019402 -0.25393602414611677 
1 -0.077844863354698243 -0.2522357172327106 0.27187267025453438 1.1846074163833691 -0.19829106670566896 0.21372834261715376 

1.2300000000000009 3 6.86615
1 0.17408727263845966 -0.019860571234880043 0.021406748392316276 -2.1184372924611861 -0.046514470564476433 0.050135696312241754 
1 -0.10824694290117517 0.27387728149334578 -0.2951990648192116 0.90215587923223428 0.20379659805993391 -0.21966248836700925 
1 -0.065840329741275988 -0.25401671025734956 0.27379231642766966 1.2162814132212605 -0.15728212749169984 0.16952679205673807 

1.2400000000000009 3 6.86719
1 0.15263991165596777 -0.020381251874157874 0.021967964850113417 -2.1707729618554934 -0.058038351514449929 0.062556729780421622 
1 -0.099119150911257628 0.27574926272338507 -0.29721678277465757 0.92328369312902925 0.17030775312286014 -0.18356648342127058 
1 -0.0535207607487755 -0.25536801084804955 0.27524881792534878 1.2474892687188472 -0.11226940160465726 0.1210097536428161 

1.2500000000000009 3 6.86818
1 0.13067928294424799 -0.021030282157257066 0.02266752317628247 -2.2208557774426754 -0.072244037797007984 0.077868351405093184 
1 -0.089784263193099123 0.27727744255633197 -0.29886393384573384 0.94351112406258442 0.13502243585929893 -0.14553414791221933 
1 -0.040895019755296205 -0.25624716039786549 0.27619641067027401 1.2773446533725219 -0.062778398058537507 0.067665796509088369 

1.2600000000000009 3 6.86965
1 0.10823557258469992 -0.02183616746520612 0.023536147941245641 -2.2670936514595526 -0.089456371917805394 0.096420693199250299 
1 -0.080253302896561046 0.27844353676368433 -0.30012081034756311 0.96242446925505898 0.097887159594345921 -0.1055078311419701 
1 -0.027982269692361915 -0.25660736929725159 0.276584662407171 1.3046691821968224 -0.0084307876727880808 0.0090871379446816666 

1.2700000000000009 3 6.87065
1 0.085356671784893118 -0.02283014806655841 0.024607511518307389 -2.3075434533723724 -0.10988320617233098 0.1184377890912162 
1 -0.070541699102244546 0.27922907460274404 -0.30096750356067065 0.97955934178041004 0.058921673380057757 -0.063508819657802154 
1 -0.014814972686945043 -0.25639892653491836 0.27635999204324702 1.3279841115842634 0.050961532796026075 -0.054928969431454283 

1.2800000000000009 3 6.87167
1 0.06211137073364547 -0.024044567178649629 0.025916475095875743 -2.3399896667561606 -0.13352018975627111 0.14391494955960224 
1 -0.060669676060443357 0.27961623413091907 -0.3013848040757896 0.99442671582309372 0.018238961431244861 -0.019658893675891541 
1 -0.0014416946775756259 -0.25557166695097133 0.27546832898080897 1.3455629509254323 0.11528122832877702 -0.12425605588174674 

1.2900000000000009 3 6.87267
1 0.038591258942160832 -0.025510239572042497 0.02749625242356616 -2.3621283286779682 -0.16005040136758195 0.17251058047335641 
1 -0.050662305685800914 0.27958884929339417 -0.30135528728493649 1.0065541238507167 -0.023941492310775015 0.025805375687416782 
1 0.012071046739194274 -0.25407860972002455 0.2738590348622913 1.3555742048197368 0.18399189368210206 -0.19831595615881323 

1.3000000000000009 3 6.87367
1 0.014910215527794014 -0.027252928125993617 0.029374612061888787 -2.3718627439612825 -0.18877334845911775 0.20346965482293189 
1 -0.04054908413483356 0.27913348765566143 -0.30086447501714686 1.0155385631797729 -0.067293946512942404 0.072532887616584038 
1 0.025638868602516556 -0.25188055952829186 0.27148986295623101 1.3563241807739519 0.25606729497580277 -0.27600254243755079 

1.3100000000000009 3 6.87467
1 -0.0087994625550597873 -0.029289442604373703 0.031569672441652728 -2.3676679431693497 -0.21860757578162685 0.23562652434249118 
1 -0.030362958446220088 0.27824043463572518 -0.2999018963947544 1.0211014776872787 -0.11140542975798781 0.12007852021062489 
1 0.039162420996679777 -0.24895099202993337 0.26833222395410194 1.3465664654744995 0.33001300554337343 -0.35570504455116192 

1.320000000000001 3 6.87567
1 -0.03239452092934432 -0.031624274449228447 0.034086274670827268 -2.3489234608759504 -0.24819765119081483 0.2675202343327272 
1 -0.020138851535255933 0.27690438929576144 -0.29846183779340579 1.0231315896023014 -0.15581389208287783 0.16794425217969786 
1 0.052533372459926071 -0.2452801148450634 0.26437556312361382 1.3257918712659644 0.40401154327745059 -0.43546448651045744 

1.330000000000001 3 6.87667
1 -0.055730851300871166 -0.034247800567686157 0.036914046483413815 -2.3160897803859726 -0.27611477714334093 0.29761075308193702 
1 -0.0099118777359588021 0.27512470787834398 -0.29654360533819157 1.0217021663989616 -0.2000588343781429 0.21563373382394582 
1 0.065642729032077934 -0.24087690730915179 0.25962955885582095 1.2943876139793289 0.47617361152525151 -0.5132444869038757 

1.340000000000001 3 6.87768
1 -0.078674204807080941 -0.037136727016028596 0.040027880465002275 -2.2706477191246055 -0.30109105169685713 0.32453147045865921 
1 0.00028445755450998622 0.27290512766407887 -0.29415122726296322 1.0170568517649945 -0.24373240493724141 0.26270736153076563 
1 0.078389747247737826 -0.23576840064650942 0.25412334679902965 1.2535908673519973 0.54482345663785814 -0.58723883198740334 

1.350000000000001 3 6.8794
1 -0.10110914343134136 -0.040256702602937899 0.043390751129235204 -2.2148184916868994 -0.32220647777620459 0.34729076614760113 
1 0.010419776076841565 0.27025303009601598 -0.29129265966787637 1.009569095747326 -0.2865187029229086 0.30882464107869961 
1 0.090689367349590502 -0.22999632749151702 0.24790190853973934 1.2052493959319781 0.60872518070286818 -0.65611540722428463 

1.360000000000001 3 6.88143
1 -0.12294452084755203 -0.043566313875250368 0.046958020919541203 -2.1511718552009955 -0.33897300336324659 0.36536259250233877 
1 0.020467860448574442 0.26717840260848724 -0.28797866752493217 0.99968837098288721 -0.32821414838042146 0.35376614348875146 
1 0.10247666039398816 -0.22361208873161742 0.24102064660651798 1.1514834842104642 0.66718715174743715 -0.71912873598911686 

1.370000000000001 3 6.88354
1 -0.1441150425220355 -0.047021366446187811 0.050682054845622306 -2.0822536581365849 -0.35131122909052004 0.37866136878796613 
1 0.030407146064713265 0.26369269390842393 -0.28422159084117882 0.98788777886835177 -0.36872897866913529 0.39743511795547132 
1 0.11370789645225875 -0.21667132746055054 0.23353953599671276 1.094365879260538 0.7200402077634056 -0.77609648674145848 

1.380000000000001 3 6.88501
1 -0.16457959609715644 -0.050578539554193266 0.054516159555515205 -2.0103216302935483 -0.35945629624569098 0.38744054241653958 
1 0.040220741011439048 0.25980772745664665 -0.28003417355278515 0.97462319873321779 -0.40807526544724287 0.4398445759349493 
1 0.12435885508057037 -0.20922918790072648 0.22551801399843763 1.0356984315527598 0.76753156169671011 -0.82728511834947061 

1.390000000000001 3 6.88602
1 -0.18431760312648496 -0.05419794646314928 0.058417343067054234 -1.9372128972213063 -0.363840531877139 0.3921660977869591 
1 0.049896113181583678 0.25553477235601169 -0.27542856208019362 0.96030770737588755 -0.44634856963538688 0.48109751791791483 
1 0.13442148993967823 -0.20133682589110696 0.21701121901434381 0.97690518983788877 0.81018910151632062 -0.87326361570286215 

1.400000000000001 3 6.88702
1 -0.20332461616561626 -0.057844560101260392 0.062347851395018312 -1.8643192420819898 -0.36498810508802648 0.39340301140331901 
1 0.059424594031758746 0.25088380365413554 -0.27041550804440945 0.94529999942827203 -0.48370922330929506 0.52136675808806021 
1 0.14390002212855887 -0.19303924355108565 0.20806765665059987 0.91901924264626489 0.84869732840110279 -0.9147697694893655 

1.410000000000001 3 6.88801
1 -0.22160803609463592 -0.061488719505465653 0.066275714423052592 -1.792628944458168 -0.36343775842754672 0.39173196778189101 
1 0.068800821731586831 0.24586293514239374 -0.26500375690838218 0.92990316871259404 -0.5203669848849749 0.56087838488865582 
1 0.15280721435766731 -0.18437421563509984 0.19872804248655299 0.86272577573814468 0.88380474331627734 -0.95261035266851735 

1.420000000000001 3 6.88902
1 -0.23918342197415476 -0.065106013835888377 0.070174620888449044 -1.7227982379371984 -0.35969500439774932 0.38769783437951882 
1 0.078022207452628653 0.2404779808893257 -0.25919957537518351 0.91436995685168898 -0.55657079510549634 0.59990071949682744 
1 0.16116121451605492 -0.17537196705157654 0.18902495448797524 0.80842828107802767 0.91626579950706499 -0.98759855387430617 

1.430000000000001 3 6.88999
1 -0.25607155543927906 -0.068676812576622406 0.074023412008319578 -1.6552277210374009 -0.3542079216602525 0.38178357349648595 
1 0.087088473254501586 0.23473209141478379 -0.25300635923765408 0.89891140613065768 -0.59260411177742622 0.63873928736164198 
1 0.16898308217923613 -0.16605527883625737 0.17898294723058436 0.75631631489924223 0.94681203344151332 -1.0205228608560715 

1.4400000000000011 3 6.89095
1 -0.27229623618356552 -0.072185639919352187 0.077805407157976722 -1.5901308107532632 -0.34735897242855751 0.3744014226398224 
1 0.096001284942805298 0.22862540858934008 -0.24642426141124077 0.88370696499881918 -0.62878582447107656 0.67773780411521545 
1 0.17629495123513905 -0.1564397686680537 0.16861885425450854 0.70642384574690664 0.97614479690341516 -1.0521392267529939 

1.4500000000000011 3 6.89168
1 -0.28788269983525899 -0.075620519481729209 0.081507697574601815 -1.5275894389153561 -0.33946631474718075 0.36589430896547886 
1 0.1047639888971769 0.22215468317887094 -0.23944977970371717 0.86891508805588569 -0.66547686419076546 0.71728529981643507 
1 0.18311871093238466 -0.14653416369517044 0.15794208213038124 0.65867435085195092 1.0049431789417189 -1.0831796087798624 

1.4600000000000011 3 6.8924
1 -0.30285652669836893 -0.078972359414452187 0.08512048359391769 -1.4675967073750353 -0.33078994568357195 0.35654247072740008 
1 0.11338145635173287 0.21531279534175596 -0.23207523998245541 0.8546841522310954 -0.70309318480925576 0.75783011101067832 
1 0.18947507034085972 -0.13634043592529521 0.14695475638982472 0.61291255513642373 1.0338831304966216 -1.1143725817360106 

1.4700000000000011 3 6.89335
1 -0.31724291864519838 -0.082234410218396947 0.088636490257518047 -1.4100882296059891 -0.32153972993542529 0.34657211092482709 
1 0.12186004006815283 0.20808810699104024 -0.22428809811685857 0.84116414560560537 -0.74212680311454393 0.79990255877784289 
1 0.19538287857120396 -0.12585369677060462 0.13565160786065672 0.56892408399284533 1.0636665330537793 -1.1464746697005361 

1.4800000000000011 3 6.89464
1 -0.3310662424583653 -0.085401804899082334 0.092050471667646808 -1.354964467813466 -0.31188364144749647 0.33616428054210479 
1 0.13020765603511872 0.20046355042928901 -0.21606995766202719 0.82852022935870728 -0.78317825394196139 0.84414993054838772 
1 0.20085858641732546 -0.1150617455281298 0.12401948599571608 0.52644423844725541 1.0950618953932338 -1.1803142110883931 

1.4900000000000011 3 6.89669
1 -0.34434976083913255 -0.088471178856150384 0.095358801284432651 -1.3021062698926293 -0.30195537889377216 0.32546308690832509 
1 0.13843401796121171 0.19241531105852219 -0.20739515001552777 0.8169501680673521 -0.82700670175307733 0.89139049294845807 
1 0.20591574287193751 -0.10394413220026004 0.11203634873244778 0.48515610181776142 1.1289620806507126 -1.2168535798546811 

1.5000000000000011 3 6.89879
1 -0.35711549263127462 -0.091440361237104667 0.098559139251055528 -1.2513854480211823 -0.29186101458292762 0.31458286023060389 
1 0.14655107931155262 0.18391087570198814 -0.19822863079792619 0.80670919602309688 -0.87460929604410187 0.94269902515339532 
1 0.21056441331365569 -0.09247051446273491 0.099669491548237774 0.44467625199060329 1.1664703106309247 -1.2572818853819407 

1.5100000000000011 3 6.90083
1 -0.36938416017902975 -0.094308127603008288 0.10165016580404966 -1.2026718339898761 -0.28168461179785947 0.30361420825256696 
1 0.1545737871418234 0.17490605531345113 -0.18852277077523555 0.79814903682485794 -0.92735200834719689 0.9995478417585808 
1 0.21481037303105369 -0.080597927708253192 0.086872604972569448 0.40452279715755102 1.2090366201490113 -1.303162050009038 

1.5200000000000011 3 6.90287
1 -0.38117519423115809 -0.097074003884538018 0.10463136996703325 -1.1558378859671592 -0.27149288475368044 0.29262903899734521 
1 0.16252134895911344 0.16534026915706609 -0.17821227290464925 0.79178468865675444 -0.98719708153991637 1.0640519493801175 
1 0.21865384526582676 -0.06826626527028469 0.073580902939009374 0.36405319730288782 1.2586899662975515 -1.356680988375397 

1.5300000000000011 3 6.90557
1 -0.39250677605612821 -0.099738112707323259 0.10750288391224309 -1.1107616358034527 -0.26133903814513576 0.28168469923013051 
1 0.1704194200206616 0.15512869740964977 -0.16720571400443676 0.78841908662996896 -1.057125903592891 1.1394248417987463 
1 0.22208735602911991 -0.055390584700014074 0.059702830093593492 0.32234254916596117 1.3184649417420204 -1.4211095410265813 

1.5400000000000011 3 6.90851
1 -0.40339590322010749 -0.10230105468305341 0.1102653550099288 -1.0673285577898879 -0.25126594922771817 0.27082740426914098 
1 0.17830410223585827 0.14414833701697732 -0.15537051503637303 0.78939976010433999 -1.1419962257344711 1.2309024539268041 
1 0.22509180097780981 -0.041847282331589263 0.045105160027874056 0.27792879767820206 1.3932621749661265 -1.5017298581929956 

1.5500000000000012 3 6.91072
1 -0.41385847056197128 -0.10476381897739627 0.11291984943392716 -1.0254328069838474 -0.24130887345533769 0.26009515426159469 
1 0.18622993182441966 0.13221090583986042 -0.14250373579631567 0.79721701325830974 -1.2504931455540731 1.3478460320572532 
1 0.22762853873111338 -0.027447086860085453 0.029583886363861018 0.22821579371808259 1.4918020190132188 -1.6079411863161108 

1.5600000000000012 3 6.91237
1 -0.42390936206853513 -0.1071277194522086 0.11546778333236409 -0.98497823106169358 -0.23149789803156598 0.24952037874800637 
1 0.19428808534220046 0.11900301344668555 -0.12826758790769968 0.8171621095172571 -1.4003657246556878 1.5093864305576643 
1 0.22962127672001159 -0.011875293992087893 0.01279980457680048 0.16781612153731512 1.6318636226910332 -1.7589068093033184 

1.5700000000000012 3 6.91441
1 -0.43356255380186914 -0.10939435551110252 0.11791088062481316 -0.94587968494173502 -0.2218605164186927 0.23913271159990596 
1 0.20265751866281051 0.10392498680713884 -0.11201571283772775 0.86336820765644029 -1.6366603920309717 1.764077014788431 
1 0.23090503513272376 0.005469368706396493 -0.0058951677856168309 0.082511477278407325 1.8585209084524803 -2.0032097263863209 

1.5800000000000012 3 6.94424
1 -0.44283123601104279 -0.11156560281020973 0.1202511629902559 -0.90806591167245954 -0.21242531053084412 0.2289629598803225 
1 0.2118180729198578 0.085462290692169138 -0.092115666373543126 0.99652112688498995 -2.1371777303800679 2.3035604264867562 
1 0.2310131630842594 0.026103312120539245 -0.028135496615263419 -0.088455215217895206 2.3496030409213877 -2.532523386363462 

