0 3 0
1 1 0 0 0 0 0 
1 -0.89547571124446734 0.086383757479534959 0.0010133445205234082 0 0 0 
1 -0.10452428875553266 -0.086383757479534959 -0.0010133445205234082 0 0 0 

0.01 3 0.00149798
1 0.99994551475028426 -2.5437971046746607e-06 -2.9840596572290379e-08 -0.010897176178957317 -0.00050873755538987481 -5.9678628156564416e-06 
1 -0.89538730831190516 0.086366845947845425 0.0010131461359141843 0.017681443953119817 -0.003382449298917465 -3.9678598882646255e-05 
1 -0.10455820643837736 -0.086364302150740799 -0.0010131162953176053 -0.0067842677741625371 0.0038911868543073402 4.5646461698302836e-05 

0.02 3 0.002249
1 0.99978205142670096 -1.0173876287232615e-05 -1.193469940294342e-07 -0.021795867295072591 -0.0010172126512481481 -1.1932646789456929e-05 
1 -0.89512204805009632 0.086316102772361125 0.0010125508814319627 0.035373183684914079 -0.0067666151417263547 -7.9377334077920813e-05 
1 -0.1046600033766014 -0.086305928896073025 -0.0010124315344379237 -0.013577316389841354 0.007783827792974529 9.1309980867377978e-05 

0.029999999999999999 3 0.00298905
1 0.99950958730291595 -2.288629915720209e-05 -2.684729921768514e-07 -0.03269758889232878 -0.0015251624286891539 -1.7891268394830824e-05 
1 -0.89467977588918313 0.086231502184150224 0.001011558454788362 0.053085550502208076 -0.010154219614041695 -0.00011911640690691452 
1 -0.10482981141372598 -0.086208615884991985 -0.0010112899817961848 -0.020387961609878782 0.011679382042730833 0.00013700767530174535 

0.040000000000000001 3 0.00371289
1 0.99912808449159707 -4.0674495073025676e-05 -4.7714151259363592e-07 -0.043603857728145456 -0.0020323232296937418 -2.3840634730788368e-05 
1 -0.8940602336195107 0.086113001142469253 0.0010101683510840653 0.070828947073269616 -0.013546995929932972 -0.00015891614923560998 
1 -0.10506785087207578 -0.086072326647395267 -0.0010096912095714603 -0.027225089345123906 0.015579319159626751 0.00018275678396639862 

0.050000000000000003 3 0.00443387
1 0.99863748992924117 -6.3529251148476278e-05 -7.4524448140051738e-07 -0.054516192379564635 -0.0025384301964838669 -2.9777638822292519e-05 
1 -0.8932630584964022 0.085960539195185898 0.0010083798611714235 0.088613883876251479 -0.016946694109350523 -0.00019879709007523933 
1 -0.10537443143282649 -0.085897009944036887 -0.0010076346166900205 -0.034097691496686414 0.019485124305834416 0.00022857472889753234 

0.060000000000000005 3 0.00515985
1 0.99803773535495011 -9.1438698246873299e-05 -1.0726426649618094e-06 -0.065436113848811789 -0.0030432168696407362 -3.5699154905891227e-05 
1 -0.89228778197606118 0.085774038281779305 0.0010061920693435716 0.1064510165826487 -0.020355086793313978 -0.00023878002379868572 
1 -0.10574995337888148 -0.085682599583532498 -0.0010051194266786068 -0.041014902733836393 0.023398303662954766 0.00027447917870457712 

0.070000000000000007 3 0.00588489
1 0.99732873728316751 -0.00012438829294854199 -1.4591654583505279e-06 -0.076365146168034137 -0.0035464147845708084 -4.1602033695969028e-05 
1 -0.89113382807156749 0.085553402477295273 0.0010036038503307798 0.12435118471075483 -0.023773975246038397 -0.00027888608054980511 
1 -0.1061949092115924 -0.085429014184346966 -0.00100214468487243 -0.047986038542720197 0.027320390030609463 0.00032048811424577252 

0.080000000000000002 3 0.00660706
1 0.99651039697034083 -0.00016236079547310054 -1.9046106263607225e-06 -0.087304817003042809 -0.004047753065945057 -4.7483097627224541e-05 
1 -0.8898005113145373 0.085298517675131358 0.0010006138655793235 0.14232545190483178 -0.027205195596066246 -0.00031913679945645555 
1 -0.10670988565579383 -0.085136156879658378 -0.00099870925495296452 -0.05502063490178867 0.031252948662011511 0.00036661989708367898 

0.089999999999999997 3 0.00732899
1 0.99558260037558666 -0.00020533624353454602 -2.4087439968085262e-06 -0.098256658255902393 -0.0045469580197635799 -5.3339136069289136e-05 
1 -0.88828703430426248 0.08500925120598278 0.00099722055878143372 0.16038514822264505 -0.03065062537221995 -0.0003595542053020013 
1 -0.10729556607130936 -0.084803914962448115 -0.00099481181478462189 -0.062128489966742272 0.035197583391983818 0.00041289334137128969 

0.099999999999999992 3 0.00805187
1 0.99454521811530039 -0.00025329192210377869 -2.9712991058245487e-06 -0.1092222066662427 -0.0050437527227310429 -5.9166900509801969e-05 
1 -0.88659248482221276 0.084685451389706248 0.00099342215061832043 0.17854191484784068 -0.034112190394889871 -0.00040016088936513632 
1 -0.10795273329307405 -0.084432159467602463 -0.00099045085151248935 -0.069319708181598452 0.03915594311762137 0.0004593277898749378 

0.10999999999999999 3 0.00877571
1 0.99339810541181317 -0.00030620232905029102 -3.5919767948057494e-06 -0.12020300441120031 -0.0055378566086697768 -6.4963099702734439e-05 
1 -0.88471583248540997 0.084326947016221065 0.0009892166326707951 0.19680775168530462 -0.0375918720889366 -0.00044098009520557861 
1 -0.10868227292638764 -0.084020744687171217 -0.0009856246558759827 -0.076604747274104767 0.043129728697606985 0.00050594319490831216 

0.11999999999999998 3 0.00949979
1 0.99214110203598582 -0.00036403913663220319 -4.2704447586655372e-06 -0.13120059970395262 -0.0060289850517468557 -7.0724394779337959e-05 
1 -0.8826559249073318 0.083933546750870155 0.00098460176044368642 0.21519506834826838 -0.041091715291485177 -0.00048203581025517856 
1 -0.10948517712863821 -0.083569507614238508 -0.00098033131568501836 -0.083994468644316519 0.047120700343232368 0.00055276020503451445 

0.12999999999999998 3 0.0102298
1 0.99077403224389038 -0.00042677114880194879 -5.0063370449981893e-06 -0.14221654739086106 -0.0065168489463504758 -7.6447394319788676e-05 
1 -0.88041148332964303 0.083505038458892455 0.00097957504544142395 0.23371673910703444 -0.044613836636286854 -0.00052335286417262304 
1 -0.11036254891422698 -0.083078267310090811 -0.00097456870839641952 -0.09150019171617442 0.051130685582637739 0.00059980025849241177 

0.13999999999999999 3 0.0109527
1 0.98929670470747788 -0.00049436425429352576 -5.7992535037581336e-06 -0.15325240954732716 -0.0070011542835218907 -8.2128649384424852e-05 
1 -0.87798109768198818 0.083041188442792416 0.00097413374622181608 0.25238616244249468 -0.048160433606388976 -0.00056495703503784171 
1 -0.11131560702546649 -0.082546824188499249 -0.00096833449271805717 -0.099133752895169888 0.055161587889911212 0.000647085684422265 

0.14999999999999999 3 0.0116818
1 0.98770891243932013 -0.00056678137545676445 -6.648759187048563e-06 -0.16430975607255655 -0.0074816017239313819 -8.776464850444224e-05 
1 -0.87536322102020625 0.082541740585411291 0.00096827485834368344 0.27121732593541553 -0.051733794358827995 -0.00060687516460282811 
1 -0.11234569141908972 -0.081974959209955206 -0.00096162609915663585 -0.10690756986286086 0.05921539608275958 0.00069463981310727231 

0.16 3 0.0124047
1 0.98601043271141076 -0.00064398241280440272 -7.5543836986181443e-06 -0.17539016528355517 -0.0079578861674852348 -9.3351812633070896e-05 
1 -0.87255616328555807 0.082006415390412382 0.00096199510311100812 0.29022487732747171 -0.055336308439353256 -0.0006491352839831855 
1 -0.11345426942582346 -0.081362432977608493 -0.00095444071941238814 -0.11483471204391754 0.063294194606838758 0.00074248709661625602 

0.17000000000000001 3 0.0131347
1 0.98420102696800649 -0.00072592418523915808 -8.515620492680998e-06 -0.18649522450883424 -0.0084296963197651228 -9.8886490059593805e-05 
1 -0.86955808431853299 0.081434908910607257 0.0009552909150014363 0.30942420271571008 -0.058970478522191824 -0.00069176675137411529 
1 -0.11464294264944039 -0.080708984725368485 -0.00094677529450875502 -0.12292897820687403 0.067400174841957108 0.0007906532414337082 

0.18000000000000002 3 0.0138617
1 0.98228044073254406 -0.00081256036593070537 -9.5319261217068494e-06 -0.19762653068250313 -0.0088967142556364391 -0.00010436495129014998 
1 -0.86636698605045759 0.080826891553126182 0.00094815842765006667 0.32883151299266555 -0.062638933330144905 -0.00073480040361258386 
1 -0.11591345468204876 -0.080014331187195795 -0.00093862650152836129 -0.13120498231016123 0.07153564758578157 0.00083916535490273481 

0.19000000000000003 3 0.0145829
1 0.98024840350861631 -0.00090384141381656571 -1.0602719432876389e-05 -0.20878569093965224 -0.0093586149805187143 -0.0001097833839011192 
1 -0.86298070378420944 0.080182006748748522 0.0009405934582397043 0.3484639398251686 -0.066344441914524321 -0.0007782687236914267 
1 -0.11726769972436725 -0.079278165334932163 -0.00092999073880682659 -0.13967824888551605 0.075703056895042795 0.00088805210759254388 

0.20000000000000004 3 0.0153089
1 0.97810462867496184 -0.0009997145007067474 -1.1727380712965397e-05 -0.21997432321424992 -0.0098150659899971671 -0.00011513788737304612 
1 -0.85939689646121398 0.079499869470778195 0.00093259149012620403 0.36833964268241781 -0.070089929503432319 -0.00082220602667118395 
1 -0.11870773221370962 -0.078500154970071484 -0.00092086410941323593 -0.14836531946816553 0.079904995493429054 0.00093734391404422734 

0.21000000000000005 3 0.0160239
1 0.97584881337449125 -0.0011001234339798414 -1.2905250781513771e-05 -0.23119405684112782 -0.010265726828669813 -0.00012042446791559354 
1 -0.85561303579568759 0.078780064586597587 0.00092414765350097886 0.38847792868667541 -0.073878495161675897 -0.00086664866684383094 
1 -0.12023577757876355 -0.077679941152617463 -0.00091124240271946101 -0.15728387184554476 0.084144221990345658 0.00098707313475941824 

0.22000000000000006 3 0.0167539
1 0.97348063839721988 -0.0012050085748684157 -1.4135630032253693e-05 -0.24244653316408318 -0.010710248649377791 -0.00012563903329698738 
1 -0.85162639413767482 0.078022145022395253 0.00091525670386193698 0.40889938737830855 -0.077713431547527217 -0.00091163526949397807 
1 -0.12185424425950736 -0.076817136447526621 -0.00090112107382968223 -0.16645285421422262 0.0884236801969049 0.0010372743027909578 

0.23000000000000007 3 0.0183399
1 0.97099976805712451 -0.0013143067523445444 -1.5417777422923409e-05 -0.25373340615270623 -0.011148273774261497 -0.00013077738769489298 
1 -0.84743403090371283 0.07722562971846772 0.00090591299802766153 0.42962604287412975 -0.08159824710218426 -0.0009572069911974266 
1 -0.12356573715337264 -0.075911322966123143 -0.00089049522060473711 -0.17589263672142241 0.092746520876445263 0.0010879843788923066 

0.24000000000000007 3 0.0198808
1 0.96840585006274038 -0.0014279511726322746 -1.6750909413783141e-05 -0.26505634303119774 -0.011579435259434528 -0.00013583522658971406 
1 -0.84303277738689208 0.0763900013488336 0.00089611046738683625 0.45068152637124581 -0.085536691069248855 -0.0010034078133179393 
1 -0.12537307267580891 -0.074962050176201014 -0.00087935955797305385 -0.18562518334004494 0.097116126328683244 0.0011392430399076517 

0.25000000000000006 3 0.0209937
1 0.96569851538140639 -0.0015458713243939504 -1.8134198855380841e-05 -0.27641702492331049 -0.012003356465472584 -0.00014080813172612287 
1 -0.83841921972566913 0.075514703774573533 0.00088584258802405292 0.47209127252936217 -0.089532781816456367 -0.0010502848742417624 
1 -0.12727929565569301 -0.073968832450179295 -0.00086770838916867441 -0.19567424760604996 0.10153613828192912 0.0011910930059678923 

0.26000000000000006 3 0.0221057
1 0.9628773780969575 -0.0016679928796613809 -1.9566773826403128e-05 -0.28781714751856419 -0.012419650636392839 -0.00014569156617417692 
1 -0.83358967977214449 0.074599139195133571 0.00087510234730252246 0.49388274398103105 -0.093590839023578357 -0.0010978888469652471 
1 -0.12928769832477388 -0.072931146315471804 -0.00085553557347611625 -0.20606559646246486 0.10601048965997126 0.0012435804131394358 

0.27000000000000007 3 0.0236559
1 0.95994203526063715 -0.0017942375906123543 -2.1047716422787821e-05 -0.29925842176617973 -0.012827920490363642 -0.00015048086952804002 
1 -0.82854019355352393 0.073642664955649709 0.00086388220641165487 0.51608568910767405 -0.097715520413264714 -0.001146274369974434 
1 -0.13140184170705832 -0.071848427365036466 -0.00084283448998885731 -0.21682726734149013 0.11054344090362964 0.0012967552395024818 

0.28000000000000008 3 0.025214
1 0.95689206673485683 -0.0019245231823294725 -2.2576061499707476e-05 -0.31074257460470917 -0.013227757826044009 -0.00015517125328807068 
1 -0.82326648696420535 0.072644589960927042 0.00085217405830043591 0.53873243932804815 -0.10191186384124819 -0.0011955005409937953 
1 -0.13362557977060782 -0.070720066778596005 -0.0008295979968007131 -0.22798986472333049 0.11513962166729405 0.00135067179428187 

0.29000000000000009 3 0.026726
1 0.95372703502951117 -0.00205876324171873 -2.4150795368503414e-05 -0.32227134973728216 -0.01361874314923751 -0.00015975779648118356 
1 -0.81776394825593213 0.071604170637658102 0.00083996918031129842 0.56185825353480401 -0.10618533573569523 -0.0012456314852152758 
1 -0.13596308677351973 -0.069545407395938758 -0.00081581838494278257 -0.23958690379750905 0.11980407888493569 0.0014053892816964756 

0.3000000000000001 3 0.0281031
1 0.95044648513017904 -0.0021968671028198558 -2.5770854451290354e-05 -0.33384650846472097 -0.014000445325470205 -0.00016423544158534377 
1 -0.8120275968099302 0.070520606375594319 0.00082725818070169513 0.58550171907240622 -0.11054188709302148 -0.0012967370121700788 
1 -0.13841888832019733 -0.068323739272771675 -0.00080148732625038785 -0.25165521060766471 0.1245423324184947 0.0014609724537554265 

0.31000000000000011 3 0.0291271
1 0.94704994431770784 -0.0023387397287992434 -2.743512389664895e-05 -0.34546983059173425 -0.014372421265199336 -0.00016859899083683812 
1 -0.80605204756885629 0.069393034364924069 0.00081403093808285953 0.60970522088063106 -0.11498801851076583 -0.0013488933786115996 
1 -0.14099789674880164 -0.067054294636121656 -0.00078659581418619661 -0.26423539028887594 0.12936043977596723 0.0015174923694484305 

0.32000000000000012 3 0.0302463
1 0.94353692197827088 -0.0024842815909908093 -2.914243616068857e-05 -0.35714311542488203 -0.014734215649672562 -0.00017284310301439489 
1 -0.79983147037779578 0.068220523730706459 0.00080027653261234794 0.63451549328684931 -0.11953085608489575 -0.0014021841788463877 
1 -0.14370545160041853 -0.065736242139712756 -0.00077113409645164055 -0.2773723778619438 0.13426507173456839 0.0015750272818607612 

0.33000000000000013 3 0.0313842
1 0.9399069094028758 -0.0026333885454382275 -3.0891569558793655e-05 -0.36886818288555812 -0.015085360707013256 -0.00017696229081250864 
1 -0.7933595433200602 0.06700206884475382 0.00078598316753757515 0.6599842726190287 -0.12417824044150567 -0.0014567013891408438 
1 -0.14654736608275989 -0.064368680299314057 -0.00075509159797877072 -0.291116089733442 0.13926360114851655 0.0016336636799533148 

0.34000000000000014 3 0.0325332
1 0.93615937957508533 -0.0027859517074957174 -3.2681246794601622e-05 -0.38064687476663039 -0.015425376049985456 -0.00018095091893830388 
1 -0.78662939892936434 0.065736581669979435 0.00077113807938942872 0.68616907361068913 -0.12893883174221735 -0.0015125465995112005 
1 -0.14952998064564912 -0.06295062996248163 -0.00073845683259482877 -0.30552219884403292 0.14436420779220005 0.0016934975184494799 

0.35000000000000014 3 0.033854
1 0.93229378694525589 -0.0029418573251708403 -3.4510133474222058e-05 -0.39248105616820356 -0.015753768589146101 -0.00018480320309274093 
1 -0.77963356190026512 0.064422882960273292 0.00075572743475042141 0.71313411886776923 -0.13382223424085357 -0.0015698324748642926 
1 -0.15266022504491636 -0.061481025635101633 -0.00072121730127619769 -0.3206530626995357 0.14957600282999939 0.0017546356779570308 

0.36000000000000015 3 0.0350049
1 0.92830956718942759 -0.0031009866520432792 -3.6376836615481047e-05 -0.40437261715655259 -0.016070032537821438 -0.00018851321002899749 
1 -0.77236387658592653 0.063059692098610953 0.00073973621104819688 0.74095145901219617 -0.13883914493463376 -0.0016286844987844528 
1 -0.15594569060341645 -0.059958705446566007 -0.00070335937443270736 -0.33657884185561643 0.15490917747245617 0.0018171977088134099 

0.37000000000000016 3 0.0361557
1 0.92420613695018783 -0.0032632158207731867 -3.8279903164078624e-05 -0.41632347470080466 -0.016373649528664113 -0.00019207485891977307 
1 -0.76481142214347586 0.061645615304552502 0.00072314805822099428 0.76970233228292795 -0.1440015321277229 -0.0016892430682143441 
1 -0.15939471480662246 -0.058382399483778886 -0.00068486815505691288 -0.35337885758210141 0.16037518165638948 0.0018813179271340748 

0.38000000000000017 3 0.0372756
1 0.91998289355658414 -0.0034284157184298692 -4.0217818531108871e-05 -0.42833557495549252 -0.016664088865615954 -0.00019548192431298927 
1 -0.75696641262745734 0.060179131876092952 0.00070594513732442573 0.79947882747868781 -0.14932285142437846 -0.0017516660272121286 
1 -0.163016480929039 -0.056750716157662119 -0.00066572731879332861 -0.37114325252318359 0.16598694028999847 0.0019471479515250885 

0.39000000000000018 3 0.0382886
1 0.91563921471910392 -0.0035964518651357314 -4.2189005169459321e-05 -0.44041089597377814 -0.016940807940104274 -0.00019872804101407485 
1 -0.74881807859532934 0.058658578044698442 0.00068810793113934605 0.8303859347934246 -0.15481830895821141 -0.0018161317548230208 
1 -0.1668211361236768 -0.055062126179561771 -0.00064591892596988507 -0.38997503881963674 0.17175911689831999 0.0020148597958370732 

0.40000000000000019 3 0.0392935
1 0.91117445819488474 -0.0037671842978355186 -4.4191821210344874e-05 -0.45255145095801574 -0.017203252846514659 -0.000201806711305923 
1 -0.74035452580819361 0.057082127909608059 0.00066961502051722434 0.86254409773193264 -0.16050518478412773 -0.0018828429587024926 
1 -0.17081993238660198 -0.053314943611772248 -0.00062542319930686166 -0.40999264677390257 0.17770843763064997 0.0020846496700083544 

0.4100000000000002 3 0.0402985
1 0.90658796141732123 -0.0039404674613921194 -4.6224559185775392e-05 -0.46475929218146028 -0.017450859239774921 -0.00020471131500894959 
1 -0.7315625652885025 0.055447770767791379 0.00065044281844404527 0.89609241951407559 -0.1664032336636474 -0.0019520313766207109 
1 -0.17502539612874701 -0.051507303306398973 -0.00060421825925824737 -0.43133312733260853 0.18385409290342883 0.0021567426916296356 

0.42000000000000021 3 0.0413184
1 0.90187904108226324 -0.0041161501096828442 -4.8285444868348664e-05 -0.47703651575073774 -0.017683053487690555 -0.00020743512299887227 
1 -0.72242750719296456 0.053753283955314882 0.00063056525144969562 0.93119273470822406 -0.17253518649236099 -0.0020239636585726202 
1 -0.17945153388923138 -0.049637133845631551 -0.00058227980658132734 -0.45415621895748864 0.19021823998005605 0.0022313987815714546 

0.43000000000000022 3 0.0423336
1 0.89704699268157573 -0.0042940752199587011 -5.037263626661814e-05 -0.48938526742467309 -0.017899254183243594 -0.00020997131494703813 
1 -0.71293290846260549 0.051996200043211475 0.00060995337479161364 0.96803483988392613 -0.17892738415485385 -0.0020989488023587517 
1 -0.18411408421890629 -0.047702124823252944 -0.00055958073852497984 -0.47864957245924833 0.19682663833809963 0.002308920117305757 

0.44000000000000022 3 0.0433486
1 0.89209108997214925 -0.0044740799244573689 -5.2484222822867045e-05 -0.50180774976554043 -0.018098874098226039 -0.00021231300223799283 
1 -0.70306026070184924 0.050173766855412305 0.00058857490343587398 1.0068432995204024 -0.18561058789472831 -0.0021773476598170205 
1 -0.18903082927021836 -0.045699686930955198 -0.00053609068061301584 -0.50503554975486631 0.20370946199296058 0.0023896606620549543 

0.45000000000000023 3 0.0443854
1 0.88701058436517233 -0.0046559954641763011 -5.4618224870831758e-05 -0.51430623097924166 -0.018281322680762581 -0.00021445325726723952 
1 -0.69278859971997453 0.048282898251092637 0.00056639363469826681 1.0478864274831676 -0.19262102832538935 -0.0022595852424846202 
1 -0.19422198464513532 -0.043626902786916617 -0.00051177540982746072 -0.5335801965039485 0.21090235100615676 0.0024740384997518311 

0.46000000000000024 3 0.0454025
1 0.88180470421682766 -0.0048396471708706179 -5.6772593424521177e-05 -0.52688305590849971 -0.018446009227322268 -0.00021638515065124209 
1 -0.68209401085448274 0.046320112866981462 0.00054336872964682876 1.0914883271239972 -0.20000178216272269 -0.0023461668716777003 
1 -0.1997106933622953 -0.041480465696110892 -0.00048659613622234384 -0.56460527121553072 0.2184477913900536 0.0025625520223288853 

0.47000000000000025 3 0.0468695
1 0.87647265399571372 -0.0050248544848258345 -5.8945210386711205e-05 -0.53954065978993915 -0.018592346897611085 -0.00021810179832507261 
1 -0.67094899331367341 0.044281456933486223 0.00051945380767865932 1.1380453178825753 -0.20780460689623811 -0.0024376997005223313 
1 -0.20552366068199351 -0.039256602448658903 -0.00046050859729198257 -0.59850465809263498 0.22639695379386565 0.0026558014988471179 

0.48000000000000026 3 0.0482035
1 0.87101361329562788 -0.0052114310178861421 -6.1133889288292689e-05 -0.55228158558866358 -0.018719757792547056 -0.00021959642111071261 
1 -0.65932163019661372 0.042162405679493926 0.00049459578992629052 1.1880487951094651 -0.21609242786790736 -0.0025349218892042817 
1 -0.21169198309898299 -0.036950974661605969 -0.00043346190063804711 -0.63576720952073973 0.23481218566048112 0.0027545183103146985 

0.49000000000000027 3 0.0497155
1 0.8654267356526173 -0.0053991846737573282 -6.3336376699546141e-05 -0.56510850600980334 -0.018827679387987354 -0.00022086242018943663 
1 -0.64717448491708207 0.039957735422489274 0.00046873339878148026 1.2421177671918879 -0.22494277523033102 -0.0026387429229968798 
1 -0.21825225073549614 -0.034558550748730599 -0.00040539702208197529 -0.67700926118204385 0.24377045461833052 0.002859605343186143 

0.50000000000000022 3 0.0515506
1 0.85971114711264773 -0.005587917841026733 -6.5550354494365158e-05 -0.57802425169684313 -0.018915572720581548 -0.00022189347312779036 
1 -0.63446310295874353 0.037661354688680808 0.00044179517681086747 1.3010463783636799 -0.23445263825610438 -0.0027503005568539703 
1 -0.22524804415385305 -0.032073436847650974 -0.00037624482231651271 -0.72302212666683408 0.25336821097670703 0.0029721940299815776 

0.51000000000000023 3 0.0536296
1 0.85386594447758402 -0.0057774276790041098 -6.7773443203429187e-05 -0.591031847732994 -0.018982932874407481 -0.00022268365689351104 
1 -0.62113392814455792 0.035266076715687232 0.00041369681804662221 1.3658754281527252 -0.24474549442619595 -0.0028710432717443651 
1 -0.23273201633295507 -0.029488649036678253 -0.00034592337484316073 -0.77484358041972823 0.2637284273006345 0.0030937269286375976 

0.52000000000000024 3 0.0557446
1 0.84789019313265834 -0.0059675065230560993 -7.0003206769025933e-05 -0.60413456148059308 -0.019029302547535404 -0.00022322760700118596 
1 -0.60712132149098219 0.032763305800398698 0.00038433748861787257 1.4380038517854901 -0.25598178408370531 -0.0030028531499861027 
1 -0.24076887164161878 -0.026795799277335247 -0.00031433428184880649 -0.83386929030494439 0.27501108663124962 0.0032260807569870825 

0.53000000000000025 3 0.0577657
1 0.8417829243211189 -0.0061579424455564403 -7.2237159125434014e-05 -0.61733596623636178 -0.019054289838969736 -0.00022352072616613693 
1 -0.592343150263414 0.030142593003373377 0.00035359461483907499 1.5193699104330654 -0.26837504989383204 -0.0031482352028918957 
1 -0.24943977405759513 -0.023984650557808841 -0.00028135745571361375 -0.90203394419683114 0.28742933973282664 0.0033717559290578742 

0.54000000000000026 3 0.0598087
1 0.8355431316756976 -0.0063485200226844063 -7.4472773194005797e-05 -0.63064002754278214 -0.019057591986917592 -0.00022355946277156341 
1 -0.57669399040608138 0.027390986374727911 0.00032131626088540598 1.612760996153769 -0.282217800300962 -0.0033106207679951334 
1 -0.25884914126946323 -0.021042466352034807 -0.00024684348769137389 -0.98212096861106657 0.30127539228792732 0.0035341802307663471 

0.55000000000000027 3 0.0615528
1 0.8291697667311817 -0.00653902137920781 -7.6707493139240525e-05 -0.64405122306088369 -0.019039027804455835 -0.00022334169136265352 
1 -0.56003411049388707 0.024492043729939635 0.00028730954793239089 1.7223777041392769 -0.29792493015956661 -0.0034948768647414751 
1 -0.26913565623715874 -0.017953022350725437 -0.00021060205479317084 -1.0783264810783602 0.31696395796415228 0.0037182185561032825 

0.56000000000000028 3 0.0645707
1 0.82266173299797674 -0.0067292276191527499 -7.893875115165392e-05 -0.6575747143579862 -0.018998583416418944 -0.00022286724917352252 
1 -0.54217044063736353 0.021424261986367633 0.00025132222912718517 1.8549465823506723 -0.31611076980721325 -0.0037082100363434343 
1 -0.28049129236047726 -0.014695034367205808 -0.00017238347797557459 -1.1973718679925818 0.33510935322372293 0.0039310772855161063 

0.57000000000000028 3 0.0672016
1 0.81601787793000546 -0.0069189208125108497 -8.1163990753159278e-05 -0.67121660377484882 -0.018936479584407039 -0.00022213872589887384 
1 -0.5228208041894733 0.018158434294611094 0.0002130116868102576 2.0221614050049115 -0.33773498922660261 -0.0039618779120946766 
1 -0.29319707374033438 -0.011239513482091665 -0.00013184769605713192 -1.3509448012301524 0.35667146881118972 0.004184016637993249 

0.58000000000000029 3 0.0708938
1 0.80923698164603652 -0.0071078868259268008 -8.3380700003255384e-05 -0.68498434233028538 -0.018853277030503719 -0.00022116269921828677 
1 -0.50153835320661921 0.014652896596266981 0.00017188917116890652 2.2468988385298521 -0.36439859903446925 -0.0042746615149935581 
1 -0.30769862843922624 -0.00754500977033237 -8.8508471165807555e-05 -1.5619144961986342 0.38325187606500338 0.0044958242142063643 

0.5900000000000003 3 0.0752678
1 0.80231774025272973 -0.0072959195360913394 -8.5586460925036315e-05 -0.69888743938508735 -0.018750057020308505 -0.00021995185316636657 
1 -0.4775212612102176 0.01084439746862822 0.00012721269685231029 2.5830868252766535 -0.39895648701398567 -0.0046800507623076509 
1 -0.32479647904341447 -0.0035484779325466649 -4.1626235927468233e-05 -1.8841993858932016 0.41770654403447405 0.0049000026154727974 

0.60000000000000031 3 0.134687
1 0.79525873901957556 -0.0074828276041776672 -8.7779028974472155e-05 -0.71293890474130173 -0.018628782493996521 -0.00021852921446307896 
1 -0.44896205897595565 0.0066320380032276246 7.7798646025091959e-05 3.2114871797582394 -0.44585188436948858 -0.0052301679988634433 
1 -0.34629668004445019 0.00085078960094335553 9.9803829491914981e-06 -2.4985482750183254 0.46448066686365369 0.0054486972133257171 

0.61000000000000032 3 0.474672
1 0.78805840110134184 -0.0076684472883034992 -8.9956483339561318e-05 -0.72715940858913786 -0.018493311784982758 -0.00021694004417594149 
1 -0.40788824718132627 0.0020845564084141992 2.4453368038424611e-05 6.2202461502691726 -0.34180762093643574 -0.0040096528543631564 
1 -0.3801701539210196 0.0055838908798814119 6.5503115301135284e-05 -5.4930867416711306 0.36030093272124608 0.0042265928985435594 

