0 3 0
1 1 0 0 0 0 0 
1 -0.56897650114736908 -0.25972918071139139 0.47562319829300898 0 0 0 
1 -0.43102349885263092 0.25972918071139139 -0.47562319829300898 0 0 0 

0.01 3 0.00143909
1 0.99996287747996626 7.851294281908139e-07 -1.4377505395707675e-06 -0.0074246185299806948 0.00015702611877324541 -0.0002875505348375104 
1 -0.56895406001158977 -0.25970642678421846 0.47558153067758746 0.0044883160336546121 0.0045509068998866881 -0.0083337455149601475 
1 -0.43100881746837633 0.25970564165478999 -0.475580092927049 0.0029363024963260606 -0.0047079330186599461 0.0086212960497976492 

0.02 3 0.00227213
1 0.99985150304780734 3.1405316868720316e-06 -5.7510277480543091e-06 -0.01485061158444417 0.00031405503002622309 -0.00057510618334049234 
1 -0.56888673127081968 -0.2596381577134384 0.47545651448302328 0.0089776988823769208 0.0091032718763152613 -0.016670161099668672 
1 -0.4309647717769835 0.25963501718174975 -0.4754507634552762 0.0058729127020672256 -0.0094173269063414743 0.017245267283009166 

0.029999999999999999 3 0.00310016
1 0.99966585608050007 7.0662485576501419e-06 -1.2939908137074305e-05 -0.022279355062946815 0.00047108949807408897 -0.00086267200759866344 
1 -0.56877449891695298 -0.25952435161782955 0.47524810963982816 0.01346921693201259 0.013658555691994716 -0.025011921742857067 
1 -0.43089135716354532 0.25951728536926932 -0.47523516973169355 0.0088101381309341146 -0.014129645190068816 0.025874593750455629 

0.040000000000000001 3 0.00391817
1 0.99940590218341663 1.2562349206593136e-05 -2.3004518365431256e-05 -0.029712227618431019 0.00062813223075513266 -0.0011502529662797435 
1 -0.56861733624359423 -0.25936497198387798 0.47495624928345942 0.017963941716138871 0.018218224494136705 -0.033361712293505409 
1 -0.43078856593982073 0.25935240963466999 -0.47493324476509408 0.011748285902291964 -0.018846356724891766 0.034511965259784873 

0.050000000000000003 3 0.00473523
1 0.9990715931558547 1.9628929476727531e-05 -3.5945033943503264e-05 -0.037150612042029914 0.00078518585082201634 -0.0014378538622403408 
1 -0.56841520580665328 -0.25915996759835025 0.47458083963082848 0.02246294950541617 0.022783752537228221 -0.041722232446858798 
1 -0.4306563873491987 0.25914033866887187 -0.47454489459688387 0.014687662536613726 -0.023568938388050065 0.043160086309098893 

0.060000000000000005 3 0.0055604
1 0.99866286694270878 2.8266110892338535e-05 -5.1761677409894266e-05 -0.044595896657645309 0.00094225286688585941 -0.0017254792893179262 
1 -0.56816805936896764 -0.25890927245344481 0.47412175980664528 0.026967322915658887 0.027356624942717272 -0.050096201798039683 
1 -0.4304948075737362 0.25888100634255218 -0.47406999812923334 0.017628573741986439 -0.028298877809602874 0.051821681087357428 

0.070000000000000007 3 0.00638151
1 0.99817964757210953 3.8474039369836274e-05 -7.0454715970736488e-05 -0.052049476729616316 0.0010993356437593825 -0.0020131335780223959 
1 -0.56787583782869289 -0.2586128056241348 0.47357886161877655 0.031478152541089148 0.031938340508395127 -0.058486364986664999 
1 -0.43030380974341426 0.25857433158476328 -0.47350840690280305 0.02057132418852706 -0.033037676152154215 0.060499498564687226 

0.080000000000000002 3 0.00720644
1 0.99762184507892016 5.0252883628392955e-05 -9.2024458589203597e-05 -0.059512755886858712 0.0012564363720412046 -0.0023008207398380384 
1 -0.56753847113122757 -0.25827047111708928 0.47295196928160732 0.035996538619438967 0.036530414580681569 -0.066895496956654449 
1 -0.43008337394768897 0.25822021823345959 -0.4728599448230153 0.02351621726741935 -0.037786850952722738 0.069196317696492163 

0.089999999999999997 3 0.00861859
1 0.99698935541388212 6.360283329195141e-05 -0.00011647125250986067 -0.066987147566918606 0.0014135570367782813 -0.00258854440983726 
1 -0.5671558781643008 -0.25788215769052075 0.4722408790861285 0.040523592735816433 0.041134382003555285 -0.075326408356391011 
1 -0.42983347724957893 0.2578185548572281 -0.4721244078336162 0.026463554831101799 -0.042547939040333639 0.07791495276622834 

0.099999999999999992 3 0.00975847
1 0.99628206033821542 7.8524096672546456e-05 -0.00014379547919941737 -0.074474076483468266 0.0015706993850370455 -0.0028763077872960038 
1 -0.56672796663576996 -0.2574477386440957 0.47144535901520568 0.045060439572557592 0.045751800158526278 -0.083781951105604782 
1 -0.42955409370244163 0.25736921454742173 -0.47130156353600167 0.029413636910910278 -0.04732249954356358 0.08665825889290063 

0.10999999999999999 3 0.0106125
1 0.99549982730339959 9.5016898223147079e-05 -0.00017399754968230516 -0.081974980120876811 0.0017278648922063476 -0.0031641135739868282 
1 -0.56625463293369993 -0.25696707157791032 0.47056514830223173 0.049608218712667483 0.050384252110847974 -0.092265024156800823 
1 -0.42924519436969566 0.25687205467968449 -0.47039115075254628 0.032366761408209065 -0.052112117003055146 0.095429137730787816 

0.11999999999999998 3 0.0120065
1 0.99464250931588738 0.00011308147564641524 -0.00020707789924616064 -0.089491310259596474 0.0018850547268464508 -0.0034519639098093023 
1 -0.5657357619680885 -0.25643999811942536 0.46959995693107531 0.054168086504877679 0.055033349878090769 -0.10077857948075952 
1 -0.42890674734779893 0.25632691664377666 -0.46939287903182597 0.035323223754718761 -0.05691840460493796 0.10423054339056882 

0.12999999999999998 3 0.0135515
1 0.99370994478635455 0.00013271807664387968 -0.00024303698148881299 -0.097024534536245988 0.0020422697138880981 -0.0037398603053992755 
1 -0.56517122699356681 -0.25586634361702826 0.46854946507491346 0.058741217998872199 0.059700737838291155 -0.10932562830763531 
1 -0.42853871779278607 0.25573362554038404 -0.46830642809342127 0.038283316537373595 -0.061743007552180061 0.11306548861303485 

0.13999999999999999 3 0.0159175
1 0.99270195736318878 0.0001539269552879811 -0.0002818752616746854 -0.10457613804241303 0.0021995102959742403 -0.0040278035713366333 
1 -0.56456088941242377 -0.2552459167987382 0.46741332247124528 0.063328808959814631 0.064388096296160241 -0.11790924765749519 
1 -0.42814106795076179 0.25509198984345061 -0.46713144720956867 0.041247329082598448 -0.066587606592135778 0.12193705122883204 

0.14999999999999999 3 0.0175574
1 0.99161835574975576 0.00017670836799734462 -0.0003235932093645918 -0.11214762496637871 0.0023567764927235405 -0.0043157937435475404 
1 -0.56390459855698172 -0.25457850939437027 0.46619114772999964 0.067932077971994312 0.06909714522727986 -0.12653258719679075 
1 -0.4277137571927736 0.25440180102637616 -0.46586755452063483 0.044215546994384798 -0.071453921720004532 0.13084838094033768 

0.16 3 0.0188284
1 0.9904589335050541 0.00020106256909331136 -0.00036819129027875006 -0.11974052028214109 0.0025140678576800689 -0.0046038300044697325 
1 -0.56320219145049222 -0.25386389571928575 0.46488252757127968 0.072552268642183712 0.073829648221879485 -0.13519887646031414 
1 -0.42725674205455944 0.25366283315019716 -0.46451433628100003 0.04718825163995842 -0.076343716079560725 0.13980270646478252 

0.17000000000000001 3 0.0203965
1 0.98922346882717338 0.00022698980591336185 -0.00041566995734833729 -0.12735637149033663 0.0026713834326969298 -0.0048919105995183032 
1 -0.56245349254543653 -0.25310183221761146 0.46348701598888353 0.077190651914189765 0.078587416651698619 -0.14391143248166524 
1 -0.4267699762817343 0.25287484241170199 -0.4630713460315336 0.050165719576148377 -0.081258800084396357 0.14880334308118237 

0.18000000000000002 3 0.0228424
1 0.98791172431910013 0.00025449031345442183 -0.0004660296409061661 -0.13499675041588455 0.0028287216994824934 -0.0051800327483560249 
1 -0.56165831343806583 -0.25229205696255602 0.46200413333529672 0.081848528507090776 0.083372314085592356 -0.15267366787924111 
1 -0.42625341088103191 0.25203756664910543 -0.46153810369438841 0.053148221908795167 -0.086201035785075861 0.15785370062759535 

0.19000000000000003 3 0.0241244
1 0.98652344673622794 0.00028356430851622926 -0.00051927073796186485 -0.14266325506743219 0.0029860805280175302 -0.0054681925504332495 
1 -0.56081645255789081 -0.25143428911123161 0.46043336532331325 0.086527231490798343 0.088186260982030681 -0.16148909944925335 
1 -0.42570699417833491 0.25115072480271688 -0.45991409458534682 0.056136023576634726 -0.09117234151004909 0.16695729199968423 

0.20000000000000004 3 0.0258353
1 0.98505836671495017 0.00031421198331193823 -0.00057539360050142614 -0.15035751156396768 0.0031434571215273113 -0.0057563848842194067 
1 -0.55992769483066784 -0.25052822831101462 0.45877416193897402 0.091228129013893933 0.093031239689425255 -0.17036135732247731 
1 -0.42513067188427589 0.25021401632770157 -0.45819876833846857 0.059129382550074244 -0.096174696810953877 0.17611774220669488 

0.21000000000000005 3 0.0277412
1 0.98351619848161675 0.00034643349850978922 -0.00063439852274494227 -0.15808117613427344 0.0033008479576677866 -0.0060446032995014132 
1 -0.55899181131329256 -0.2495735540542422 0.45702593625986121 0.095952627200176416 0.097909299788449755 -0.17929419474724681 
1 -0.42452438716831431 0.24922712055572974 -0.456391537737111 0.062128548934096681 -0.1012101477461182 0.18533879804674688 

0.22000000000000006 3 0.0295033
1 0.98189663954111339 0.00038022897566619235 -0.00069628572728984883 -0.16583593719522713 0.003458248725555094 -0.0063328399020706229 
1 -0.55800855879876898 -0.24856992497760885 0.45518806317212962 0.100702173232045 0.10282256381413402 -0.18829149856791591 
1 -0.42388808074233364 0.24818969600193982 -0.45449177744483343 0.065133763963182101 -0.10628081253968967 0.19462433846998545 

0.23000000000000007 3 0.0308454
1 0.98019937034424476 0.00041559848900666246 -0.0007610553500599416 -0.17362351751533686 0.0036156542582361172 -0.0066210852300607557 
1 -0.55697767938938025 -0.24751697810227802 0.45325987797897582 0.10547825864076159 0.10777323339969135 -0.19735730047560099 
1 -0.42322169095486262 0.24710137961326775 -0.45249882262891061 0.068145258874576772 -0.1113888876579284 0.20397838570566004 

0.24000000000000007 3 0.0334125
1 0.97842405393301946 0.00045254205650684803 -0.00082870742397272003 -0.18144567647029938 0.0037730584601615878 -0.0069093281211348194 
1 -0.55589890003577103 -0.24641432801024624 0.45124067489238689 0.11028242282583763 0.11276359588874905 -0.20649578911667663 
1 -0.42252515389724377 0.2459617859537355 -0.45041196746840534 0.071163253644463423 -0.11653665434891108 0.21340511723780906 

0.25000000000000006 3 0.0361764
1 0.97657033556286788 0.00049105963022132973 -0.00089924186122921853 -0.18930421239780218 0.0039304542291839425 -0.0071975555696454354 
1 -0.55477193203965591 -0.24526156595203444 0.44912970539910296 0.11511625682827516 0.11779603146806847 -0.2157113231544133 
1 -0.4217984035232073 0.24477050632180899 -0.44823046353786339 0.074187955569528355 -0.12172648569725286 0.22290887872405674 

0.26000000000000006 3 0.0375285
1 0.97463784230083361 0.00053115108580286969 -0.00097265843412135589 -0.19720096505930731 0.0040878333725576982 -0.0074857525728123965 
1 -0.55359647051735772 -0.24405825888020452 0.44692617649078387 0.11998140738526129 0.12287302087902492 -0.22500844539044804 
1 -0.42104137178347395 0.2435271077943994 -0.44595351805665195 0.077219557674047576 -0.12696085425158277 0.23249419796325749 

0.27000000000000007 3 0.0389366
1 0.97262618259854361 0.00057281621114931426 -0.0010489567542418458 -0.20513781821704871 0.004245186516371127 -0.0077739019648715314 
1 -0.5523721938212941 -0.24280394840260872 0.44462924874715171 0.12487958129716067 0.12799715377317689 -0.23439189806572927 
1 -0.42025398877725073 0.24223113219145681 -0.44358029199290039 0.080258236919889661 -0.13224234028954773 0.24216580003059918 

0.28000000000000008 3 0.0397635
1 0.97053494583879418 0.00061605469410938314 -0.0011281362499707308 -0.21311670233506635 0.0044025030077839752 -0.0080619842380495292 
1 -0.55109876291607052 -0.24149814964854366 0.44223803425968333 0.12981255014141813 0.13317113778538733 -0.24386663947547088 
1 -0.41943618292272833 0.24088209495443175 -0.44110989800970102 0.083304152193648784 -0.13757364079317083 0.25192862371351793 

0.29000000000000009 3 0.0405884
1 0.96836370185447274 0.0006608661091720596 -0.001210196142100565 -0.22113959741373615 0.0045597708093845024 -0.008349977349108046 
1 -0.54977582070555087 -0.24014035004025971 0.43975159438194511 0.13478215537225055 0.13839780840727187 -0.25343786204967683 
1 -0.4185878811489267 0.23947948393108462 -0.43854139823983329 0.086357442041486349 -0.14295757921665581 0.26178783939878292 

0.3000000000000001 3 0.0414064
1 0.96611200041844802 0.00070724990305701162 -0.0012951354174492113 -0.22920853596794599 0.0047169763849129473 -0.0086378565100768846 
1 -0.54840299130684045 -0.23873000796134436 0.43716893729110889 0.13979031384998805 0.14368013975450131 -0.26311101207051918 
1 -0.41770900911161091 0.23802275805828388 -0.43587380187364927 0.089418222117957982 -0.14839711613941262 0.27174886858059516 

0.31000000000000011 3 0.0422304
1 0.9637793707028699 0.00075520537911566064 -0.001382952800294701 -0.23732560615979034 0.0048741045755223969 -0.0089255939616599226 
1 -0.54697987926657665 -0.23726655131252317 0.43448901534329776 0.1448390238496039 0.14902125633386987 -0.27289181122053185 
1 -0.4167994914362958 0.23651134593340428 -0.43310606254299133 0.092486582310185153 -0.15389536090939132 0.28181740518218923 

0.32000000000000012 3 0.0430524
1 0.96136532070636771 0.00080473168044379727 -0.0014736467214505457 -0.24549295509750765 0.0050311384656654421 -0.0092131587276429675 
1 -0.54550606871455454 -0.23574937594430606 0.43171072220339646 0.14993037160458034 0.15442444593039978 -0.28278628018180418 
1 -0.41585925199181345 0.234944644263859 -0.43023707548193391 0.09556258349292418 -0.15945558439606536 0.29199943890944291 

0.33000000000000013 3 0.0438645
1 0.95886933664733387 0.00085582777159704578 -0.0015672152847826001 -0.25371279231327215 0.0051880592376020076 -0.0095005163484641747 
1 -0.54398112244894059 -0.23417784395458974 0.42883288972758016 0.15506653844992879 0.15989317375134504 -0.29280076453688553 
1 -0.41488821419839317 0.23332201618299006 -0.42726567444278518 0.09864625386334093 -0.16508123298894745 0.30230128088534486 

0.34000000000000014 3 0.0446835
1 0.95629088232152348 0.00090849241878993296 -0.0016636562309490857 -0.26198739343340971 0.0053448460134190605 -0.0097876285919167652 
1 -0.54240458094679189 -0.2325512818379015 0.42585428457415575 0.1602498086370345 0.16543109798332153 -0.30294196325742612 
1 -0.41388630137473426 0.23164278941910885 -0.42419062834319415 0.10173758479637039 -0.17077594399674148 0.31272959184933691 

0.35000000000000014 3 0.0457184
1 0.95362939842188421 0.00096272416844766498 -0.001762966898123974 -0.27031910405566989 0.0055014756833387827 -0.010074453138741758 
1 -0.54077596129269212 -0.230868978471266 0.42277360451523138 0.16548257790342391 0.17104208694129727 -0.31321696010787492 
1 -0.4128534371291972 0.22990625430281483 -0.42101063761709395 0.10483652615224039 -0.17654356262463636 0.3232914132466117 

0.36000000000000015 3 0.0468223
1 0.95088430181854833 0.0010185213239668519 -0.0018651441794406106 -0.27871034384939697 0.0056579227189618424 -0.010360943240634392 
1 -0.53909475601755752 -0.2291301829197816 0.41958947441822142 0.17076736289262723 0.17673023801453089 -0.32363325833980794 
1 -0.41178954580099858 0.22811166159581026 -0.41772433023876659 0.1079429809567661 -0.18238816073349223 0.3339942015804383 

0.37000000000000016 3 0.0476482
1 0.94805498479660821 0.0010758819205271683 -0.001970184476866138 -0.28716361089564396 0.0058141589699480479 -0.010647047347919682 
1 -0.53736043183851878 -0.22733410204278853 0.41630044186220183 0.17610681153356658 0.18249989864539853 -0.33419881910892169 
1 -0.41069455295810037 0.22625822012225744 -0.41433025738532131 0.11105679936207366 -0.18831405761534631 0.34484586645683818 

0.38000000000000017 3 0.0484762
1 0.94514081424925078 0.0011348036977801583 -0.0020780836511884808 -0.29568148628569235 0.0059701534424758795 -0.01093270870386169 
1 -0.53557242828970564 -0.22547989787896172 0.41290497234941204 0.18150371450563432 0.18835568961337426 -0.34492210411330682 
1 -0.40956838595955386 0.22434509418117748 -0.41082688869820916 0.11417777178005378 -0.19432584305584985 0.35585481281716591 

0.39000000000000018 3 0.0492992
1 0.94214113082349016 0.001195284070223956 -0.0021888369677657048 -0.30426663899796608 0.0061258720576413735 -0.011217864902236863 
1 -0.53373015623236353 -0.22356668478574487 0.40940144406691531 0.18696101793536926 0.19430253093924532 -0.3558121230299523 
1 -0.40841097459113512 0.22237140071551711 -0.40721260709913443 0.11730562106259239 -0.20042840299688683 0.367029987932185 

0.40000000000000019 3 0.0501142
1 0.93905524801569018 0.0012573200950532731 -0.0023024390376520602 -0.31292183107494848 0.0062812773877550703 -0.011502447404433911 
1 -0.53183299623112934 -0.22159352630514245 0.40578814214715381 0.19248183749408487 0.20034567077534413 -0.36687848641932691 
1 -0.40722225178456944 0.22033620621008554 -0.40348570310948512 0.12043999358085961 -0.20662694816309954 0.3783809338237587 

0.4100000000000002 3 0.0509343
1 0.93588245121368441 0.0013209084372524835 -0.0024188837536754937 -0.32164992312354701 0.0064363283682691824 -0.011786381011926913 
1 -0.52988029678151594 -0.21955943172393344 0.40206325236890267 0.19806947409364131 0.20649071770777389 -0.37813146487811045 
1 -0.40600215443217513 0.21823852328667634 -0.39964436861521152 0.12358044902990288 -0.21292704607604443 0.38991784589003736 

0.42000000000000021 3 0.0517504
1 0.93262199668220136 0.0013860453316757654 -0.0025381642209977152 -0.33045388016428867 0.0065909799828120924 -0.012069583289501636 
1 -0.5278713723715418 -0.21746335229175764 0.39822485423174731 0.20372743141079919 0.21274367696839308 -0.3895820553515642 
1 -0.40475062431066444 0.21607730696007674 -0.39568669001073198 0.12672644875348565 -0.21933465695120807 0.40165163864106712 

0.43000000000000022 3 0.0525665
1 0.92927311048791628 0.001452726541831537 -0.0026602726816391696 -0.3393367778568957 0.0067451829185228383 -0.01235196393409466 
1 -0.52580550135781778 -0.21530417705514732 0.39427091332722836 0.20945943551046495 0.21911099114018021 -0.40124205567431181 
1 -0.40346760913010649 0.21385145051331098 -0.39161064064557255 0.12987734234642634 -0.22585617405870639 0.41359401960840569 

0.44000000000000022 3 0.0533845
1 0.92583498736026315 0.0015209473150588119 -0.0027852004323967489 -0.34830180913216441 0.0068988831885568461 -0.012633424083515825 
1 -0.52368192363362553 -0.21308072825922234 0.39019927291831402 0.21526945688609916 0.22559958604278885 -0.41312414859723057 
1 -0.40215306372664539 0.21155978094415895 -0.38741407248590065 0.13303235224606202 -0.23249846923134909 0.42575757268074704 

0.45000000000000023 3 0.0541975
1 0.92230678948373446 0.0015907023337501886 -0.0029129377355219103 -0.35735229126257118 0.0070520217182736796 -0.012913855558663472 
1 -0.52149983806297784 -0.2107917562613042 0.38600764462506387 0.22116173529357155 0.23221692260955359 -0.4252419967860453 
1 -0.40080695142076572 0.20920105392754884 -0.3830947068895238 0.13619055596899715 -0.23926894432783072 0.43815585234471038 

0.46000000000000024 3 0.0550065
1 0.9186876452171755 0.0016619856622389494 -0.0030434737214589942 -0.36649167340688349 0.0072045338912117302 -0.013193140032101265 
1 -0.51925839965052578 -0.20843593389187121 0.38169359809825204 0.2271408078252013 0.23897105571799343 -0.43761035055335779 
1 -0.39942924556665627 0.20677394822962683 -0.37865012437677226 0.13935086558168008 -0.24617558960920827 0.45080349058546154 

0.47000000000000025 3 0.0558245
1 0.91497664773504883 0.0017347906889270013 -0.0031767962828682769 -0.37572354466704544 0.0073563490504974724 -0.013471148115024617 
1 -0.51695671641234686 -0.20601185018774831 0.37725454954341642 0.23321154075667766 0.24587070111938517 -0.45024517042191814 
1 -0.3980199313227063 0.204277059498816 -0.37407775326052839 0.14251200391036431 -0.25322705016988561 0.46371631853694645 

0.48000000000000026 3 0.0566375
1 0.91117285358545308 0.0018091100631840232 -0.003312891959073941 -0.38505164269896008 0.0075073899508219018 -0.013747738353705454 
1 -0.51459384590680213 -0.20351800340990567 0.37268774893487105 0.23937916580506122 0.25292531183744732 -0.46316376702799433 
1 -0.39657900767865656 0.20170889334671729 -0.36937485697577743 0.14567247689389473 -0.26043270178827405 0.47691150538170135 

0.49000000000000027 3 0.0574524
1 0.90727528115904454 0.0018849356264967548 -0.0034517458099827354 -0.39447986292236265 0.0076575721555364957 -0.014022756125437416 
1 -0.51216879137760773 -0.20095279324320356 0.36799026573164106 0.24564932156606956 0.2601451656820235 -0.47638496137881614 
1 -0.3951064897814478 0.19906785761670182 -0.36453851992163688 0.1488305413562882 -0.26780273783756309 0.49040771750425738 

0.50000000000000022 3 0.0582604
1 0.90328290906268238 0.0019622583372897041 -0.003593341278413703 -0.40401226837886012 0.0078068033727653223 -0.014296032422806552 
1 -0.50968049745284505 -0.19831451205729753 0.36315897287421162 0.25202810106014267 0.26754146586453348 -0.48992926910236595 
1 -0.39360241160984877 0.19635225372000359 -0.35956563159577692 0.15198416731871209 -0.27534826923730149 0.50422530152517608 

0.51000000000000023 3 0.0593834
1 0.89919467439098999 0.0020410681887738664 -0.0037376600396603166 -0.41365310029147395 0.0079549827236920171 -0.01456738251375775 
1 -0.5071278453333562 -0.19560133508604569 0.35819052880078733 0.25852210651788826 0.27512645712548067 -0.50381911310322935 
1 -0.39206682905765572 0.19356026689726663 -0.3544528687611066 0.15513099377358555 -0.28308143984917522 0.51838649561698624 

0.52000000000000024 3 0.0606625
1 0.89500947088864469 0.0021213541191075717 -0.0038846818369750111 -0.42340678938352705 0.0081019999353437039 -0.014836604463399178 
1 -0.50450964739142856 -0.19281130935609936 0.35308135717300848 0.26513851278800044 0.28291356031376053 -0.5180790700079736 
1 -0.39049982349723156 0.19068995523698545 -0.34919667533601573 0.15826827659552459 -0.29101556024910902 0.53291567447136834 

0.53000000000000025 3 0.0618026
1 0.89072614699534569 0.0022031039130724936 -0.0040343843015147856 -0.43327796801960217 0.0082477344492577608 -0.015103477501767619 
1 -0.50182464108541691 -0.1899423411627133 0.34782762394133016 0.27188514106941725 0.29091752902289697 -0.53273615700162813 
1 -0.3889015059099537 0.18773923724963248 -0.34379323963979685 0.16139282695017862 -0.29916526347215278 0.547839634503405 

0.54000000000000026 3 0.0629475
1 0.88634350376504134 0.0022863040943751534 -0.0041867427551215445 -0.4432714832365231 0.0083920544363483632 -0.015367760219826629 
1 -0.49907148207670438 -0.18699218185080363 0.3424252113069019 0.27877054507521543 0.29915463273226878 -0.54782016720100191 
1 -0.38727202168836755 0.18470587775641881 -0.33823846855176193 0.16450093816129088 -0.30754668716861544 0.56318792742084256 

0.55000000000000027 3 0.0640736
1 0.88186029265006438 0.0023709398075840824 -0.0043417299941216573 -0.45339241073778613 0.0085348157070990454 -0.015629188573778954 
1 -0.49624873641230643 -0.18395841160957152 0.33686968804582818 0.28580411225510954 0.30764287197530005 -0.56336406367650538 
1 -0.38561155623779308 0.18158747180197626 -0.33252795805169222 0.16758829848266288 -0.31617768768239146 0.57899325225029596 

0.56000000000000028 3 0.0652196
1 0.87727521314017765 0.0024569946885946783 -0.004499316052118044 -0.46364606993073099 0.0086758605048494978 -0.015887473675302851 
1 -0.49335487160648944 -0.18083842092723371 0.33115627554857224 0.29299618337415928 0.31640223243554677 -0.57940444475994024 
1 -0.38392034153371452 0.17838142623862679 -0.32665695949644052 0.17064988655656135 -0.32507809294038786 0.59529191843526463 

0.57000000000000028 3 0.0663636
1 0.87258691024568447 0.0025444507223859754 -0.0046594679395105462 -0.47403804009166733 0.0088150161684360222 -0.016142299342539614 
1 -0.49038824641787976 -0.17762938927483773 0.32527980878516832 0.30035819461843122 0.3254549866564358 -0.5959820965436452 
1 -0.38219866382782713 0.17508493855243801 -0.32062034084564378 0.17367984547323198 -0.33427000282486591 0.61212439588620349 

0.58000000000000029 3 0.0675056
1 0.8677939718128832 0.0026332880866871645 -0.0048221493572131726 -0.4845741777503067 0.0089520936487271999 -0.016393319383535186 
1 -0.48734709907127693 -0.17432826049015795 0.31923469122754211 0.30790284754438407 0.33482605437912383 -0.61314265274097579 
1 -0.38044687274162958 0.1716949724034551 -0.31441254187031215 0.17667133020591697 -0.34377814802783829 0.62953597212451906 

0.5900000000000003 3 0.0686426
1 0.86289492565916681 0.0027234849800071895 -0.0049873203817375703 -0.49526063539090032 0.0090868858616934365 -0.016640154580336217 
1 -0.48422953361305326 -0.17093171420792919 0.31301484253175699 0.31564431370797619 0.34454343558877687 -0.63093738769261898 
1 -0.37866539204614419 0.16820822922790607 -0.30802752215000911 0.17961632168291397 -0.35363032145045664 0.64757754227295927 

0.60000000000000031 3 0.0697725
1 0.85788823651408574 0.0028150174322974647 -0.0051549371184732946 -0.506103881573298 0.0092191658585120875 -0.016882389338035424 
1 -0.48103350401090544 -0.16743613252245382 0.30661363748969628 0.32359848284247728 0.35463873442485527 -0.64942417576544498 
1 -0.37685473250321866 0.16462111509014132 -0.30145870037120698 0.18250539873079805 -0.3638579002833528 0.66630656510348207 

0.61000000000000032 3 0.0709035
1 0.85277230275169114 0.0029078590963106227 -0.0053249513196185743 -0.51711072258212409 0.0093486847908382936 -0.017119567958719269 
1 -0.47775679550708428 -0.16383756086108889 0.30002383437948088 0.33178326620398624 0.36514779758213822 -0.66866866040995054 
1 -0.37501550724465177 0.16092970176476218 -0.29469888305984387 0.18532745637812417 -0.37449648237295419 0.68578822836866238 

0.62000000000000033 3 0.0723596
1 0.84754545289822503 0.0030019810174873583 -0.0054973099627904859 -0.5282883257164831 0.0094751696467613028 -0.017351190495490436 
1 -0.47439700260010126 -0.16013166177561794 0.29323749034700058 0.34021897046624139 0.37611149825677714 -0.68874568974379768 
1 -0.37314845029816734 0.15712968075811382 -0.2877401803841903 0.18806935525021207 -0.38558666790351143 0.70609688023928852 

0.63000000000000034 3 0.0739515
1 0.8422059418982627 0.0030973513799432508 -0.0056719547858688395 -0.53964424433433877 0.0095983207301112723 -0.017576708136503021 
1 -0.47095150285167203 -0.15631365999973759 0.2862458607936394 0.34892876275785145 0.38757670689379164 -0.70974109421122666 
1 -0.37125443904664762 0.15321630861977778 -0.28057390600774884 0.19071548157645693 -0.39717502762386631 0.72731780234772891 

0.64000000000000035 3 0.0755336
1 0.83675194712120926 0.0031939352258401805 -0.0058488217731019615 -0.5511864447654975 0.0097178088527078311 -0.017795518063334129 
1 -0.4674174254749856 -0.15237827664128034 0.27903927886729446 0.35793925474903393 0.39959750418537326 -0.73175390785887295 
1 -0.36933452164629249 0.14918434141542353 -0.27319045709417217 0.19324719001644106 -0.40931531303805108 0.74954942592221141 

0.65000000000000036 3 0.0775945
1 0.83118156408877175 0.0032916941451060131 -0.0060278405869122207 -0.56292333520149163 0.0098332722058999487 -0.018006957722060155 
1 -0.46379161333264995 -0.14831964972910378 0.27160700996566273 0.36728124411001112 0.41223671179022137 -0.75489917143088636 
1 -0.36738995075618447 0.1450279555839793 -0.26557916937872855 0.19564209109145064 -0.42206998399608853 0.7729061291529431 

0.66000000000000036 3 0.0805774
1 0.82549280190328267 0.003390585932113587 -0.0062089339391978946 -0.57486379665923804 0.0099443128744307573 -0.018210298439351198 
1 -0.46007057651866912 -0.14413123744521916 0.26393707453224136 0.37699066672512377 0.42556784491221911 -0.77931150798463145 
1 -0.3654222253846871 0.14074065151308582 -0.25772814059302929 0.19787312993406941 -0.43551215778661351 0.79752180642396808 

0.67000000000000037 3 0.0821185
1 0.81968357835576178 0.0034905642055437711 -0.0063920168952155279 -0.58701721609440416 0.010050492952438171 -0.01840473830998314 
1 -0.45625043506144763 -0.13980569913604918 0.25601603016089669 0.38710983520609288 0.43967763261030163 -0.80514973815120738 
1 -0.36343314329438559 0.13631513493048414 -0.24962401326567152 0.19990738088825494 -0.44972812556270608 0.82355447646118041 

0.68000000000000038 3 0.0837545
1 0.81375171469175012 0.0035915779872408575 -0.0065769961023684053 -0.59939352170504356 0.010151330218563034 -0.018589394276979313 
1 -0.45232684737487705 -0.1353347474493542 0.24782870082495059 0.39768907246374291 0.45466931356841472 -0.83260291543977916 
1 -0.36142486731695206 0.13174316946209172 -0.24125170472257051 0.20170444924123918 -0.46482064378694615 0.85119230971675597 

0.69000000000000039 3 0.0854385
1 0.80769493001334591 0.0036935712354275946 -0.0067637689354170666 -0.61200322041084221 0.010246293325135105 -0.018763293321914582 
1 -0.44829491976105235 -0.13070896243138344 0.23935783644676831 0.40878889992509587 0.47066700858307386 -0.86189833325670373 
1 -0.35940001025237356 0.1270153911959388 -0.23259406751133996 0.20321432048569263 -0.48091330190818116 0.88066162657861569 

0.7000000000000004 3 0.0870125
1 0.801510835295837 0.0037964823271925121 -0.0069522225487961848 -0.62485743740781508 0.010334796455996741 -0.018925362682177097 
1 -0.44414909030497235 -0.12591755473703894 0.23058367928172727 0.4204830195587218 0.48782161559470233 -0.89331232004857697 
1 -0.35736174499095313 0.12212107240982809 -0.22363145673291868 0.20437441784902344 -0.49815641205067274 0.9122376827307509 

0.71000000000000041 3 0.0886185
1 0.7951969269993483 0.0039002434847172827 -0.0071422328259061266 -0.63796795756843139 0.010416193409912296 -0.019074419016342378 
1 -0.43988297752241373 -0.12094805959226568 0.22148340349375184 0.43286245667154549 0.50631890211297026 -0.92718505837340992 
1 -0.35531394947702633 0.11704781610753101 -0.21434117066783498 0.20510550089681909 -0.51673509552285102 0.94625947738975369 

0.72000000000000042 3 0.0901635
1 0.78875058025892086 0.0040047801393118558 -0.0073336632145164157 -0.65134726826152856 0.010489771073635926 -0.019209156451879414 
1 -0.4354891794873057 -0.11578593468994869 0.2120303788112522 0.44604144164439657 0.52639084285371995 -0.96394134669235187 
1 -0.35326140077168167 0.1117811545506161 -0.20469671559672648 0.20530582661708227 -0.536880613927323 0.98315050314424757 

0.73000000000000043 3 0.0925605
1 0.78216904164209844 0.0041100102270318333 -0.0075263634368824134 -0.66500860286950769 0.010554742263755969 -0.019328133476938708 
1 -0.43095900174529145 -0.11041402186710629 0.20219318473566208 0.46016596928411424 0.5483318770311244 -1.004120370168688 
1 -0.35121003989687183 0.1063040116400534 -0.19466682129877408 0.2048426335853912 -0.55888661929480654 1.0234485036456811 

0.74000000000000044 3 0.0947304
1 0.77544942147259599 0.0042158434095724605 -0.0077201680630231122 -0.67896598382916939 0.010610237944644708 -0.019429758689644208 
1 -0.4262820800533077 -0.10481181073006449 0.19193426207163103 0.47542661295954675 0.57252285068060293 -1.0484195445066238 
1 -0.34916734141937811 0.10059596732047743 -0.18421409400859851 0.20353937086962431 -0.58313308862517155 1.0678493031963372 

0.75000000000000044 3 0.0987263
1 0.76858868573328787 0.0043221802144340028 -0.0079148949361683724 -0.69323426332609339 0.010655298880072927 -0.019512275510308433 
1 -0.42144584293505721 -0.098954405856872457 0.18120802163976785 0.49207835060701749 0.59946738811332057 -1.0977611203556554 
1 -0.34714284279833391 0.094632225642431386 -0.17329312670357686 0.20115591271906136 -0.61012268699327377 1.1172733958660843 

0.76000000000000045 3 0.10025
1 0.76158364758566877 0.0044289110893240748 -0.0081103434411572851 -0.70782915867890994 0.010688866863790714 -0.019573746122631106 
1 -0.41643472132021803 -0.092811035021897026 0.16995811249661169 0.51047245097704075 0.62984920120282484 -1.1533971296479588 
1 -0.34514892626558918 0.088382123932567461 -0.16184776905542364 0.19735670770185529 -0.64053806806645686 1.1729708757707238 

0.77000000000000046 3 0.101772
1 0.75443095858096942 0.0045359153679172034 -0.0083062926105028877 -0.72276727768604254 0.010709775827340076 -0.019612035190070716 
1 -0.41122894139197302 -0.086342817470997077 0.15811333513895764 0.53111018670184118 0.66462642359929114 -1.2170821329989818 
1 -0.34320201718917043 0.081806902103075702 -0.14980704252842175 0.19165709098418593 -0.67533619942653444 1.2366941681892825 

0.78000000000000047 3 0.103305
1 0.74712709969794788 0.0046430601482858299 -0.008502499070553839 -0.73806612626467782 0.01071674339422852 -0.019624794389629312 
1 -0.4058025940946432 -0.07949927957259964 0.14558126086852519 0.55473856725801418 0.70519538493394907 -1.2913731275208431 
1 -0.34132450560347072 0.074856219424310297 -0.13707876179793346 0.18332755900664965 -0.71591212832809881 1.3109979219107251 

0.79000000000000048 3 0.105272
1 0.73966837244313377 0.0047501990932415378 -0.0086986948446367562 -0.7537440855755716 0.010708363943844104 -0.019609449710293395 
1 -0.40012036626070974 -0.072212617943119645 0.13223772626991104 0.58253341768677847 0.75369448229054392 -1.3801860045948431 
1 -0.33954800618265762 0.067462418849852893 -0.12353903142522088 0.17121066788881231 -0.7644028462342487 1.3997954543052789 

0.80000000000000049 3 0.10806
1 0.73205089042034788 0.0048571711766467358 -0.0088945850572741993 -0.76982033629581625 0.010683105195262535 -0.019563195197215898 
1 -0.39413158488375 -0.064387588418997083 0.11790831761891811 0.61648276103014188 0.81361834619197848 -1.4899202274680432 
1 -0.3379193055367869 0.05953041724233249 -0.1090137325615953 0.15333757526576525 -0.82430145138698108 1.5094834226654026 

0.8100000000000005 3 0.110596
1 0.72427057208110879 0.0049637994283837387 -0.0090898456359388268 -0.78631468850406727 0.010639312272028445 -0.019483000395258371 
1 -0.38775825185823365 -0.055881992567519592 0.10233263724612568 0.66029387819806618 0.89121015119443514 -1.6320084685955472 
1 -0.33651232022339883 0.050918193139131582 -0.093242791610114784 0.12602081030596446 -0.90184946346678829 1.6514914689902049 

0.82000000000000051 3 0.114958
1 0.71632313597270536 0.0050698897894158974 -0.0092841212143830714 -0.80324723224511341 0.010575227693413226 -0.019365646957495049 
1 -0.3808674384560482 -0.04646387102660858 0.085085914806519697 0.72194923916674514 0.99917958189809886 -1.8297250509548078 
1 -0.33545569751701948 0.041393981237204801 -0.075801793592081279 0.08129799307856056 -1.0097548095918791 1.8490906979118706 

0.83000000000000052 3 0.118117
1 0.7082041011248007 0.0051752303228835596 -0.0094770236880273792 -0.82063760733682023 0.010489047961955905 -0.019207832269958241 
1 -0.37319229869315368 -0.035697032933315241 0.065369385630173998 0.82321398358747866 1.1695568936524923 -2.1417246565096963 
1 -0.33501180243064793 0.030521802610395107 -0.055892361941983597 -0.0025763762508274773 -1.1800459416126514 2.1609324887759671 

0.84000000000000052 3 0.187917
1 0.6999087988317394 0.0052795914046354945 -0.0096681325628595379 -0.83850327329475083 0.010379082312432269 -0.019006460156995628 
1 -0.36399321798782613 -0.022499442326677298 0.041201595792761031 1.0609144353066444 1.5271132379427146 -2.7964916394748633 
1 -0.33591558084154549 0.017219850922072438 -0.031533463229769763 -0.22241116201294375 -1.5374923202536239 2.8154980996302017 

0.85000000000000053 3 52.8443
1 0.69143241788509591 0.0053827292938272518 -0.0098570014939074989 -0.8568528661389746 0.010244515208962291 -0.018760037186908763 
1 -0.34159015139867965 -0.0068534525171488406 0.012550230192334687 1.6694758771062821 -3.3829361640715567 6.194925474213183 
1 -0.34984226648202821 0.00147072322331899 -0.0026932286982719136 -0.81262301097407608 3.3726916488712146 -6.1761654370591152 

0.86000000000000054 3 54.0621
1 0.68277027292332704 0.0054844204601497059 -0.010043221146358569 -0.87564430084334854 0.010091288487519891 -0.018479444212647658 
1 -0.33462165968050939 -0.026425932908936533 0.048391893023733576 0.48329610049680161 -1.4608527282841297 2.6751535771337069 
1 -0.34814861323773899 0.020941512448922197 -0.038348671877481783 0.39234820033654977 1.4507614398094524 -2.6566741329446897 

0.87000000000000055 3 54.0983
1 0.67391818440755547 0.0055845117061048364 -0.010226510980752874 -0.8948407164502743 0.0099249888275725288 -0.018174911714873326 
1 -0.33017804022425284 -0.039281574383202136 0.07193349623293642 0.42064295621112396 -1.1533565862908957 2.1120582094239495 
1 -0.3437401441787003 0.033697062677400691 -0.061706985252414456 0.47419776023073934 1.1434315974735978 -2.0938832977290764 

0.88000000000000056 3 54.101
1 0.66487210313338507 0.0056828837869238895 -0.010406652632821728 -0.91444397155543555 0.009747737509358782 -0.017850324240167109 
1 -0.32606611923842571 -0.049958142618571219 0.091484720770081573 0.40522291665102911 -0.99518793598687294 1.8224154395110643 
1 -0.33880598389080313 0.044275258832176437 -0.081078068137829681 0.50922105489520364 0.98544019848548359 -1.8045651152925748 

0.89000000000000057 3 54.1033
1 0.65562791872077897 0.0057794349948116497 -0.010583459852432728 -0.93446321661275455 0.009561041008928883 -0.017508440488774649 
1 -0.32203106640731843 -0.059363359719301144 0.10870781224508204 0.40310776007018484 -0.89197641086861068 1.6334116643349066 
1 -0.33359685230934794 0.053583924725091887 -0.098124352393399963 0.53135545653360938 0.88241536986759472 -1.615903223867599 

0.90000000000000058 3 54.105
1 0.64618140996964413 0.005874077414162928 -0.010756771646136108 -0.9549111942066234 0.0093661839591897191 -0.017151612915708183 
1 -0.31798566863074257 -0.067888907315125757 0.12432002879946401 0.40661275279574571 -0.81657389437283123 1.4953325083572211 
1 -0.32819574133501128 0.062014829901651559 -0.11356325715428338 0.54829844140201378 0.80720771042147521 -1.478180895463221 

0.91000000000000059 3 54.1068
1 0.63652821497837486 0.0059667354683351726 -0.010926449615903885 -0.97580319931667592 0.009164364822646074 -0.01678203617836169 
1 -0.31388920449589119 -0.075749276154317924 0.13871415177342039 0.41304347724618679 -0.75766927522889493 1.3874647544337151 
1 -0.32263901047883686 0.069782540686757752 -0.12778770215869656 0.56275972206158265 0.7485049104141176 -1.3706827182773496 

0.9200000000000006 3 54.1085
1 0.62666380803109112 0.006057345447636934 -0.011092377094806852 -0.99715665423441657 0.0089567679866647421 -0.016401879159367874 
1 -0.30971903696806397 -0.083077981684661906 0.1521346783163087 0.42122057882378727 -0.709547007869747 1.2993419387840688 
1 -0.31694477105945468 0.07702063623787718 -0.14104230122293032 0.57593607540163372 0.70059023989104052 -1.2829400596469418 

0.9300000000000006 3 54.1103
1 0.61658347940078295 0.0061458556248480869 -0.011254459358538204 -1.0189909188178572 0.0087446126774657663 -0.01601337453920864 
1 -0.30546097032630715 -0.089965158609769974 0.16474666556925824 0.43055272703863384 -0.66894639076245099 1.2249929753426827 
1 -0.31112250907091438 0.083819302985852717 -0.15349220621237258 0.58843819176999224 0.66020177809298641 -1.2089796008257188 

0.94000000000000061 3 54.1121
1 0.60628231642497277 0.0062322268062505928 -0.011412624634486303 -1.0413272137471303 0.0085291925867897137 -0.015618891361679797 
1 -0.30110522810563289 -0.096475162631032618 0.17666796345744326 0.44071543219561365 -0.63384364287172135 1.1607118607791431 
1 -0.30517708831583062 0.090242935825794041 -0.16525533882482546 0.60061178154230133 0.62531445029290678 -1.1450929694398095 

0.95000000000000062 3 54.1139
1 0.59575518500805202 0.0063164332600200487 -0.011566825801828912 -1.0641886062823951 0.0083119124503664883 -0.01522100201737191 
1 -0.29664453215743258 -0.10265585722537782 0.18798622089235609 0.45151936598772685 -0.60290183256134511 1.1040503692186026 
1 -0.299110652847138 0.096339423966442794 -0.17641939509263246 0.61266924028548897 0.5945899201189393 -1.0888293672235865 

0.96000000000000063 3 54.1154
1 0.58499671106165463 0.0063984640102275926 -0.011717042761144675 -1.0876000340280769 0.0080943250468497874 -0.014822549997137712 
1 -0.29207309129337511 -0.10854395121962954 0.19876866008437666 0.46284955128678307 -0.5751939952690307 1.0533110177343985 
1 -0.292923619764833 0.10214548721056448 -0.18705161732555681 0.62475048273210476 0.56709967023017971 -1.0384884677595003 

0.97000000000000064 3 54.1169
1 0.57400126157653308 0.0064783245130182795 -0.011863285503876598 -1.1115883531241468 0.0078781709802062585 -0.014426722742693068 
1 -0.28738602763451726 -0.11416827110758372 0.20906806889943091 0.47463466060065129 -0.55005191387467034 1.0072701488112088 
1 -0.28661523393862681 0.10768994659580107 -0.19720478339810221 0.63695369251435541 0.54217374290241038 -0.99284342609078302 

0.98000000000000065 3 54.1184
1 0.56276292512759052 0.0065560387527088849 -0.012005597950762463 -1.1361824022093931 0.0076654231910319405 -0.014037133156962417 
1 -0.28257903121518768 -0.11955187091960838 0.21892666451016002 0.4868303996309124 -0.52697807679957465 0.96501670560325048 
1 -0.28018389390911747 0.11299583216821564 -0.20692106656217055 0.64935200256940495 0.51931265361648349 -0.95097957246857068 

0.99000000000000066 3 54.1195
1 0.5512754916880841 0.0066316518143945584 -0.01214406266286472 -1.1614130756584791 0.0074583380636868485 -0.013657913192862456 
1 -0.27764814140085342 -0.12471344852872286 0.22837868697438096 0.49940999695918126 -0.50559170063518299 0.9258533870903769 
1 -0.27362735028404234 0.11808179671572321 -0.2162346243145134 0.66200307869021058 0.49813336257943386 -0.91219547391978484 

1.0000000000000007 3 54.1207
1 0.53953243168920806 0.0067052330088076539 -0.01227880656389726 -1.1873134002509889 0.0072595151198747536 -0.013293823165824665 
1 -0.27258960248188335 -0.12966832798707403 0.23745219811662713 0.51235850332444777 -0.48559418875213839 0.88923339493645381 
1 -0.26694282920423928 0.12296309497973991 -0.22517339155594926 0.67495489691745891 0.4783346736402026 -0.87593957179290871 

1.0100000000000007 3 54.1218
1 0.52752687432135548 0.0067768796463278354 -0.012410007851296126 -1.2139186091021847 0.0070719675623002369 -0.012950380935272853 
1 -0.26739976456474407 -0.13442915929714339 0.2461703629683368 0.52566923667974774 -0.46674620923410259 0.85471845797308932 
1 -0.26012710975362263 0.12765227965236942 -0.23376035512048143 0.68824937241333572 0.45967424167973986 -0.84176807706008916 

1.0200000000000007 3 54.123
1 0.51525158513947023 0.0068467215816010989 -0.012537904318449986 -1.2412662055432817 0.0068992063390591564 -0.012634015845641618 
1 -0.2620750131846929 -0.13900642782005079 0.25455238261032509 0.5393414850960796 -0.44885199596627473 0.8219500839223135 
1 -0.25317657195188026 0.13215970624007808 -0.24201447829553799 0.70192472043809007 0.44195278963514784 -0.80931606809893775 

1.0300000000000007 3 54.1246
1 0.50269894311742003 0.0069149266795403607 -0.01266280336419077 -1.2693960076880517 0.006745340944887818 -0.012352253316387531 
1 -0.25661171777815595 -0.14340883154602119 0.26261418504083112 0.55337896997247038 -0.4317482907526895 0.79062930989865809 
1 -0.24608722533646138 0.13649390486818927 -0.24995138168053041 0.71601703770649083 0.42500294981573133 -0.77827705660453983 

1.0400000000000007 3 54.1261
1 0.48986091740243892 0.0069817073890051156 -0.012785094030696217 -1.2983501615294732 0.0066152008758844569 -0.012113937253205269 
1 -0.25100619299358201 -0.14764356414194668 0.27036894349993928 0.56778877790436966 -0.41529635203804677 0.76050206856131164 
1 -0.23885472440614053 0.14066185675472906 -0.25758384947335616 0.73056138361601108 0.40868115117008769 -0.74838813133037219 

1.0500000000000007 3 54.1277
1 0.47672904416144724 0.007047328653863468 -0.012905261490443394 -1.3281731063466207 0.0065144825348273719 -0.011929499065076076 
1 -0.24525466911762198 -0.15171652911481764 0.27782746865153918 0.58258058229408682 -0.39937603832773327 0.73134835351069793 
1 -0.2314743750412035 0.14466920046282031 -0.26492220716543763 0.74559252404341358 0.3928615558008296 -0.71941885446789855 

1.0600000000000007 3 54.1292
1 0.46329440409983014 0.0071121174443801683 -0.013023904500347048 -1.3589114706180208 0.0064499274757345276 -0.011811284070592195 
1 -0.23935326933607187 -0.15563250239758458 0.28499850631502421 0.5977660391381624 -0.3838813229984388 0.70297400588664016 
1 -0.22394113476122024 0.14852038495514569 -0.27197460181923988 0.76114543147074143 0.37743139553063199 -0.69116272183832506 

1.0700000000000007 3 54.1308
1 0.44954760148715145 0.00717647425722206 -0.013141756460886634 -1.3906138690467129 0.0064295392127656425 -0.011773948524364595 
1 -0.23329799250807259 -0.15939525538983179 0.29188896278073684 0.61335827734620185 -0.36871681227130437 0.67520433798528634 
1 -0.21624960897662929 0.15221878113462717 -0.27874720632463601 0.77725559169139102 0.3622872730664673 -0.66343038948319499 

1.0800000000000007 3 54.1323
1 0.43547874586723201 0.0072408870124513417 -0.013259710864660672 -1.4233305610454428 0.0064628474316882545 -0.01183494344830421 
1 -0.2270847008188227 -0.16300764693548409 0.29850407324206907 0.62937142382947442 -0.35379497452231029 0.64787905949634761 
1 -0.20839404504605968 0.1557667599251342 -0.28524436238242185 0.79395913720683986 0.34733212709854538 -0.63604411607032119 

1.0900000000000007 3 54.1333
1 0.4210774380918525 0.0073059478735547651 -0.013378852097684706 -1.4571129172284445 0.0065612303517382743 -0.012015104949502607 
1 -0.22070911221742384 -0.16647169027605366 0.30484752440209001 0.64582011350782997 -0.33903387788321837 0.6208481345358603 
1 -0.20036832587217121 0.1591657424046809 -0.29146867230964091 0.8112928037115047 0.33247264753939548 -0.60883302960864361 

1.1000000000000008 3 54.1343
1 0.40633276294008841 0.0073723736347952014 -0.013500492773269935 -1.4920126219574315 0.0067383081820473704 -0.012339374728430165 
1 -0.21416679802447711 -0.16978859930335335 0.31092153917276949 0.66271893756762879 -0.32435529243788142 0.59396830633610387 
1 -0.19216596491345234 0.16241622567081815 -0.29742104640496075 0.82929368438068518 0.31761698426375057 -0.58162893162996943 

1.1100000000000008 3 54.1354
1 0.39123329142235452 0.0074410304615513496 -0.013626219037210521 -1.5280805153107595 0.0070104230289531203 -0.012837678898364447 
1 -0.20745318656600883 -0.17295881721551942 0.31672692915069273 0.68008178146283738 -0.30968305429659782 0.56710010149359025 
1 -0.18378010485427143 0.16551778675630915 -0.30310071011917383 0.84799873383881375 0.30267263127556082 -0.5542624226175229 

1.1200000000000008 3 54.1364
1 0.37576709699032235 0.0075129639351764815 -0.013757945586754208 -1.5653649451407323 0.0073972230515649395 -0.013545997707080103 
1 -0.200563574202409 -0.17598202980827651 0.32226311895638182 0.69792099812585606 -0.29494161844881095 0.5401051799133384 
1 -0.17520352278593007 0.1684690658755226 -0.30850517337554234 0.86744394700578098 0.28754439540517107 -0.52655918222855513 

1.1300000000000008 3 54.1374
1 0.35992179137268326 0.0075894355428051969 -0.013897982491735452 -1.6039094569402483 0.007922370737224297 -0.014507662550296741 
1 -0.19349314571228513 -0.17885716502132001 0.32752814540359548 0.71624635201956266 -0.28005475028628329 0.51284393869011435 
1 -0.16642864565849727 0.17126772948102123 -0.31363016291799933 0.88766310491158729 0.27213237955698066 -0.49833627616211296 

1.1400000000000008 3 54.1384
1 0.34368458774569499 0.0076719669573894339 -0.014049116281392928 -1.6437495936250714 0.008614396118027166 -0.015774918405170972 
1 -0.18623700669930415 -0.1815823799592578 0.33251863373175844 0.73506365623533099 -0.26494432555496239 0.48517331454751061 
1 -0.15744758104458709 0.17391041300445156 -0.31846951745672591 0.90868593738064718 0.25632992944485822 -0.46939839616463819 

1.1500000000000008 3 54.1394
1 0.32704240156636805 0.0077623936566174334 -0.014214708132804024 -1.6849085067662188 0.0095077142072556558 -0.017410786987792363 
1 -0.17879023154867038 -0.18415503640151823 0.33722975275899614 0.75437300819003461 -0.24952922816783252 0.45694476548252738 
1 -0.1482521700159796 0.17639264274756056 -0.32301504463278213 0.93053549856710027 0.24002151396850521 -0.43953397851704223 

1.1600000000000008 3 54.1404
1 0.30998200280077731 0.007862929595571418 -0.014398812301228827 -1.7273909940324588 0.010643819540304361 -0.019491254229285406 
1 -0.17114793149786256 -0.1865716658179995 0.34165515081789655 0.77416651055399877 -0.23372435760165503 0.42800245308328266 
1 -0.13883407130128739 0.17870873622516775 -0.32725633852347574 0.95322448346937561 0.2230805380692818 -0.40851119887630183 

1.1700000000000008 3 54.1414
1 0.29249023762961734 0.0079762447104809887 -0.014606318047109218 -1.7711754761987819 0.012072655536782459 -0.022107777889241863 
1 -0.16330534861615689 -0.18882792515798594 0.34578687479487535 0.79442534506511198 -0.21743978548966847 0.3981816980584521 
1 -0.12918488901192637 0.18085168045032501 -0.3311805567547963 0.9767501311245872 0.20536712996081991 -0.37607392019152053 

1.1800000000000008 3 54.1424
1 0.2745543431205697 0.0081055568730022069 -0.014843118025265617 -1.8162033188209561 0.013854126194831366 -0.025370055811814216 
1 -0.15525798288987427 -0.19091854525087229 0.34961527564021755 0.8151160524003449 -0.20058013778848047 0.36730784884432177 
1 -0.11929636022925057 0.18281298838076862 -0.33477215762221391 1.0010872664115358 0.18672601160157745 -0.34193779305482125 

1.1900000000000008 3 54.1438
1 0.25616238480611242 0.0082547393411406527 -0.015116305051974773 -1.8623648085288169 0.016059662847304201 -0.029408895012592699 
1 -0.14700176110181795 -0.19283727465481174 0.35312890554218956 0.8361858697916571 -0.18304432795662567 0.33519579299406826 
1 -0.10916062370294628 0.18458253531665081 -0.33801260049769988 1.0261789387280968 0.16698466511725316 -0.30578689800378683 

1.2000000000000008 3 54.1453
1 0.23730385427771689 0.0084284434540915446 -0.015434396787124979 -1.9094810538941567 0.018773665765733718 -0.034378851583326514 
1 -0.13853325757656046 -0.19457682335133078 0.3563144148190498 0.85755700434725146 -0.16472583077791916 0.30165045861055079 
1 -0.098770596699898947 0.18614837990029878 -0.34088001803963042 1.0519240495378293 0.14595216502011688 -0.26727160704953584 

1.2100000000000009 3 54.1469
1 0.21797047089475885 0.0086322338278379436 -0.015807583308104261 -1.957281175009296 0.022094491912273119 -0.040460039490365654 
1 -0.12984997775035917 -0.19612881296746187 0.35915646076444674 0.87911979785051109 -0.14551376632797508 0.26646879933555812 
1 -0.088120493143236375 0.18749657914276077 -0.34334887746427006 1.078161377149689 0.12341927442363106 -0.22600875986750876 

1.2200000000000009 3 54.1489
1 0.19815723654644621 0.0088727289790781934 -0.016247984624189513 -2.0053745096282771 0.026134438212135309 -0.047858099942691308 
1 -0.12095071523430927 -0.1974837433494564 0.36163764643631591 0.9007249032832968 -0.12529515387962553 0.22944392176323228 
1 -0.077206521311064508 0.18861101437359351 -0.34538966182027964 1.1046496063358748 0.099160715675418079 -0.18158582184285335 

1.2300000000000009 3 54.1505
1 0.17786379142038483 0.0091577333459117276 -0.016769892436452574 -2.0532184063498273 0.031017866036778526 -0.056800766894093545 
1 -0.11183599048343769 -0.19863098934599466 0.36373851476619284 0.9221748902562712 -0.10395877929167446 0.19037216750837463 
1 -0.066027800935965192 0.18947325600338252 -0.34696862233811426 1.1310435160844547 0.072940913262822607 -0.13357140063658915 

1.2400000000000009 3 54.1522
1 0.15709610577719008 0.0094963363466596517 -0.017389951536981873 -2.1000837774208354 0.036876251292428081 -0.067528802629529303 
1 -0.10250857279467789 -0.19955884635271476 0.36543763196158452 0.94321617336371855 -0.081401159229687062 0.14906403505113727 
1 -0.054587532981619197 0.19006251000943408 -0.34804768043320006 1.1568676040480135 0.0445249079451858 -0.081535232443913169 

1.2500000000000009 3 54.1539
1 0.13586850872978384 0.0098989402535591929 -0.018127210851960448 -2.1450232312574253 0.043838623746412314 -0.080278489997325758 
1 -0.092974075182446797 -0.20025464777658397 0.36671180261000741 0.96353283691010094 -0.057535014311153591 0.10535969599279278 
1 -0.042894433546536742 0.19035570752649017 -0.34858459176685508 1.1814903943380382 0.013696390572669356 -0.025081206017770068 

1.2600000000000009 3 54.1554
1 0.11420598877331752 0.010377162675249093 -0.019002944864919515 -2.1868503884433808 0.052015808561224605 -0.095252775074216658 
1 -0.083241591879279417 -0.20070498051443017 0.36753646426903824 0.98274475550299056 -0.032300381595927762 0.059149344552983749 
1 -0.030964396893338939 0.19032781784271524 -0.34853351941313965 1.2041056329309867 -0.019715426957365449 0.036103430498932283 

1.2700000000000009 3 54.1566
1 0.092146592784782294 0.010943545909451629 -0.020040121375398491 -2.2241433898311183 0.061477504499609384 -0.11257929214589719 
1 -0.073324320227125372 -0.20089602313523328 0.36788630675521616 1.0004131657255366 -0.0056778935807955304 0.010397514428696894 
1 -0.018822272557052884 0.18995247722939457 -0.34784618538905587 1.2237302240961156 -0.055799610910882334 0.10218177769490114 

1.2800000000000009 3 54.1581
1 0.069743601495299248 0.011611003605069566 -0.021262388211400501 -2.2552889246311345 0.072223036093673865 -0.13225680427703046 
1 -0.063240075327435447 -0.20081402212392979 0.36773614425457751 1.0160570742036596 0.022297230563051221 -0.040831300067958397 
1 -0.0065035261673595489 0.18920301852255683 -0.34647375605263692 1.2392318504179904 -0.094520266648787765 0.17308810432268157 

1.2900000000000009 3 54.1596
1 0.047066996033844247 0.012391958769552293 -0.022692494724841718 -2.278582056879038 0.084149900674471173 -0.15409760576930373 
1 -0.053011575491025906 -0.2004459008997693 0.36706203057385839 1.029182923685902 0.051523173625688166 -0.094350648470022822 
1 0.005944579457589293 0.18805394213400142 -0.34436953585870983 1.2493991331837109 -0.13567307429222356 0.24844825421702166 

1.3000000000000009 3 54.1611
1 0.024203616480725835 0.013297189262048292 -0.024350177626958791 -2.2923875882284128 0.097028446672561719 -0.17768115237099039 
1 -0.042666364477618859 -0.19977996368110273 0.36584254807698319 1.0393271807687756 0.081825240024680654 -0.14984062343625748 
1 0.018462747997205296 0.18648277442292344 -0.34149237045993602 1.2530604074501985 -0.17885368668931226 0.32752177578494485 

1.3100000000000009 3 54.1625
1 0.0012554481828760504 0.014334498024631735 -0.026249725879259962 -2.2953486091109863 0.11049413408907184 -0.20233988843934339 
1 -0.032236261190248909 -0.19880661697306778 0.36406012889302497 1.0461070283809633 0.11295918979104255 -0.20685396603763373 
1 0.030980813007587697 0.18447211895239168 -0.33781040302391357 1.2492415807205208 -0.22345332387217873 0.40919385445468304 

1.320000000000001 3 54.1639
1 -0.021664255230050888 0.015507438780489231 -0.028397647157096251 -2.2866018188030881 0.12406764176182655 -0.22719606791768673 
1 -0.021756300444938245 -0.19751899867959918 0.36170220696354277 1.0492695247076458 0.14462654658545554 -0.26484409821646654 
1 0.043420555675110668 0.18201155990315834 -0.33330455981682594 1.2373322940859861 -0.26869418833936065 0.49204016611185275 

1.330000000000001 3 54.1652
1 -0.044436791855411648 0.016814397644071201 -0.030790986068992415 -2.2659404098785374 0.13720541806873249 -0.25125432416978988 
1 -0.01126324069623974 -0.19591339625706777 0.35876198377680157 1.0487270307531964 0.17650100866897234 -0.32321348728017579 
1 0.055700032551678859 0.17909899861712 -0.32797099771843213 1.2172133791158006 -0.31370642672978821 0.57446781142767256 

1.340000000000001 3 54.1666
1 -0.066944960012659385 0.018248297604440949 -0.033416782998451126 -2.233869690036586 0.14937107426080484 -0.27353240740905027 
1 -0.00079383052553040417 -0.19398936336249883 0.35523864197730853 1.0445687963426231 0.20826128361017066 -0.38137377371752029 
1 0.067738790538117669 0.17574106576226467 -0.32182185898971688 1.189300893684393 -0.3576323578630648 0.65490618110428123 

1.350000000000001 3 54.1679
1 -0.08907991440131191 0.019797041281919475 -0.036252884892051994 -2.1915330515094693 0.16010793034065463 -0.2931940327006623 
1 0.0096169040586084158 -0.19174950539786795 0.35113695264864508 1.0370453768151702 0.23962322239155009 -0.43880461605540372 
1 0.079463010342538581 0.17195246412023435 -0.31488406776766026 1.1544876746847061 -0.39973115272429061 0.73199864873377096 

1.360000000000001 3 54.1695
1 -0.11074671344115547 0.021444595730472527 -0.03926993177934205 -2.1405316735184146 0.16909189757331136 -0.30964571986562806 
1 0.019937098806736171 -0.18919897633388766 0.34646635388327107 1.026530987950474 0.27036448861753137 -0.49509886578907414 
1 0.090809614634156405 0.16775438060778405 -0.30719642211519843 1.1140006855583351 -0.4394563861829181 0.80474458563240925 

1.370000000000001 3 54.1715
1 -0.13186776272287393 0.023172452376365015 -0.042434030252541763 -2.0826948835820507 0.17615269779054327 -0.32257565085271972 
1 0.030139048167009869 -0.18634478369115726 0.34123967804511129 1.0134747611111397 0.30033794657277546 -0.54998708396170559 
1 0.10172871455549944 0.16317233131923059 -0.29880564780403662 1.0692201224612001 -0.47649064435540001 0.87256273479211544 

1.380000000000001 3 54.1736
1 -0.15238397874291784 0.024961139485328025 -0.045709523137880355 -2.0198630459155815 0.18126426839722373 -0.33193609912302102 
1 0.040199709556991453 -0.18319501740768404 0.33547173965048344 0.99835274532128604 0.32947379002777005 -0.60334143949152241 
1 0.11218426918546795 0.15823387792687785 -0.2897622165242757 1.0215103005847268 -0.51073805841709441 0.93527753859223384 

1.390000000000001 3 54.1756
1 -0.17225403097405809 0.026791525224944702 -0.049061375699178837 -1.9537249689128871 0.18451461020266255 -0.33788821417180998 
1 0.050100768937642579 -0.17975810234476292 0.32917796653637116 0.9816291843206133 0.35777331699094922 -0.65516430932711733 
1 0.12215326203585276 0.15296657712440265 -0.28011659084909984 0.97209578458263213 -0.54228792718573382 0.99305252347661033 

1.400000000000001 3 54.1777
1 -0.19145229892964602 0.02864577045707966 -0.052456920417475857 -1.8857236423546699 0.18606790267830878 -0.34073264594948249 
1 0.059828382675491946 -0.17604213815198333 0.32237319100326445 0.96373071719352732 0.38529835086435665 -0.70556890617773738 
1 0.13162391625348172 0.1473963676995593 -0.26991627059791662 0.92199292515151177 -0.57136625353480608 1.0463015521048771 

1.410000000000001 3 54.1794
1 -0.20996620096562063 0.030507907745738066 -0.055866917286107563 -1.8170223234908127 0.18612891961022654 -0.34084438182862459 
1 0.069372725551968772 -0.17205435127151572 0.3150706463102716 0.94503309560076454 0.41215990905762517 -0.75475852816830213 
1 0.14059347541286876 0.14154644353051654 -0.2592037290365295 0.87198922788044197 -0.59828882865997524 1.0956029099746341 

1.420000000000001 3 54.1807
1 -0.22779341186051424 0.032364100107208901 -0.059266027641050385 -1.7485129355132689 0.18491506912492511 -0.33862154553253759 
1 0.078727458025688687 -0.16780065308257464 0.30728115753709656 0.92585779142747515 0.43850862505967325 -0.803009019474625 
1 0.14906595383393545 0.13543655298018686 -0.24801512990864288 0.82265514407625873 -0.62342369417669063 1.1416305649847993 

1.430000000000001 3 54.1821
1 -0.2449392971272881 0.034202664984933663 -0.062632858064348693 -1.6808481946499325 0.18263736746986958 -0.33445055580028726 
1 0.087889195673935841 -0.16328527880734239 0.29901248033872874 0.90647531156737171 0.46452833406542282 -0.85065702414691247 
1 0.15705010145236478 0.12908261382730604 -0.23637962228719639 0.77437288307299612 -0.6471657015273814 1.1851075799247808 

1.4400000000000011 3 54.1835
1 -0.26141472523960452 0.036013948778824939 -0.065949730618804464 -1.6144831228370398 0.17948928764302646 -0.3286857056913704 
1 0.096857033582610441 -0.15851047175572786 0.29026872272580001 0.88711248135659193 0.49043349346452231 -0.89809526243820592 
1 0.16455769165590378 0.12249652298187792 -0.22431899212003722 0.72737064147085972 -0.66992278109962211 1.2267809681071971 

1.4500000000000011 3 54.1846
1 -0.27723430202133326 0.037790121145384978 -0.069202306164668215 -1.5497168574745537 0.17564151806562078 -0.32163956452353926 
1 0.10563215511408115 -0.15347617261830501 0.28104977608926834 0.86796179396017625 0.51647081275159401 -0.94577551554062822 
1 0.17160214690606462 0.11568605147797359 -0.21184746993786741 0.68175506350479298 -0.69211233080929657 1.2674150800417854 

1.4600000000000011 3 54.1857
1 -0.29241500344126026 0.039524938076094883 -0.072379150502312112 -1.4867300203081222 0.17124065617740472 -0.3135805855486275 
1 0.11421753983678183 -0.14817966952945386 0.27135067438643906 0.84919178735514822 0.54292558049540007 -0.99422021170473884 
1 0.17819746360319316 0.10865473145849436 -0.19897152389762079 0.63753823294338974 -0.7141662366648901 1.3078007972309971 

1.4700000000000011 3 54.1873
1 -0.30697515149160148 0.041213504749909376 -0.075471300101206298 -1.4256158366699305 0.16641024314527322 -0.30473500073935078 
1 0.12261777893043264 -0.14261515756598583 0.26116078748278837 0.83095817560999585 0.57013367999920517 -1.0440444296464966 
1 0.18435737255977952 0.10140165282129833 -0.18568948739530364 0.59465766105041029 -0.73654392313653505 1.3487794303634106 

1.4800000000000011 3 54.1888
1 -0.32093366904365928 0.04285205554482719 -0.078471859251076539 -1.3664048791736974 0.16125300896256964 -0.29529093207667634 
1 0.13083900715280544 -0.13677314199919144 0.25046272837068595 0.81341616021917729 0.59850126732281639 -1.0959919334805321 
1 0.19009466188937038 0.093921086459661754 -0.17199086913357589 0.55298871894500312 -0.75975427627741077 1.3912828655348375 

1.4900000000000011 3 54.1903
1 -0.33430955294783093 0.044437759375491021 -0.081375643590773011 -1.3090841230851533 0.15585359927803422 -0.28540338499385987 
1 0.13888896846101478 -0.13063959195636471 0.23923080333131719 0.79673512979774874 0.6285358408219176 -1.1509920681130434 
1 0.19542058448525101 0.086201832586250499 -0.15785515975474004 0.51234899327791572 -0.78438944009191647 1.4363954530845628 

1.5000000000000011 3 54.1922
1 -0.34712151328252655 0.045968552821518668 -0.084178874528313199 -1.2536112903306018 0.15028135474047502 -0.27519933798847213 
1 0.146777249763858 -0.12419469937981291 0.22742873930621563 0.78111811542007992 0.6608956688439237 -1.2102502725936921 
1 0.20034426351703813 0.078226146563752499 -0.14324986479232504 0.47249317490112053 -0.81117702357632604 1.4854496105598178 

1.5100000000000011 3 54.1943
1 -0.3593877366503524 0.047443000305859621 -0.086878923195636323 -1.1999254731539872 0.14459291653747913 -0.26478251395657465 
1 0.15451575040803409 -0.11741100045136793 0.21500624379840166 0.76683050003777076 0.69647089455799649 -1.27539660150417 
1 0.20487198624059019 0.069968000151041057 -0.12812732061741813 0.43309497310685741 -0.84106381108737771 1.5401791154384452 

1.5200000000000011 3 54.1963
1 -0.37112574084788941 0.048860179013390771 -0.089474099708369531 -1.1479549207363031 0.138834560290505 -0.2542376540851482 
1 0.16211951945824085 -0.1102504250932814 0.20189360183751395 0.75424695968018074 0.73652304247473355 -1.3487411931233009 
1 0.20900622138781011 0.061390246085504557 -0.11241950214401068 0.39370796104682337 -0.87535760275714714 1.6029788471861024 

1.5300000000000011 3 54.199
1 -0.38235229636164964 0.050219585683015648 -0.0919634824810069 -1.0976227294536549 0.13304423805153101 -0.24363425721251716 
1 0.16960822707634007 -0.10265944119133159 0.18799278394797886 0.74393603271960373 0.78294041745481002 -1.4337419630951294 
1 0.21274406928332304 0.052439855514025011 -0.09602930148206984 0.35368669672480113 -0.9159846554983041 1.677376220285123 

1.5400000000000011 3 54.2013
1 -0.39308339687073751 0.051521062455931729 -0.094346782438168728 -1.048851046416263 0.12725335485078323 -0.23302983309135561 
1 0.17700884287365373 -0.094560557554244418 0.17316188613525721 0.73682867639556671 0.83874506939393001 -1.5359329720623729 
1 0.21607455399497827 0.043039495104105957 -0.078815103712429377 0.3120223700119017 -0.9659984242366505 1.7689628051312889 

1.5500000000000012 3 54.203
1 -0.40333426653648885 0.052764739396146523 -0.096624237756647621 -1.0015643055311017 0.1214883391720273 -0.22247277828580425 
1 0.18436088148777471 -0.085836169869215342 0.15718554815671149 0.7345969617542587 0.90921346151193283 -1.6649766241702266 
1 0.21897338504649447 0.033071430478938596 -0.060561310415602684 0.26696734376796594 -1.0307018006759532 1.8874494024338093 

1.5600000000000012 3 54.2053
1 -0.41311939689665161 0.053950992071070007 -0.098796536185731226 -0.95569200242171659 0.11577210548025468 -0.21200505439255674 
1 0.1917279421174212 -0.076294040223516643 0.139711738674901 0.74065276450274931 1.0047574101815144 -1.8399393230853307 
1 0.2213914547772064 0.022343048158482641 -0.0409152025049076 0.21503923791001961 -1.1205295156539572 2.0519443774553139 

1.5700000000000012 3 54.208
1 -0.42245261185321509 0.055080413918995957 -0.10086476444579345 -0.91117168426697581 0.11012559286428444 -0.20166500564502102 
1 0.19922821445480801 -0.065579188153317383 0.12009040772980735 0.76350421917797151 1.1502583395977117 -2.1063846151259433 
1 0.22322439739659083 0.010498774240404109 -0.019225643299607031 0.14766746507900999 -1.260383932453091 2.3080496207376999 

1.5800000000000012 3 54.2437
1 -0.43134716907226378 0.056153806107241098 -0.10283038965665885 -0.86795364591609014 0.10456985753347776 -0.19149119075183074 
1 0.20714656302369755 -0.052866544959856265 0.096810666893808822 0.83433084067415075 1.431160875038344 -2.6207810412443635 
1 0.22420060604655082 -0.0032872611412067395 0.0060197227469568505 0.033622805231673457 -1.5357307325630223 2.812272231959958 

1.5900000000000012 3 54.6449
1 -0.43981593812007341 0.0571721981841928 -0.10469529715551565 -0.82601403525193051 0.099130963361909935 -0.18153133859364154 
1 0.21704336994729082 -0.03422350809604436 0.062671026538781566 1.4781770843613473 2.9959024342756595 -5.4861786946062594 
1 0.22277256817100471 -0.022948690081928028 0.042024270600544568 -0.65216304911911982 -3.095033397629388 5.6677100331622441 

