0 3 0
1 1 0 0 0 0 0 
1 -0.62183671847137867 0.32553434281486421 0.31614163493591796 0 0 0 
1 -0.37816328152862133 -0.32553434281486421 -0.31614163493591796 0 0 0 

0.01 3 0.00155902
1 0.99996046382574033 -1.9209779332966528e-06 -1.8655515705561208e-06 -0.0079073702007022677 -0.00038419144526590285 -0.00037310629221025318 
1 -0.6218050581455663 0.32549170343001121 0.31610022583381364 0.0063322701708267374 -0.008528220479383614 -0.0082821540183231276 
1 -0.37815540568017669 -0.32548978245208188 -0.31609836028224486 0.0015751000298755312 0.0089124119246494962 0.0086552603105333799 

0.02 3 0.00215387
1 0.99984184718114966 -7.6836631475352427e-06 -7.4619648690648889e-06 -0.015816364908399699 -0.00076833315633966675 -0.00074616428521901194 
1 -0.62171006486454461 0.32536376465920169 0.31597597850609455 0.012667001573021619 -0.01706056516437689 -0.016568313245721861 
1 -0.37813178231660688 -0.32535608099605901 -0.31596851654122654 0.0031493633353780388 0.017828898320716633 0.017314477530940901 

0.029999999999999999 3 0.00275278
1 0.99964412569216088 -1.7287308860876113e-05 -1.6788514660733253e-05 -0.023728610354261558 -0.0011523751939287639 -0.0011191254806421939 
1 -0.62155170168664264 0.32515046459630198 0.31576883283282037 0.019006661627704272 -0.025601169744038445 -0.024862494043386325 
1 -0.37809242400551862 -0.32513317728744623 -0.31575204431815806 0.004721948726557317 0.026753544937967277 0.02598161952402863 

0.040000000000000001 3 0.00370789
1 0.99936725870656862 -3.0730667015326997e-05 -2.9843988898036983e-05 -0.031645736221847881 -0.0015362672076388109 -0.0014919409808554819 
1 -0.62132990693909262 0.32485169987275236 0.31547868842793969 0.02535373017632658 -0.034154192952525628 -0.033168735152680782 
1 -0.37803735176747849 -0.32482096920574349 -0.31544884443904059 0.0062920060455212866 0.035690460160164819 0.034660676133536336 

0.050000000000000003 3 0.00477505
1 0.99901118925084831 -4.8011983128565392e-05 -4.6626683721085306e-05 -0.039569377383424947 -0.0019199582281644869 -0.0018645612871811834 
1 -0.62104459406235191 0.32446732536868383 0.31510540435875961 0.031710705793424485 -0.042723828288128922 -0.041491109076045647 
1 -0.37796659518849857 -0.32441931338556101 -0.31505877767503604 0.0078586715900005218 0.044643786516293457 0.043355670363227149 

0.060000000000000005 3 0.00541902
1 0.99857584396952292 -6.9128989054815146e-05 -6.7134396427367832e-05 -0.047501175648467134 -0.0023033964567550917 -0.0022369360954283732 
1 -0.62069565139070848 0.32399715380571809 0.31464879875048385 0.038080112223914858 -0.051314315970844862 -0.049833733689557409 
1 -0.37788019257881611 -0.3239280248166701 -0.31458166435405355 0.0094210634245522982 0.053617712427599933 0.05207066978498609 

0.070000000000000007 3 0.00621605
1 0.99806113304699762 -9.4078893622865961e-05 -9.1364416379898593e-05 -0.055442781528476454 -0.0026865290510205884 -0.0026090140878791135 
1 -0.62028294186771082 0.32344095521866495 0.31410864827314894 0.044464504988892671 -0.059929955222667336 -0.058200784168893099 
1 -0.37777819117928541 -0.32334687632504716 -0.31401728385676664 0.010978276539583866 0.062616484273688239 0.060809798256772359 

0.080000000000000002 3 0.00683188
1 0.99746695011161035 -0.00012285837110988135 -0.00011931351381359294 -0.063395856022310279 -0.0030693019061212136 -0.0029807427207914801 
1 -0.61980630269449599 0.32279845630241161 0.31348468750737496 0.050866478206030637 -0.068575116958883728 -0.06659650531444114 
1 -0.37766064741711403 -0.32267559793130685 -0.31336537399355674 0.012529377816279979 0.071644418865005693 0.069577248035232853 

0.089999999999999997 3 0.00744796
1 0.99679317212175123 -0.00015546354749993102 -0.0001509779264902793 -0.071362072426286643 -0.0034516594303556701 -0.0033520680064626916 
1 -0.6192655449086506 0.3220693396294837 0.31277660818448155 0.057288671673462473 -0.077254256983962558 -0.075025224366448137 
1 -0.37752762721310312 -0.32191387608198962 -0.31262563025798751 0.014073400752823888 0.080705916414319456 0.078377292372910648 

0.099999999999999992 3 0.0080471
1 0.99603965923371751 -0.0001918899844661609 -0.00018635334414304129 -0.079343118173419963 -0.0038335443141280282 -0.003722934288862161 
1 -0.61866045289068938 0.32125324273269218 0.3119840582956227 0.063733778269481164 -0.085971929792213242 -0.083491364407482435 
1 -0.37737920634303024 -0.32106135274823261 -0.31179770495147657 0.015609339903938719 0.089805474106342487 0.087214298696344505 

0.10999999999999999 3 0.00863528
1 0.99520625465099055 -0.0002321326610051272 -0.00022543489064045884 -0.087340696706259838 -0.004214897291233 -0.0040932840118042988 
1 -0.61799078379473071 0.32034975704630919 0.31110664106349939 0.070204551724578346 -0.094732803081410716 -0.091999458457296748 
1 -0.37721547085625989 -0.32011762438531088 -0.3108812061728542 0.017136144981681568 0.098947700372644873 0.096092742469100365 

0.11999999999999998 3 0.00922728
1 0.99429278445463787 -0.00027618595264098311 -0.00026821710379081867 -0.09535652938791031 -0.0045956568913509748 -0.0044630574785850313 
1 -0.6172562668993381 0.31935842669805975 0.31014391376920575 0.076703814827410802 -0.10354167309720984 -0.10055416437450497 
1 -0.37703651755529832 -0.31908224074542452 -0.30987569666541276 0.018652714560500185 0.10813732998856251 0.1050172218530893 

0.12999999999999998 3 0.00982022
1 0.99329905741437396 -0.00032404360810583808 -0.00031469391269531646 -0.1033923574559695 -0.0049757591825900834 -0.0048321926019521851 
1 -0.61645660287383841 0.31827874714296689 0.30909538642550854 0.08323446813227027 -0.11240348093759697 -0.10916028069059841 
1 -0.376842454540531 -0.31795470353486577 -0.30878069251281143 0.020157889323700166 0.11737924012018842 0.11399247329254998 

0.13999999999999999 3 0.0104132
1 0.99222486477984273 -0.0003756987233906905 -0.00036485861254771646 -0.11144994402426221 -0.0053551375028495149 -0.0052006246432199981 
1 -0.6155914629547754 0.31711016362879052 0.30796052028654058 0.089799499242726427 -0.12132332996012878 -0.11782276351493295 
1 -0.37663340182506388 -0.31673446490540114 -0.30759566167399138 0.021650444781536604 0.12667846746297945 0.12302338815815234 

0.14999999999999999 3 0.0110023
1 0.99106998005163738 -0.00043114371304875485 -0.00041870383676565154 -0.11953107613743688 -0.0057337221787089575 -0.005568285939269349 
1 -0.61466048802626794 0.31585206948119249 0.30673872618246656 0.096401992754466648 -0.13030650445058856 -0.12654674466473095 
1 -0.37640949202535945 -0.31542092576814607 -0.30632002234569777 0.023129083382971337 0.13604022662929871 0.13211503060399932 

0.16 3 0.0115943
1 0.98983415873145641 -0.00049037027861958959 -0.00047622152632583158 -0.12763756688367414 -0.0061114402304692575 -0.0059351056160989778 
1 -0.61366328759730771 0.31450380419521279 0.30542936266600584 0.1030451409501522 -0.13935848973030027 -0.13533755119223573 
1 -0.37617087113413827 -0.31401343391659603 -0.30495314113967675 0.024592425933522774 0.14546992996077038 0.14127265680833315 

0.17000000000000001 3 0.0121853
1 0.98851713805087849 -0.00055336937402836065 -0.00053740289616164107 -0.13577125757097094 -0.0064882150618821724 -0.0063010092875076841 
1 -0.61259943866787658 0.31306465131763483 0.30403173395590927 0.10973225535062081 -0.14848499390115949 -0.14420072650233101 
1 -0.3759176993829918 -0.312511281943608 -0.30349433105974521 0.026039002220350053 0.15497320896304345 0.15050173578983775 

0.18000000000000002 3 0.0127733
1 0.98711863667796818 -0.00062013116779938366 -0.00060223839846692824 -0.14393401997269908 -0.006863966133009311 -0.0066659187373921012 
1 -0.61146848447480373 0.31153383610279411 0.30254508766040666 0.1164667792402541 -0.15769197145301384 -0.15314205327877187 
1 -0.37565015220314957 -0.31091370493499443 -0.30194284926193599 0.02746724073244456 0.16455593758602508 0.15980797201616237 

0.19000000000000003 3 0.0133643
1 0.98563835440108816 -0.0006906450019069808 -0.00067071768273419029 -0.15212775864838196 -0.007238608614541721 -0.0070297515840403542 
1 -0.61026993310696342 0.30991052292195931 0.30096861226133031 0.12325230130015923 -0.1669856489879549 -0.16216757846624599 
1 -0.3753684212941118 -0.30921987792005273 -0.30029789457859413 0.02887545734822216 0.17422425760249891 0.16919733005028523 

0.20000000000000004 3 0.0139303
1 0.9840759717891151 -0.00076489934706948262 -0.00074282955233842963 -0.16035441334590469 -0.0076120530217929413 -0.0073924209246856772 
1 -0.60900325597793259 0.30819381240369315 0.29930143433698908 0.13009257050144052 -0.17637255335124949 -0.1712836405896413 
1 -0.37507271581116386 -0.30742891305662406 -0.29855860478464846 0.030261842844463042 0.1839846063730444 0.178676061514326 

0.21000000000000005 3 0.0144932
1 0.98243114982715229 -0.00084288175427353119 -0.00081856191746018333 -0.16861596149166383 -0.0079842048264458197 -0.0077538349584554455 
1 -0.60766788614276401 0.30638273827950696 0.29754261549882921 0.13699151243273239 -0.18585954249993927 -0.18049689973198646 
1 -0.37476326368437168 -0.30553985652523341 -0.29672405358136816 0.031624449058930443 0.19384374732638746 0.18825073469044021 

0.22000000000000006 3 0.0150521
1 0.98070352952692241 -0.00092457880229614381 -0.0008979017441217153 -0.17691442077547648 -0.0083549640439897852 -0.0081138965857123161 
1 -0.60626321644342041 0.30447626390558258 0.295691149013531 0.14395324726201533 -0.19545383948877618 -0.18981437053977923 
1 -0.37444031308349224 -0.30355168510328512 -0.29479324726940764 0.032961173513460063 0.20380880353276701 0.19792826712549033 

0.23000000000000007 3 0.0156059
1 0.97889273151079459 -0.0010099760409703811 -0.00098083499908965311 -0.18525185183739193 -0.0087242247946256388 -0.0084725029816282264 
1 -0.6047885974655246 0.30247327842725985 0.29374595607814175 0.15098210956331282 -0.20516307001057058 -0.19924345868018445 
1 -0.37410413404526288 -0.30146330238628538 -0.29276512107905034 0.034269742274078412 0.2138872948051975 0.20771596166181083 

0.24000000000000007 3 0.01617
1 0.97699835556836634 -0.0010990579299174814 -0.0010673465903749102 -0.19363036106390707 -0.0090918748352418581 -0.0088295451416646568 
1 -0.60324333528639462 0.30037259254826215 0.29170588171139167 0.15808267027510312 -0.21499530399599998 -0.20879200124054409 
1 -0.37375502028196095 -0.29927353461833872 -0.29063853512101689 0.03554769078880364 0.22408717883124352 0.2176215463822064 

0.25000000000000006 3 0.0167332
1 0.97501998018455793 -0.0011918077724434445 -0.0011574203030365645 -0.20205210350145725 -0.0094577950598761801 -0.0091849073964477054 
1 -0.60162668899159621 0.29817293386123866 0.28956969021895584 0.16525976110042295 -0.224959101858551 -0.21846831163901065 
1 -0.3733932911929469 -0.29698112608878974 -0.28841226991591939 0.036792342401033816 0.23441689691842826 0.22765321903545779 

0.26000000000000006 3 0.0172861
1 0.97295716203791327 -0.001288207644271128 -0.001251038729970238 -0.21051928589543373 -0.0098218589658688217 -0.0095384668933243388 
1 -0.59993786793376458 0.29587294168982825 0.2873360601843406 0.17251850171009003 -0.23506356606634166 -0.22828122970836226 
1 -0.37301929410413082 -0.2945847340455508 -0.28608502145437031 0.038000784185342973 0.24488542503221122 0.23781969660168673 

0.27000000000000007 3 0.017849
1 0.97080943546787068 -0.0013882383167497787 -0.0013481831973333161 -0.21903416986340055 -0.010183932082688332 -0.0098900930416682825 
1 -0.59817602870367204 0.29347116138510226 0.28500357892989925 0.17986433017213405 -0.24531839883731557 -0.23824017772649464 
1 -0.37263340676417828 -0.29208292306834793 -0.28365539573256471 0.039169839691266521 0.25550233092000407 0.24813027076816341 

0.28000000000000008 3 0.0184021
1 0.96857631190956572 -0.0014918791741527888 -0.0014488336842288924 -0.22759907521158529 -0.010543871360164818 -0.010239646918765005 
1 -0.59634027177880655 0.29096603801062149 0.28257073638408436 0.18730303710462992 -0.25573396689192895 -0.24835522330079252 
1 -0.3722360401307368 -0.28947415883646455 -0.28112190269985166 0.040296038106955152 0.26627783825209361 0.25859487021955835 

0.29000000000000009 3 0.0189571
1 0.96625727929474636 -0.001599108124640131 -0.0015529687362372431 -0.23621638340416443 -0.01090152451260009 -0.010586980632846181 
1 -0.59442963780944624 0.28835590934016059 0.28003591828121344 0.19484080413862814 -0.26632137436313658 -0.2586371501744309 
1 -0.37182764148527792 -0.2867568012155155 -0.27848294954497288 0.041375579265535312 0.2772228988757362 0.26922413080727692 

0.3000000000000001 3 0.019557
1 0.96385180141716364 -0.0017099015044255929 -0.0016605653723481282 -0.24488854119528272 -0.011256729314934944 -0.010931936639564935 
1 -0.59244310349565943 0.28563899808022941 0.27739739860841106 0.20248424738630352 -0.27709254516379239 -0.26909753821720378 
1 -0.3714086979214799 -0.28392909657579846 -0.27573683323605774 0.042404293808978047 0.28834927447872627 0.28002947485677021 

0.31000000000000011 3 0.020318
1 0.96135931726080204 -0.0018242339746487751 -0.0017715989848084079 -0.25361806443421064 -0.011609312846844419 -0.011274347007901205 
1 -0.59037957700125054 0.28281340321532583 0.27465333120055019 0.21024046674158139 -0.28806031635473517 -0.27974885409965544 
1 -0.37097974025952363 -0.28098916924067058 -0.27288173221573747 0.043377597692628278 0.29966962920157575 0.29102320110755886 

0.32000000000000012 3 0.0211709
1 0.95877924028913186 -0.001942078410409345 -0.0018860432313579465 -0.26240754205443512 -0.011959090680296342 -0.011614032631161895 
1 -0.58823789284147499 0.27987709035695663 0.27180174036776406 0.21811710200207304 -0.2992385443534718 -0.29060455443729055 
1 -0.37054134744762518 -0.27793501194654174 -0.26991569713640101 0.044290440052361241 0.31119763503376296 0.30221858706845434 

0.33000000000000013 3 0.0222647
1 0.95611095769351284 -0.0020634057813741944 -0.0020038699192816705 -0.27125964025792443 -0.012305866005752092 -0.011950802378393651 
1 -0.5860168061705695 0.27682788095738553 0.26884051042038842 0.22612239699990985 -0.31064222618685611 -0.30167920354473166 
1 -0.37009415152291081 -0.27476447517600655 -0.26683664050110428 0.045137243258012522 0.32294809219260295 0.31363000592312557 

0.34000000000000014 3 0.0233667
1 0.95335382959874126 -0.0021881850233183057 -0.0021250488806569103 -0.28017710690614767 -0.012649428691806776 -0.012284452181155226 
1 -0.58371498638209363 0.27366344022477895 0.26576737393281274 0.23426527317469681 -0.32228763843900748 -0.31298860837453529 
1 -0.369638843216614 -0.27147525520145804 -0.26364232505215363 0.045911833731449997 0.33493706713080801 0.32527306055569133 

0.35000000000000014 3 0.0244527
1 0.9505071882235907 -0.002316382899906056 -0.0022495478381226882 -0.28916277612980756 -0.012989554272664268 -0.012614764050207354 
1 -0.58133100991921849 0.27038126354731917 0.26257989855928238 0.24255541432716873 -0.33419249710026022 -0.32454997375401057 
1 -0.36917617830433763 -0.26806488064741119 -0.26033035072115979 0.046607361802637283 0.3471820513729198 0.33716473780421835 

0.36000000000000015 3 0.0254967
1 0.94757033699411086 -0.0024479638539614775 -0.0023773322604414252 -0.29821957316941006 -0.0133260028574193 -0.012941505016265129 
1 -0.57886335217292884 0.26697866119840541 0.25927547218042191 0.25100336467390161 -0.3463761422137942 -0.33638208170417483 
1 -0.36870698482115039 -0.26453069734444029 -0.25689813991998028 0.047216208495509344 0.35970214507120812 0.34932358672044084 

0.37000000000000016 3 0.0263128
1 0.94454254960731932 -0.002582889847413557 -0.0025083652070622383 -0.30735051945904174 -0.013658517954680992 -0.013264425988535581 
1 -0.57631037832254906 0.26345274105196154 0.25585128611725338 0.25962064280366481 -0.35885975208197002 -0.34850549946557974 
1 -0.36823217128472929 -0.26086985120454698 -0.25334292091018445 0.047729876655377132 0.37251827003665094 0.36176992545411657 

0.38000000000000017 3 0.0271399
1 0.94142306904278128 -0.0027211201890362607 -0.0026426071608312467 -0.31655873796562645 -0.013986825205622033 -0.01358326052432173 
1 -0.57367033294417746 0.25980038898409114 0.25230431609831444 0.26841987474443024 -0.371666592886365 -0.36094282191596833 
1 -0.36775273609855136 -0.25707926879505527 -0.24966170893747677 0.048138863221196378 0.38565341809197867 0.37452608244029462 

0.39000000000000018 3 0.0279629
1 0.93821110651948103 -0.0028626113490301062 -0.0027800158479229925 -0.32584745879578975 -0.014310631018095491 -0.013897723502550093 
1 -0.57094132817660481 0.25601824657185551 0.24863130060192981 0.27741495012491829 -0.38482231095991393 -0.37371895540948785 
1 -0.36726977834282265 -0.25315563522282308 -0.24585128475400003 0.04843250867087176 0.39913294197799604 0.38761667891204321 

0.40000000000000019 3 0.0287879
1 0.93490584039523772 -0.0030073167594183272 -0.0029205460439958339 -0.33522002508200616 -0.014629621094012198 -0.01420750969363696 
1 -0.56812133018992705 0.25210268561947319 0.24482871611737303 0.28662120641140648 -0.39835527672252613 -0.38686145178860742 
1 -0.3667845102052722 -0.24909536886004607 -0.24190817007336954 0.048598818670605635 0.41298489781652536 0.40106896148225296 

0.4100000000000002 3 0.0296068
1 0.93150641500582054 -0.0031551865991486295 -0.0030641493654943465 -0.34467989915886532 -0.014943458841775576 -0.014512292217731426 
1 -0.5652081436458668 0.24804977894087463 0.24089274877047046 0.29605564748927393 -0.41229699157239158 -0.40040090353533941 
1 -0.36629827135992077 -0.24489459234171715 -0.23782859940496881 0.048624251669599369 0.42724045041415493 0.41491319575308344 

0.42000000000000021 3 0.0304298
1 0.92801193944076465 -0.0033061675627095778 -0.0032107740449417478 -0.35423066903902134 -0.015251783665213682 -0.014811720883015073 
1 -0.56219939376833805 0.24385526670063754 0.2368192616356859 0.30573720454202025 -0.42668257198938347 -0.41437141390669924 
1 -0.36581254567239985 -0.24054909913792225 -0.2336084875907366 0.048493464497002398 0.44193435565458228 0.42918313478972953 

0.43000000000000022 3 0.0312538
1 0.92442148625294729 -0.0034602026109819134 -0.0033603646889799662 -0.36387605519661037 -0.015554209120186782 -0.015105420395498776 
1 -0.55909250555234746 0.23951451745415303 0.23260375690041141 0.31568704939663522 -0.44155132898849125 -0.42881115966906053 
1 -0.36532898070058545 -0.23605431484316586 -0.22924339221142412 0.048189005799968557 0.45710553810866483 0.44391658006458173 

0.44000000000000022 3 0.0320718
1 0.92073409009878993 -0.0036172307029568689 -0.003512862017828786 -0.37361991766315777 -0.015850320929931865 -0.015392988431630519 
1 -0.55588467952405407 0.23502248282210395 0.22824133184723122 0.32592897345013949 -0.45694746619250748 -0.443763069029181 
1 -0.36484941057471937 -0.23140525211914004 -0.22472846982939615 0.047690944213016867 0.47279778712242315 0.45915605746083732 

0.45000000000000023 3 0.0328889
1 0.91694874630584922 -0.0037771865068649646 -0.0036682025847493637 -0.38346626343746221 -0.016139674850287382 -0.015673993565114792 
1 -0.55257286331442135 0.2303736444690484 0.22372662736235097 0.33648984924824693 -0.47292092664280183 -0.45927564401181636 
1 -0.36437588299141066 -0.22659645796217484 -0.22005842477759713 0.046976414189218829 0.48906060149306835 0.47494963757695713 

0.46000000000000024 3 0.0337069
1 0.91306440936480815 -0.0039400000891704305 -0.0038263184740124122 -0.39341925420578772 -0.01642179437633055 -0.015947973039720686 
1 -0.54915371811304969 0.22556195171085391 0.21905376734324822 0.34740019715712589 -0.48952842770786847 -0.47540396550782249 
1 -0.36391069125175063 -0.22162195162167941 -0.21522744886923009 0.046019057048664921 0.50595022208417462 0.4913519385475692 

0.47000000000000025 3 0.034524
1 0.90907999134276318 -0.0041055965798073501 -0.0039871369757930432 -0.4034832143620215 -0.016696168282768053 -0.016214430380641631 
1 -0.54562357880935897 0.22058074762242091 0.21421628693841865 0.35869488694437901 -0.50683473605746987 -0.4922109314612193 
1 -0.36345641253339983 -0.21647515104261031 -0.21022914996261888 0.044788327417650473 0.52353090434022209 0.50842536184188225 

0.48000000000000026 3 0.0361111
1 0.90499436021488033 -0.0042738958119611899 -0.0041505802363458345 -0.41366263930830038 -0.016962247991848978 -0.016472832838350625 
1 -0.54197840628170868 0.21542268091510183 0.20920704696741843 0.37041401434286875 -0.52491425208557252 -0.50976879557641686 
1 -0.36301595393315617 -0.21114878510313964 -0.20505646673107164 0.043248624965440678 0.54187650007740573 0.52624162841478572 

0.49000000000000027 3 0.0376492
1 0.9008063381116983 -0.0044448119346491193 -0.0043165648817637386 -0.4239622040043648 -0.01721944476481669 -0.016722608661089561 
1 -0.53821372982618265 0.21007960004454643 0.2040181310840547 0.38260400713312798 -0.54385299754070504 -0.52816109759914009 
1 -0.36259260828549983 -0.20563478810989522 -0.1997015662022891 0.041358196871256671 0.56107244230549846 0.54488370626025229 

0.50000000000000022 3 0.0391881
1 0.89651469947999407 -0.0046182529963290425 -0.0044850016136009111 -0.43438677171763163 -0.017467126716392684 -0.016963144195491782 
1 -0.53432457707425496 0.20454242490928234 0.19864072117684509 0.39531903597432189 -0.56375113473547811 -0.54748510983864973 
1 -0.36219012240571902 -0.19992417191295106 -0.19415571956324101 0.039067735743328329 0.58121826145184863 0.56444825403416277 

0.51000000000000023 3 0.0407271
1 0.89211816915534536 -0.0047941204977850968 -0.0046557947746593276 -0.44494140290390199 -0.017704615656892443 -0.017193780819817147 
1 -0.5303053878554983 0.19880098998256437 0.19306494502703614 0.408622835309217 -0.58472619563437511 -0.56785497308600552 
1 -0.36181278129982997 -0.19400686948477905 -0.1884091502523722 0.036318567594704039 0.60243081129124598 0.58504875390584743 

0.52000000000000024 3 0.0423832
1 0.88761542034569418 -0.0049723089126186186 -0.0048288418833146683 -0.45563136411949756 -0.01793118377406502 -0.0174138117215272 
1 -0.52614990720002086 0.19284385059458214 0.18727968818017759 0.42259108421650793 -0.60691727238635362 -0.58940576623642582 
1 -0.36146551314565617 -0.18787154168196554 -0.18245084629685743 0.033040279903011942 0.62484845616041096 0.6068195779579828 

0.53000000000000025 3 0.0439093
1 0.88300507252615168 -0.0051527051738460674 -0.0050040331349276044 -0.46646213682550464 -0.01814605017754601 -0.01762247854144482 
1 -0.52185105086433858 0.18665804105608999 0.18127235904865996 0.43731456432198362 -0.63049053044000425 -0.61229886033338232 
1 -0.36115402166179034 -0.18150533588224513 -0.17626832591372749 0.029147572503537975 0.6486365806175457 0.6299213388748498 

0.54000000000000026 3 0.0450175
1 0.87828568924704631 -0.005335188125406432 -0.0051812508691775868 -0.47743942589100125 -0.018348377344378164 -0.017818967921831567 
1 -0.51740073411270593 0.180228768926885 0.17502859200153417 0.45290341557313823 -0.65564657270387283 -0.6367290702493249 
1 -0.36088495513431285 -0.17489358080148046 -0.16984734113235225 0.024536010317876264 0.67399495004824539 0.65454803817119367 

0.55000000000000027 3 0.0458484
1 0.87345577585960021 -0.0055196279378716302 -0.0053603690026310727 -0.48856916752775015 -0.018537267526448829 -0.018002408017481316 
1 -0.51278965052303782 0.17353902323985557 0.16853186689254784 0.46949297446753957 -0.68263044474222911 -0.66293437119958265 
1 -0.36066612533652648 -0.16801939530198634 -0.16317149788991217 0.019076193060226038 0.70116771226868357 0.68093677921709495 

0.56000000000000028 3 0.0469475
1 0.86851377716654532 -0.0057058854884120486 -0.0055412524265972566 -0.49985753628578855 -0.018711759213106121 -0.018171865060401162 
1 -0.50800698152169621 0.16656906466298158 0.16176301393258785 0.48725194504940839 -0.71174549052453084 -0.69120935470896239 
1 -0.36050679564481658 -0.16086317917457216 -0.1562217615059808 0.012605591236410495 0.7304572497376095 0.70938121976940161 

0.57000000000000028 3 0.0480554
1 0.86345807500957739 -0.0058938117062242897 -0.0057237563714432199 -0.51131095059395748 -0.018870823789446767 -0.018326340114521989 
1 -0.50304000782166702 0.15929575031866272 0.15469955799017612 0.50639409729700702 -0.74337296121959417 -0.7219242716297618 
1 -0.36041806718783476 -0.15340193861244592 -0.14897580161873292 0.0049168532970065232 0.76224378500900913 0.74025061174428552 

0.58000000000000029 3 0.0491583
1 0.85828698581154994 -0.0060832468863598697 -0.0059077257402191351 -0.52293607612132642 -0.019013362600472022 -0.01846476622455917 
1 -0.49787357850945557 0.15169162158020974 0.14731483270788803 0.52719545633482989 -0.77800046285564772 -0.75555265899532265 
1 -0.36041340730196636 -0.1456083746938433 -0.14140710696767514 -0.0042593802134351507 0.79701382545609945 0.77401742521988681 

0.5900000000000003 3 0.0502393
1 0.85299875809995562 -0.0062740199774804 -0.0060929944169651386 -0.53473982593009239 -0.019138204735789643 -0.018586006264632141 
1 -0.49248936766922463 0.14372364284187492 0.1395767556629495 0.55002032952126179 -0.8162644277673432 -0.79271258603014672 
1 -0.36050939043066854 -0.13744962286437323 -0.13348376124598768 -0.015280503591122983 0.83540263250309144 0.81129859229472256 

0.60000000000000031 3 0.0512924
1 0.84759157005143926 -0.0064659478529510211 -0.0062793845588357232 -0.5467293559329609 -0.01924410600957829 -0.018688851947665921 
1 -0.48686480334865373 0.13535141001392473 0.13144608855298157 0.57536212456428981 -0.85901568629468905 -0.83423033389519308 
1 -0.3607267667027052 -0.12888546216096269 -0.12516670399414806 -0.028632768631289603 0.878259792304247 0.85291918584283621 

0.61000000000000032 3 0.0523443
1 0.84206352711304022 -0.0066588345805992143 -0.0064667058869289813 -0.55891205345770401 -0.019329749862301088 -0.018772024701077923 
1 -0.48097147130225149 0.12652452310990361 0.12287388559244587 0.60391009020645936 -0.90742481307863243 -0.88124270240584479 
1 -0.36109205581072262 -0.11986568852928674 -0.11640717970551459 -0.044998036748731415 0.92675456294092029 0.90001472710690988 

0.62000000000000033 3 0.0533843
1 0.83641265978641444 -0.0068524707156021117 -0.0066547549995763311 -0.57129551557779745 -0.01939375132084814 -0.018834179512666357 
1 -0.47477263688335541 0.1171785815908172 0.1137976044040661 0.63666407862135754 -0.96315970055678757 -0.93536945996375509 
1 -0.36164002290299618 -0.1103261108751892 -0.10714284940448768 -0.0653685630435345 0.982553451877616 0.95420363947640041 

0.63000000000000034 3 0.0544364
1 0.83063692170016667 -0.0070466326555089368 -0.0068433147459726514 -0.58388751193730859 -0.019434665852423417 -0.018873913529031422 
1 -0.46821919988519517 0.10722878458929629 0.10413489089697239 0.67514453291605014 -1.0287031293100979 -0.99902175098228696 
1 -0.36241772181492427 -0.10018215193376583 -0.097291576150999995 -0.091257020978698214 1.0481377951624962 1.0178956645113222 

0.64000000000000035 3 0.0557804
1 0.82473418816618216 -0.0072410821204006888 -0.0070321537213379219 -0.59669592333505694 -0.019451006207844023 -0.018889782412890289 
1 -0.46124265922827989 0.096559074051070753 0.093773035663270471 0.72180820997283879 -1.107964892737354 -1.0759965588046818 
1 -0.36349152893779757 -0.089317991930630447 -0.086740881941929956 -0.12511228663778276 1.1274158989450049 1.0948863412171865 

0.65000000000000036 3 0.0571275
1 0.81870225553092513 -0.0074355658629946791 -0.0072210259853832687 -0.60972864062685961 -0.019441272802853026 -0.01888032984779334 
1 -0.45374181960878551 0.085002223592865883 0.082549637336154252 0.78096104476668216 -1.2075835376030468 -1.1727408868707214 
1 -0.36496043592203714 -0.077566657729838909 -0.075328611350766503 -0.17123240413984717 1.2270248104060326 1.1916212167178175 

0.66000000000000036 3 0.0588636
1 0.81253884185130421 -0.0076298157918168394 -0.0074096711819280582 -0.62299339411074883 -0.019404008476891544 -0.018844140716919727 
1 -0.44555464701619341 0.072299213403955662 0.070213149655562149 0.86107170476420669 -1.3400964967018463 -1.3014304229036124 
1 -0.36698419483499334 -0.064669397612082541 -0.062803478473670141 -0.23807831065418009 1.3595005051784672 1.3202745636195423 

0.67000000000000037 3 0.0605826
1 0.80624158987014583 -0.0078235498542221782 -0.0075978153964584043 -0.6364974478877935 -0.019337901681174639 -0.018779941313863895 
1 -0.4363877846401038 0.058002296075963335 0.05632874415925055 0.98204008657181396 -1.5333873574564718 -1.4891442235692238 
1 -0.36985380522996436 -0.05017874622166292 -0.048730928762843316 -0.34554263868437157 1.5527252591368357 1.5079241648836466 

0.68000000000000038 3 0.0937855
1 0.79980807436372126 -0.0080164744308087038 -0.0077851734814276489 -0.65024698330752273 -0.019242003607484105 -0.018686810206607909 
1 -0.42558254163620507 0.041175054703921445 0.039987022567563521 1.2083189404380843 -1.870453936456006 -1.8164853527582754 
1 -0.37422553272697723 -0.033158580273048646 -0.03220184908619024 -0.55807195713093605 1.8896959400626216 1.8351721629666224 

0.69000000000000039 3 0.182255
1 0.79323581953209277 -0.0082082903597507952 -0.0079714549067883399 -0.66424547368897213 -0.019116327711957318 -0.018564760463064624 
1 -0.41061164777974923 0.018723468375717065 0.018183236376172019 2.0460306480584864 -2.8858962416206833 -2.8026288968186046 
1 -0.3826241717538425 -0.010515178015912389 -0.010211781469405606 -1.3817851743657579 2.9050125693302977 2.8211936572846668 

0.7000000000000004 3 96.4938
1 0.7865223588580974 -0.0083987182647881405 -0.0081563883571532155 -0.67848409556056066 -0.018966785835194559 -0.018419533348310351 
1 -0.38979538943742248 0.027908870215314126 0.027103609968552198 0.079177712828078048 2.6917434888493106 2.6140780724702157 
1 -0.39672696942006813 -0.019510151950516173 -0.018947221611365871 0.59930638272588066 -2.6727767030104959 -2.5956585391142202 

0.71000000000000041 3 96.5841
1 0.7796654363290827 -0.0085876000341794344 -0.0083398202828741646 -0.69293466875052279 -0.018808900571350606 -0.018266203579710295 
1 -0.38943968728055839 0.049879719430270288 0.04844052985125169 0.023380670493932585 1.8750821925583987 1.8209800688503268 
1 -0.3902257490469288 -0.041292119396130991 -0.040100709568190257 0.6695539982490869 -1.8562732919866536 -1.8027138652539063 

0.72000000000000042 3 96.6201
1 0.77266298129054689 -0.0087748909427925927 -0.0085217072492236035 -0.7075906761652293 -0.018649354664906959 -0.018111261083384147 
1 -0.38915138595108617 0.06685650744817663 0.064927483189291535 0.036525968172811674 1.5538845684229754 1.5090500243807918 
1 -0.38351159533811385 -0.058081616505435876 -0.056405775939711578 0.67106470798467821 -1.5352352137577618 -1.4909387632803763 

0.73000000000000043 3 96.6238
1 0.76551293024264777 -0.0089605943241768994 -0.0087020524935945455 -0.72245452671065724 -0.018491945208413792 -0.017958393393597259 
1 -0.38869214290774418 0.081372865537910163 0.079024997878882494 0.05553533853519959 1.3626471673351865 1.323330434498514 
1 -0.37682078733378055 -0.072412271213777163 -0.070322945384763483 0.66691918816695517 -1.3441552221259419 -1.3053720410873872 

0.74000000000000044 3 96.6264
1 0.75821318185593201 -0.0091447471264474913 -0.0088808918980169075 -0.73753109394279859 -0.018339708765498276 -0.01781054945938914 
1 -0.38804064631133678 0.094298789588929441 0.091577967643011349 0.074659181882893277 1.2294053892988757 1.1939331082883424 
1 -0.37017253554363289 -0.085154042462535773 -0.082697075744292733 0.66287191205152296 -1.2110656805325271 -1.1761225588115305 

0.75000000000000044 3 96.6288
1 0.75076157832533519 -0.0093274147284014373 -0.0090582889549090367 -0.75282670827259612 -0.018195335605982299 -0.017670341927678853 
1 -0.38720174279020159 0.10606687803991077 0.1030065090706155 0.092968980091470393 1.1283342623226698 1.0957782068716451 
1 -0.36355983553420634 -0.096739463311579607 -0.09394822011483589 0.65985772817297639 -1.1101389267158972 -1.07810786492614 

0.76000000000000045 3 96.6302
1 0.74315589290926076 -0.0095086884589942484 -0.0092343323580863727 -0.76834878731004841 -0.018061346331643122 -0.017540218672816459 
1 -0.38618427633198066 0.11693216561782337 0.11355829832033947 0.11038045509755572 1.0474379086675412 1.0172159719825133 
1 -0.35697161657642273 -0.10742347715889079 -0.10432396596122018 0.65796833220424944 -1.0293765623348554 -0.99967575329181502 

0.77000000000000046 3 96.6317
1 0.7353938199996719 -0.009688684434121431 -0.0094091348731371593 -0.78410566798375414 -0.01794019066095982 -0.017422558731060227 
1 -0.3849968174552203 0.12706102468977429 0.12339490738393671 0.12698741509634337 0.98023961713211571 0.95195656627106262 
1 -0.35039700254372952 -0.11737234025569385 -0.11398577250955585 0.6571182528791969 -0.96229942647001598 -0.93453400752215776 

0.78000000000000047 3 96.6328
1 0.72747296637918057 -0.0098675431934525295 -0.0095828329847063749 -0.80010652650566672 -0.01783431284994965 -0.017319735833819346 
1 -0.38364680118455097 0.13656959043802636 0.13262912057188822 0.14291205945557015 0.92287509948568514 0.89624719859239221 
1 -0.34382616519399289 -0.12670204724460898 -0.1230462875857599 0.6571944670418709 -0.90504078663458276 -0.87892746274075517 

0.79000000000000048 3 96.6339
1 0.71939084302700973 -0.010045429901120345 -0.0097555870914151528 -0.81636134434342378 -0.017746200875268112 -0.017234166171654793 
1 -0.38214046940822127 0.14554296408742398 0.14134358366626693 0.15826820467877728 0.87286750947349878 0.84768248763491738 
1 -0.33725037361823385 -0.13549753418631721 -0.13158799657325057 0.65809313965640248 -0.85512130859708735 -0.83044832144548197 

0.80000000000000049 3 96.635
1 0.71114485711696462 -0.010222534992293923 -0.0099275821337670364 -0.83288090176192842 -0.017678427359537566 -0.017168348138792436 
1 -0.38048300412810038 0.15404582462729399 0.14960110946053837 0.17315371429312415 0.82854105732773298 0.80463499553013618 
1 -0.33066185298839057 -0.14382328963500154 -0.13967352732497834 0.65972718746051484 -0.81086262996704594 -0.78746664737359651 

0.8100000000000005 3 96.6361
1 0.70273230398246789 -0.01039907520643896 -0.010099028597601157 -0.84967678981954253 -0.01763368651899698 -0.017124898214707175 
1 -0.37867868810598321 0.16212874472243971 0.15745081143620684 0.18765088728229362 0.78871281933948389 0.76595592970486925 
1 -0.32405361587604625 -0.15172966951599615 -0.14735178283664324 0.66202590252893734 -0.77107913281933216 -0.74883103147244012 

0.82000000000000051 3 96.6372
1 0.69415035889043397 -0.010575294981403317 -0.010270163867950131 -0.86676143598522659 -0.017614829727065826 -0.017106585501566053 
1 -0.37673104946938396 0.16983217137024356 0.16493196956531206 0.2018287767069934 0.75251870138938115 0.73080612792126121 
1 -0.31741930942072233 -0.15925687638883468 -0.15466180569522514 0.66493265926997525 -0.73490387166117155 -0.71369954240188593 

0.83000000000000052 3 96.6383
1 0.68539606850286039 -0.010751468203801118 -0.010441253928923372 -0.88414814071668724 -0.01762490146291305 -0.017116366635571714 
1 -0.37464298161726178 0.17718905176208571 0.17207658040729648 0.21574566706239551 0.71930938765367203 0.69855500919560254 
1 -0.31075308688535719 -0.16643758355827015 -0.16163532647605927 0.66840247364602878 -0.70168448618962465 -0.6814386425421548 

0.84000000000000052 3 96.6391
1 0.67646634192388588 -0.010927900326575105 -0.010612595420167592 -0.9018511235385912 -0.017667177003554788 -0.017157422391511488 
1 -0.37241683979428264 0.18422663103670442 0.1789111029914261 0.22945123050691449 0.68858516730012398 0.66871728095275695 
1 -0.30404950212945425 -0.17329873071010421 -0.16829850756877004 0.67239989302341829 -0.67091799029542643 -0.65155985854338205 

0.85000000000000053 3 96.6399
1 0.66735794124216496 -0.011104930877105634 -0.010784518072611795 -0.91988557787358083 -0.01774520302806476 -0.017233197115413497 
1 -0.37005451810362178 0.19096772166079173 0.18545769157170991 0.24298828430074518 0.65995349965149519 0.64091172857067857 
1 -0.29730342313847941 -0.17986279078365427 -0.17467317349642711 0.67689729356457118 -0.64220829662228429 -0.62367853143739649 

0.86000000000000054 3 96.6407
1 0.65806747148245415 -0.011282936390544654 -0.010957387557163082 -0.93826773432550448 -0.017862842243522636 -0.017347442062893827 
1 -0.36755751078850535 0.19743162333235173 0.19173508898807254 0.25639418996969804 0.63310046260428143 0.6148334876034538 
1 -0.29050996069397383 -0.18614868694176365 -0.18077770142806054 0.681873544347538 -0.61523762035962115 -0.59748604552269602 

0.87000000000000055 3 96.6416
1 0.64859136988221477 -0.011462333814231507 -0.011131608790895619 -0.95701493241561053 -0.018024323171348729 -0.017504263748992843 
1 -0.36492696103876415 0.20363480453635369 0.19775928855697475 0.26970196026548221 0.60777099243309574 0.5902348537306833 
1 -0.28366440884356248 -0.19217247072206753 -0.18662767976305616 0.68731297214186859 -0.58974666926060315 -0.57273058996382042 

0.88000000000000056 3 96.6424
1 0.63892589440783298 -0.011643584440867825 -0.011307629756739809 -0.9761457009819744 -0.018234296329845433 -0.017708178509673041 
1 -0.36216369992359648 0.209591417179773 0.20354403385757699 0.28294113659210313 0.58375486769472895 0.56691167107075557 
1 -0.27676219448443207 -0.19794783273883801 -0.1922364040976334 0.69320456438160682 -0.56552057136374423 -0.54920349254320999 

0.89000000000000057 3 96.6432
1 0.62906711142198868 -0.011827198441222653 -0.011485945905404801 -0.99567984760555128 -0.018497898206712948 -0.017964174628520999 
1 -0.35926827747672391 0.21531369158355776 0.20910120232691679 0.29613848876802912 0.56087654951698818 0.54469346560985898 
1 -0.26979883394554049 -0.20348649314225717 -0.19761525641812863 0.69954135882925972 -0.54237865130913143 -0.52672929096346865 

0.90000000000000058 3 96.644
1 0.61901088240974533 -0.012013740082125784 -0.011667105222815801 -1.0156385575373124 -0.018820824634480884 -0.018277783595064698 
1 -0.35624098749827482 0.22081224393475657 0.21444110384105686 0.30931857787085704 0.53898767310413054 0.52343615335155225 
1 -0.26276989491182579 -0.20879850385254023 -0.20277399861467971 0.70631997965821025 -0.52016684846850414 -0.50515836973861039 

0.91000000000000059 3 96.6448
1 0.60875284966555021 -0.012203833733006169 -0.011851714063345302 -1.0360445026782317 -0.01920941546829991 -0.018655162339339088 
1 -0.35308188727890016 0.22609631849141773 0.21957271593161048 0.32250421348102049 0.51796140031146032 0.50301655583764515 
1 -0.25567096238708958 -0.21389248475830841 -0.20772100186452597 0.71354028918897683 -0.49875198484200989 -0.48436139348042989 

0.9200000000000006 3 96.6457
1 0.59828842083775502 -0.012398170784977052 -0.012040443869259856 -1.0569219612069523 -0.01967075283042222 -0.019103188641696557 
1 -0.34979081317741378 0.23117398032795747 0.22450387096978291 0.33571682919127332 0.49768810281732728 0.48332820787449987 
1 -0.24849760766086204 -0.21877580954286499 -0.21246342709660732 0.72120513200746639 -0.47801734998574369 -0.46422501921492604 

0.9300000000000006 3 96.6465
1 0.58761275222106257 -0.012597517631330338 -0.012234038920950853 -1.0782969484537157 -0.020212775645003987 -0.019629572362918183 
1 -0.34636739277439116 0.23605226999696469 0.2292414063656795 0.34897679453135066 0.47807201207357425 0.46427810414315873 
1 -0.24124535944727518 -0.22345475236550752 -0.21700736744063229 0.72932015391413918 -0.45785923642740484 -0.4446485317623618 

0.94000000000000061 3 96.6473
1 0.57672073068169349 -0.01280272488829943 -0.012433325291650716 -1.1001973595716714 -0.020844413762399622 -0.020242985698589278 
1 -0.34281105416537616 0.24073732842942064 0.23379128586476941 0.36230367711544936 0.45902858161386395 0.44578413761349139 
1 -0.23390967651699623 -0.22793460354098435 -0.2213579605688428 0.7378936824479716 -0.43818416785030334 -0.42554115189701897 

0.95000000000000062 3 96.6481
1 0.56560695409497197 -0.013014738071417117 -0.012639221215742676 -1.1226531244391622 -0.021575745692525648 -0.020953216361352077 
1 -0.33912103283662409 0.24523449824137794 0.23815869793152514 0.37571646552001697 0.44048238057795608 0.4277730538470178 
1 -0.22648592125911282 -0.23221976016981216 -0.22551947671132688 0.74693665891089744 -0.41890663488426322 -0.40681983746778361 

0.96000000000000063 3 96.649
1 0.55426571017171844 -0.013234609987328514 -0.012852749123029196 -1.1456963750102016 -0.02241818486955929 -0.021771348471269918 
1 -0.33529637647419025 0.24954840606911879 0.2423481357089618 0.38923376086952138 0.42236538728643552 0.41017879380754602 
1 -0.21896933369836691 -0.23631379608163169 -0.22949538658130095 0.75646261413244154 -0.39994720241571219 -0.3884074453183945 

0.97000000000000064 3 96.6498
1 0.54269095354922636 -0.013463515155595848 -0.013075049644423267 -1.1693616249733465 -0.023384700503629275 -0.022709977035243991 
1 -0.33133594798799587 0.25368302942668963 0.24636346194710892 0.40287394313464464 0.40461558633332034 0.3929411314320625 
1 -0.21135500556214709 -0.24021951427092095 -0.23328841229787628 0.76648768183045157 -0.38123088582852854 -0.37023115437893939 

0.98000000000000065 3 96.6506
1 0.53087628102679152 -0.013702766642445123 -0.013307397959987309 -1.193685961022745 -0.02449008050200108 -0.023783463282074757 
1 -0.32723842698025529 0.25764175074299556 0.25020796148097824 0.41665531656634247 0.38717579700013077 0.37600453584886834 
1 -0.20363785404754059 -0.24393898410036532 -0.23690056351600122 0.77703064444814851 -0.36268571649695819 -0.35222107254891133 

0.99000000000000066 3 96.6514
1 0.51881490483639625 -0.013953835771889416 -0.013551222941326669 -1.2187092442008962 -0.025751245743805263 -0.025008239869362847 
1 -0.32300230985049372 0.26142740060519487 0.25388438322622459 0.43059623737017044 0.36999267810005854 0.35931720493515579 
1 -0.19581259498699924 -0.24747356483311075 -0.24033316027972204 0.78811300682248686 -0.34424143235508953 -0.33430896504790336 

1.0000000000000007 3 96.6523
1 0.50649962386060288 -0.014218375283453885 -0.013808129641140046 -1.2444743185197291 -0.027187627273871761 -0.026403177194091992 
1 -0.31862590870405433 0.26504229175149885 0.25739497319115778 0.44471522556329673 0.35301586678243813 0.34283022896970783 
1 -0.18787371515772386 -0.25082391646784213 -0.24358684354466109 0.79975909294817438 -0.32582823950740297 -0.31642705175772867 

1.0100000000000007 3 96.6531
1 0.49392279274612355 -0.01449824663529861 -0.01407992580856058 -1.2710272222266552 -0.028821620878994657 -0.027990024852913648 
1 -0.31410734921714206 0.26848824497927304 0.26074149963729681 0.45903106185925724 0.33619721780394363 0.32649685185359334 
1 -0.17981544353023041 -0.2539899983437528 -0.246661573823206 0.81199616035913191 -0.30737559692378597 -0.29850682698279413 

1.0200000000000007 3 96.6539
1 0.48107628892065496 -0.014795552313868881 -0.014368653266569408 -1.2984173944025506 -0.030679137200289953 -0.029793945882003171 
1 -0.30944456760853117 0.2717666078334936 0.26392527122865594 0.47356286930757469 0.31949011628261875 0.31027180369342777 
1 -0.1716317213134608 -0.25697105551938826 -0.24955661795637096 0.82485452508669632 -0.28881097908116088 -0.28047785779352602 

1.0300000000000007 3 96.6547
1 0.46795147761171302 -0.015112674215334477 -0.014676625186006655 -1.3266978656912256 -0.032790270245641989 -0.031844165980779944 
1 -0.30463530687680179 0.27487826669586263 0.2669471487719734 0.48833017818793462 0.30284884166948556 0.29411068312441657 
1 -0.16331617073633392 -0.25976559248028547 -0.25227052358007102 0.83836768749499935 -0.27005857142267148 -0.26226651712574151 

1.0400000000000007 3 96.6556
1 0.45453917510462449 -0.015452319421589634 -0.015006470540788254 -1.3559254163374288 -0.035190113188293411 -0.034174765772098235 
1 -0.29967711248391327 0.27782365268997422 0.26980755095155934 0.5033529712245064 0.28622796408010942 0.27796937105973396 
1 -0.15486206262221719 -0.26237133326813294 -0.25480108040469812 0.85257244510463492 -0.2510378508906389 -0.24379460526974867 

1.0500000000000007 3 96.6564
1 0.44082961068333165 -0.015817575019396412 -0.01536118734534059 -1.3861606765814878 -0.037919758042380271 -0.036825651633942642 
1 -0.29456732770371719 0.28060274164241011 0.27250645429145709 0.51865170442771558 0.26958175657490596 0.2618034599283805 
1 -0.14626228298119995 -0.26478516662275181 -0.25714526693986434 0.86750897214545919 -0.23166199853134459 -0.22497780827654362 

1.0600000000000007 3 96.6572
1 0.42681238800232879 -0.016211974024403667 -0.015744206676500932 -1.4174681327032923 -0.041027525658176189 -0.039843750205369829 
1 -0.28930308891172235 0.28321504818469762 0.27504338742763296 0.53424729664488124 0.25286360873459374 0.2455676841708708 
1 -0.13750929909227549 -0.2670030741600174 -0.25929918074470254 0.88322083605011281 -0.21183608307523966 -0.20572393394760938 

1.0700000000000007 3 96.658
1 0.41247644708484488 -0.016639574996519413 -0.016159469991732442 -1.4499159849871992 -0.044570485046589399 -0.043284483873636578 
1 -0.28388132117514014 0.28565961394144812 0.27741741963690514 0.55016107802394276 0.2360254281801723 0.22921533902729721 
1 -0.12859512591146555 -0.2690200389446385 -0.26125794963857391 0.89975490695496196 -0.19145494313240768 -0.18593085513576915 

1.0800000000000007 3 96.6588
1 0.39781002879566146 -0.017105058599819076 -0.016611522902967382 -1.4835757791856563 -0.048616336989169985 -0.047213600036021472 
1 -0.27829873461840676 0.28793498962183961 0.27962714344513273 0.56641468383230209 0.21901701776533572 0.21269767569971046 
1 -0.11951129417909749 -0.27082993102170949 -0.26301562053537492 0.91716109534506052 -0.17040068077498779 -0.16548407564579545 

1.0900000000000007 3 96.6596
1 0.38280064458928892 -0.017613845206261483 -0.017105629387081763 -1.5185216971580959 -0.053245756937101478 -0.051709446398683336 
1 -0.2725518221984099 0.29003921071436112 0.28167065102324351 0.58302987512495075 0.20178541729275401 0.19596326206201056 
1 -0.11024882239280676 -0.27242536550777252 -0.26456502162918283 0.93549182202487147 -0.14853966035447694 -0.14425381564543494 

1.1000000000000008 3 96.6605
1 0.36743505572284924 -0.018172238712365629 -0.017647911453000039 -1.5548293400465407 -0.058555317007972438 -0.056865808664470024 
1 -0.2666368597397929 0.29196976638044009 0.28354550397838713 0.60002826124741737 0.18427420012815501 0.17895729956895196 
1 -0.10079819598507297 -0.27379752766773019 -0.26589759251822398 0.95480107879084153 -0.12571888311900539 -0.12209149088658838 

1.1100000000000008 3 96.6613
1 0.35169926814697705 -0.018787603081305598 -0.018245520589985336 -1.5925737609652315 -0.064661136769968389 -0.062795455980304254 
1 -0.26054990937163497 0.29372356105730985 0.28524869606470626 0.61743089062769807 0.16642271751611096 0.16162088937585639 
1 -0.091149358777448286 -0.27493595797565212 -0.26700317546738278 0.97514287032924374 -0.1017615807449682 -0.098825433377655314 

1.1200000000000008 3 96.6621
1 0.33557855224151606 -0.019468579788477835 -0.018906848939206498 -1.6318263925253851 -0.071703446850239258 -0.06963457287083813 
1 -0.25428682789535295 0.29529686822731804 0.28677660828651885 0.63525766522636384 0.14816528749685826 0.14389024465774233 
1 -0.081291724348356215 -0.27582828843847867 -0.26786975933978313 0.99656872729075041 -0.076461840645443979 -0.074255671769008547 

1.1300000000000008 3 96.6635
1 0.31905750087401052 -0.020225356370018155 -0.019641790093769304 -1.6726503513226794 -0.079852285496268355 -0.077548291435787231 
1 -0.24784328212808726 0.29668527581131776 0.28812495586726083 0.65352651982029397 0.12943033222655151 0.12569585282070198 
1 -0.071214218748198846 -0.27645991944091952 -0.26848316576577685 1.0191238314941287 -0.049578046729107317 -0.04814756136701951 

1.1400000000000008 3 96.6651
1 0.30212014555321115 -0.021069998637824688 -0.020462061728272429 -1.7150933635922465 -0.089314578909852255 -0.08673756739361535 
1 -0.24121477393972451 0.29788362273433583 0.28928872664550537 0.67225228955062677 0.1101394789333156 0.1069616023982126 
1 -0.060905371615842273 -0.27681362409611976 -0.26882666490933677 1.0428410740333585 -0.020824900022289896 -0.020224034986703339 

1.1500000000000008 3 96.6666
1 0.28475015962644196 -0.022016861707519004 -0.021381604767299126 -1.7591772115136264 -0.10034286549228245 -0.097447652604314733 
1 -0.23439667857134955 0.29888592644941259 0.29026211068992458 0.69144516782889376 0.090206658241837795 0.087603907391958988 
1 -0.050353481057534108 -0.2768690647414897 -0.26888050591455487 1.0677320436764837 0.010136207251617822 0.0098437452302483804 

1.1600000000000008 3 96.6687
1 0.26693119079804811 -0.02308309742798139 -0.022417076173983117 -1.8048821062772273 -0.11324587913572773 -0.10997837299894657 
1 -0.22738430092043149 0.29968530167792162 0.2910384213842323 0.71110863271535241 0.069537262837529604 0.067530890211233333 
1 -0.039546889880139567 -0.27660220424950654 -0.26862134520199615 1.0937734735534699 0.043708616299366551 0.042447482805603128 

1.1700000000000008 3 96.6708
1 0.24864738445294901 -0.024289277271313251 -0.023588453867602176 -1.8521237035838611 -0.12840104277262512 -0.12469626165014708 
1 -0.22017295581734203 0.30027387146420387 0.29161000904815398 0.73123669631162069 0.048027474471226607 0.046641728095697846 
1 -0.028474428638204673 -0.2759845941924306 -0.26802155517212412 1.1208870072638009 0.080373568302570336 0.078054533572340351 

1.1800000000000008 3 96.6724
1 0.22988418654485487 -0.025660148505320824 -0.024919771078064621 -1.9007195495451683 -0.14626851907278296 -0.14204820406163199 
1 -0.21275807986326084 0.3006426730369684 0.29196816951503385 0.75181031567730328 0.02556393457665964 0.024826333236597848 
1 -0.017126106684272342 -0.2749825245311856 -0.26704839842834455 1.1489092338593758 0.12070458449729435 0.11722187084292268 

1.1900000000000008 3 96.6736
1 0.21062955254281704 -0.02722553413172191 -0.026439990318020887 -1.9503405914129524 -0.1674056017317293 -0.16257541422180249 
1 -0.20513538401171402 0.30078156317850069 0.29210305223146027 0.77279280981098741 0.00202403034327722 0.0019656305954698704 
1 -0.0054941685338663199 -0.27355602904631848 -0.26566306190464151 1.1775477815935054 0.16538157138963169 0.16060978364422318 

1.2000000000000008 3 96.6746
1 0.19087573873214925 -0.029021367334688623 -0.028184007984250088 -2.0004421788310034 -0.19247853634677839 -0.18692491440972026 
1 -0.19730105741198772 0.30067913114609091 0.29200357569115015 0.79412418223037873 -0.022722801107368833 -0.022067175549136241 
1 0.0064253186769823254 -0.2716577638109296 -0.26381956769792447 1.2063179965920725 0.21520133745533332 0.20899208997674951 

1.2100000000000009 3 96.6756
1 0.1706219122316108 -0.031090808032300899 -0.030193738693031772 -2.0501682854539647 -0.22226575747893995 -0.21585267885738357 
1 -0.18925203339329538 0.30032263200266057 0.2916573626892735 0.81571439823182834 -0.048812186761087846 -0.047403798910324285 
1 0.018630121158752361 -0.26923182396987316 -0.26146362398711814 1.2344538872136726 0.27107794424121601 0.26325647778560435 

1.2200000000000009 3 96.6767
1 0.14987787511264342 -0.033485304812499068 -0.032519146575847882 -2.0982239328100296 -0.25764127079483562 -0.25020749537010045 
1 -0.18098632658379066 0.29969795968999585 0.29105071417259337 0.83743597896739075 -0.076379622295522795 -0.074175825681688234 
1 0.031108451468134932 -0.26621265487701323 -0.25853156758743595 1.2607879538342233 0.33402089309153477 0.32438332106967199 

1.2300000000000009 3 96.6777
1 0.12866922288764313 -0.036265315252036169 -0.035218944814821837 -2.1427170737114798 -0.29951894042475941 -0.29087686017251724 
1 -0.17250344396623521 0.2987896870210513 0.29016864807773107 0.85911683739406619 -0.10555214852496969 -0.1025066311433592 
1 0.04383422107549622 -0.26252437176851778 -0.25494970325342492 1.2836002363090984 0.40507108895090566 0.39338349133374562 

1.2400000000000009 3 96.6788
1 0.10704417264463859 -0.039500156503573566 -0.038360450540869111 -2.1809880410656617 -0.34872862880129146 -0.33866669150948958 
1 -0.16380485929753782 0.29758120753526218 0.28899503709370944 0.88053516006031107 -0.136436222688853 -0.13249960090262722 
1 0.056760686649714912 -0.25808105103117029 -0.2506345865432027 1.3004528809970382 0.48516485149131633 0.4711662924299917 

1.2500000000000009 3 96.6798
1 0.085081958410872363 -0.043266128312628965 -0.042017762007599609 -2.209479605427612 -0.40578869345455404 -0.39408039063707534 
1 -0.154894516719632 0.29605501827628727 0.28751288328051045 0.90141927574132519 -0.16910174920263973 -0.16422262240877433 
1 0.069812558305493003 -0.25278888996311671 -0.24549512126309378 1.3080603296779787 0.57489044265834544 0.55830301306370256 

1.2600000000000009 3 96.6809
1 0.062901893670907719 -0.04764172769935756 -0.046267111344847678 -2.2237573081806858 -0.47055050633803985 -0.45697361790364882 
1 -0.14577929450497737 0.29419317638956705 0.28570476149237611 0.92145646914803236 -0.20356369685499767 -0.19769023255301588 
1 0.082877400830722606 -0.24655144868966666 -0.23943765013752033 1.3023008390245312 0.67411420319420434 0.65466385047454667 

1.2700000000000009 3 96.6819
1 0.040670787467318455 -0.052698753058374563 -0.051178225333706417 -2.2188499844907064 -0.5417444906865142 -0.52611342789787052 
1 -0.13646931899054399 0.29197793684943857 0.28355343870438637 0.94031467916452782 -0.23976513052071569 -0.23284713897072781 
1 0.095798531519797336 -0.23927918379049254 -0.2323752133604963 1.2785353053180097 0.7815096212084538 0.75896056688646318 

1.2800000000000009 3 96.6836
1 0.018604621436609688 -0.058488920139175921 -0.056801327558746 -2.1900768961998538 -0.61657315027822757 -0.5987830411192917 
1 -0.12697798890417653 0.28939252645013824 0.2810426256714893 0.95767859983798309 -0.27756820123335046 -0.26955947007946374 
1 0.1083733674640632 -0.23090360631036297 -0.22424129810238033 1.2323982963536726 0.89414135151278984 0.86834251121658934 

1.2900000000000009 3 96.6857
1 -0.0030405589614003101 -0.06502778895926023 -0.063151529081150792 -2.1343477375335129 -0.69063576915917813 -0.67070871635664375 
1 -0.11732158085216544 0.28642193559478368 0.27815774587172681 0.973296042024962 -0.31676079115886446 -0.30762122832367672 
1 0.12036213980998073 -0.22139414663490073 -0.21500621678002141 1.1610516955004484 1.0073965603192312 0.97832994469812529 

1.3000000000000009 3 96.6883
1 -0.023991612013168937 -0.072280897213711268 -0.070195361943809848 -2.0515289016894074 -0.75848061394504052 -0.73659602018567294 
1 -0.1075183848050663 0.28305354304266245 0.27488654222757603 0.98702314936122015 -0.35708353519371627 -0.3467805321133941 
1 0.13150999681453845 -0.21077264582829469 -0.20469118027306712 1.0645057523199948 1.1155641491398227 1.0833765523168875 

1.3100000000000009 3 96.691
1 -0.043992148722188283 -0.080158781806946147 -0.077845944347858589 -1.945119570176449 -0.81479124832056893 -0.79128191249794089 
1 -0.097587457079408108 0.27927737728882696 0.27121933094398748 0.99885323804332704 -0.39827416938969729 -0.38678268465480037 
1 0.14157960579781212 -0.19911859548126171 -0.19337338658523548 0.94626633212464784 1.2130654177111213 1.1780645971705466 

1.320000000000001 3 96.6925
1 -0.06283699768744172 -0.088525208931773625 -0.085970973267537387 -1.8216545235661576 -0.85572781823445898 -0.83103733132367008 
1 -0.087547215005411225 0.27508589388741217 0.26714878525639313 1.0089187484101212 -0.44011755836159394 -0.42741875790723266 
1 0.15038421268897845 -0.18656068495501288 -0.18117781197778299 0.81273577514752038 1.2958453765968478 1.2584560892487424 

1.330000000000001 3 96.6936
1 -0.080394768006427156 -0.09721663874202463 -0.094411627504768808 -1.689028264615162 -0.87973090097920492 -0.85434784829235744 
1 -0.077414145572874959 0.27047328516378166 0.26266926506023569 1.0174678596422275 -0.48248705946991688 -0.46856576327678484 
1 0.15780891357534793 -0.17325664642113137 -0.1682576375442158 0.67156040496446423 1.3622179604499334 1.3229136115869964 

1.340000000000001 3 96.6947
1 -0.096611861104702185 -0.10606538107114753 -0.10300505529110847 -1.5546301365769357 -0.88745071494830685 -0.86184492091536657 
1 -0.067201824843120331 0.26543445895525486 0.25777582511800406 1.0248283354062873 -0.52536875013416517 -0.51021017989395323 
1 0.16381368594378407 -0.15936907788347618 -0.15477076981547269 0.5298018011621578 1.4128194650832873 1.3720551008271409 

1.350000000000001 3 96.6958
1 -0.11150058412318475 -0.11491847861507755 -0.1116027126303606 -1.4241246533292136 -0.8810387752749681 -0.85561798622691432 
1 -0.056920298147056569 0.25996385925673038 0.25246306973315397 1.0313737825652016 -0.56886975417733709 -0.55245604071650911 
1 0.16842088226612614 -0.14504538064101188 -0.14086035709118511 0.39275087075550663 1.4499085294530951 1.4080740269612946 

1.360000000000001 3 96.6969
1 -0.12511952418218186 -0.12364838305492283 -0.12008073138093925 -1.3011094789646656 -0.8632933446167208 -0.83838456804917083 
1 -0.046575740350525696 0.2540542509859906 0.24672397257870873 1.0375024707080334 -0.61321870965019487 -0.59552538685552692 
1 0.17169526452849712 -0.13040586793040504 -0.12664324118598436 0.26360700824813549 1.476512054267717 1.4339099549225682 

1.370000000000001 3 96.698
1 -0.13755389043804722 -0.13215592145859228 -0.12834280006731363 -1.1873865421109333 -0.83700775123645288 -0.81285739818261005 
1 -0.03617024839895111 0.24769549859371051 0.24054869054844302 1.0436322069649187 -0.6587680875980908 -0.63976051943847556 
1 0.17372413883270532 -0.11553957713446537 -0.11220589046916159 0.14375433513753885 1.4957758388353413 1.4526179176389795 

1.380000000000001 3 96.6991
1 -0.14890002739542438 -0.14036823666708659 -0.13631816369277111 -1.0834692224164588 -0.80461517489530165 -0.7813994513631477 
1 -0.025701605238717635 0.24087327582525661 0.23392331074598791 1.0502110554372219 -0.70600697641956367 -0.68563641509785234 
1 0.17460163262975542 -0.10050503915750385 -0.097605147041083654 0.033258166970772524 1.510622151315604 1.4670358664789409 

1.390000000000001 3 96.7002
1 -0.15925505531409337 -0.14823442735887624 -0.14395738960183227 -0.98907231367408976 -0.76806753071258438 -0.74590632371049759 
1 -0.015162858474854829 0.23356756184718205 0.22682839000304417 1.0577438530494943 -0.75559247602343216 -0.73379121430673722 
1 0.17441791378448421 -0.085333134487636672 -0.082871000388911875 -0.068671539383869093 1.5236600067367549 1.4796975380352091 

1.400000000000001 3 96.7013
1 -0.16871085263732297 -0.15572072948505161 -0.15122768794648661 -0.9034833923042751 -0.72884931857549962 -0.70781968253806238 
1 -0.004541543294057886 0.22575068768012618 0.21923705767887891 1.0668378290811513 -0.80841051615162063 -0.78508528489796614 
1 0.17325239592681954 -0.07002995819439195 -0.06800936971991875 -0.16335443678526812 1.5372598347279305 1.4929049674539336 

1.410000000000001 3 96.7024
1 -0.17735110177376801 -0.16280617544346765 -0.15810869610704398 -0.82580703197409866 -0.68804929400375359 -0.66819686928337529 
1 0.0061816841651371746 0.21738455305590901 0.21111231282001974 1.0782773897263616 -0.8656853161779331 -0.84070752359737611 
1 0.17116941760398302 -0.054578377611749412 -0.053003616700341753 -0.25247035776064641 1.5537346101824536 1.5089043928986445 

1.420000000000001 3 96.7035
1 -0.18525025031583744 -0.16947906123872969 -0.16458904778581299 -0.75510922006570891 -0.64644531167362096 -0.62779329502521675 
1 0.017035395482867265 0.20841635630647792 0.20240287725556011 1.0931513118877521 -0.92917649190320939 -0.90236677565729506 
1 0.16821485482824733 -0.038937295067053151 -0.037813829456933325 -0.33804209183042694 1.5756218035775464 1.5301600707003848 

1.430000000000001 3 96.7049
1 -0.19247355380194595 -0.17573423543887454 -0.17066374018615366 -0.69049423598943327 -0.60458185339869575 -0.58713773153394933 
1 0.028061471050175049 0.19877159012456966 0.19303639345255663 1.1130848176424133 -1.0015496344834933 -0.97265172139576928 
1 0.16441208274699357 -0.023037354684988538 -0.022372653253414344 -0.42259058166132629 1.606131487882859 1.5597894529474907 

1.4400000000000011 3 96.7074
1 -0.19907766064893917 -0.18157109535395119 -0.17633218800766748 -0.63113980058598029 -0.56283353921135637 -0.54659398985474095 
1 0.039322499681047104 0.18834169156183789 0.18290743085125019 1.1407033446539085 -1.0871273876359087 -1.0557602824216548 
1 0.15975516096306805 -0.006770596207184414 -0.0065752428304502271 -0.5095635440762708 1.6499609268482405 1.6023542722943382 

1.4500000000000011 3 96.7101
1 -0.20511141629654678 -0.18699214618304244 -0.18159682416640074 -0.57630807410334839 -0.52145448593789712 -0.50640885473004493 
1 0.050916240484550783 0.17696020808424651 0.17185433960608823 1.1806740106443117 -1.1935871135454648 -1.1591483044439188 
1 0.15419517580709735 0.010031938099494139 0.0097424845736280574 -0.60436593654948323 1.7150415994842563 1.6655571591919016 

1.4600000000000011 3 96.7135
1 -0.21061670393216547 -0.19200199288233566 -0.18646212075084159 -0.52534331749543828 -0.48061601784750591 -0.46674870717526762 
1 0.063007391212111505 0.16435068777643377 0.15960864432436897 1.2424522588022142 -1.3364553124082206 -1.2978942984263244 
1 0.14760931271508487 0.02765130510653303 0.026853476439869482 -0.71710894131428649 1.8170713302574535 1.7646430056197429 

1.4700000000000011 3 96.7163
1 -0.21562922131648826 -0.19660666536699725 -0.19093393369378595 -0.4776620851022626 -0.4404362920214126 -0.42772829506137428 
1 0.075911641116630735 0.14998881765501101 0.14566116013066127 1.3495608025447547 -1.5543523223606053 -1.5095042821204858 
1 0.13971758019454134 0.046617847712562534 0.045272773576615147 -0.87189871745073766 1.9947886143804867 1.9372325772009391 

1.4800000000000011 3 96.7714
1 -0.22017913096414751 -0.20081321972659974 -0.19501911549368142 -0.43273753695468009 -0.40100706340939724 -0.38943672591496448 
1 0.090408411201649316 0.13258729641940006 0.1287617284878734 1.5895501970114783 -1.9916669096310542 -1.9342009436422323 
1 0.12977071975720933 0.068225923307479674 0.066257387019607025 -1.156812660064549 2.3926739730397442 2.3236376695751382 

