0 3 0
1 1 0 0 0 0 0 
1 -0.30732308926103763 -0.3805943281635833 -0.16537898704273529 0 0 0 
1 -0.69267691073896231 0.3805943281635833 0.16537898704273529 0 0 0 

0.01 3 0.00157809
1 0.99995867919157744 -3.7797710486793672e-06 -1.6424172958651892e-06 -0.0082643043013469249 -0.00075594338877103427 -0.00032847875715813279 
1 -0.30732290623359687 -0.3805372764961184 -0.16535419648156352 3.6430606709792535e-05 0.01141077224661626 0.0049583028854535676 
1 -0.69263577295798062 0.38054105626717089 0.16535583889885935 0.0082278736946371413 -0.01065482885784525 -0.0046298241282954232 

0.02 3 0.002666
1 0.99983470820845477 -1.5118434701924007e-05 -6.5693869604944024e-06 -0.016530320316781321 -0.0015117568397257336 -0.00065690105266443585 
1 -0.30732236764868631 -0.38036609516091718 -0.16527981335569561 7.0760976614553137e-05 0.02282681232063144 0.0099188947907235536 
1 -0.6925123405597664 0.38038121359562088 0.16528638274265617 0.016459559340166786 -0.021315055480905822 -0.0092619937380590597 

0.029999999999999999 3 0.00317597
1 0.99962806136842985 -3.4014040123501455e-05 -1.4780061300435171e-05 -0.024799761490137018 -0.0022673099432203654 -0.0009852102198447555 
1 -0.30732150504384553 -0.38008070508356318 -0.16515580330506666 0.00010088180502929824 0.034253403254946191 0.014884071342846188 
1 -0.69230655632458471 0.38011471912368938 0.16517058336636764 0.024698879685107637 -0.031986093311725923 -0.013898861123001361 

0.040000000000000001 3 0.00368595
1 0.99933869583901136 -6.046332804886358e-05 -2.6273024073170134e-05 -0.033074344728284882 -0.0030224713440071176 -0.0013133491811332437 
1 -0.30732037113304489 -0.37968097421955377 -0.16498210895260887 0.00012466557782531726 0.045695858602984238 0.019856141430887309 
1 -0.69201832470596181 0.37974143754760753 0.16500838197668299 0.032949679150459571 -0.042673387258977159 -0.01854279224975398 

0.050000000000000003 3 0.00421095
1 0.99896655159405423 -9.4461718944755402e-05 -4.1046285342132124e-05 -0.041355792141521956 -0.0037771082635482227 -0.0016412602405043619 
1 -0.30731904003507216 -0.37916671717163702 -0.16475864973797866 0.00013995728147751565 0.057159537974203527 0.024837433956560601 
1 -0.69164751155897919 0.37926117889058625 0.16479969602332212 0.04121583486004432 -0.053382429710655314 -0.023196173716056243 

0.060000000000000005 3 0.00471997
1 0.99851155135301661 -0.00013600329636417497 -5.90972742439641e-05 -0.049645832794628746 -0.0045310860164393067 -0.001968884873345172 
1 -0.30731760759587051 -0.37853769465023135 -0.16448532168309377 0.00014456488795254837 0.068649862903994038 0.029830304730146816 
1 -0.69119394375714305 0.37867369794660161 0.16454441895733929 0.049501267906676166 -0.064118776887554685 -0.027861419856801607 

0.070000000000000007 3 0.00521994
1 0.99797360050258255 -0.0001850807854277384 -8.0422829638065153e-05 -0.057946204472194333 -0.0052842675189284172 -0.0022961635128929429 
1 -0.30731619180751057 -0.37779361277298262 -0.16416199708776857 0.00013624953451357122 0.080172333176327298 0.034837143563145545 
1 -0.69065740869506942 0.37797869355841657 0.16424241991740965 0.05780995493768102 -0.074888065657398584 -0.03254098005025266 

0.080000000000000002 3 0.00693512
1 0.99735258700056828 -0.00024168552634216162 -0.00010501918859962174 -0.066258655461842217 -0.0060365127874730719 -0.00262303533234405 
1 -0.30731493332721682 -0.37693412219831091 -0.16378852415321993 0.00011271531420658037 0.091732543723630391 0.039860381611748326 
1 -0.69003765367335146 0.37717580772465858 0.16389354334182185 0.066145940147636043 -0.085696030936156881 -0.037237346279404185 

0.089999999999999997 3 0.0079453
1 0.99664838126189081 -0.00030580744284573259 -0.00013288197270827352 -0.074584946359030541 -0.0067876784252233896 -0.0029494380217164069 
1 -0.30731399610081289 -0.37595881708653073 -0.16336472653063741 7.1598587230327056e-05 0.10333620223622322 0.044902499028636376 
1 -0.68933438516107959 0.37626462452938098 0.16349760850334885 0.074513347771800492 -0.096548523810999251 -0.041953061006919957 

0.099999999999999992 3 0.00869036
1 0.99586083602636088 -0.00037743500544918762 -0.00016400617207523927 -0.082926851897161827 -0.007537617094253009 -0.0032753075585188326 
1 -0.30731356809585592 -0.37486723388073806 -0.16289040279145264 1.0456716451808312e-05 0.1149891476234796 0.049966032984876785 
1 -0.68854726793050747 0.37524466888619123 0.1630544089635306 0.082916395180710575 -0.10745153052922582 -0.046690725426358 

0.10999999999999999 3 0.00945234
1 0.99498978620802947 -0.00045655518931828569 -0.00019838612704209946 -0.09128616280679086 -0.0082861769712801701 -0.0036005779712465248 
1 -0.30731386215072093 -0.37365884989818587 -0.16236532581524654 -7.32438781461143e-05 0.12669736948081903 0.055053586128880082 
1 -0.68767592405731337 0.37411540508750829 0.16256371194229191 0.091359406684937486 -0.11841119250953849 -0.051453008157633547 

0.11999999999999998 3 0.0104814
1 0.99403504872579396 -0.00054315342662128354 -0.00023601550747443252 -0.099664687707785166 -0.009033201184531426 -0.0039251810946824258 
1 -0.30731511694702202 -0.37233308172127721 -0.16178924209059284 -0.00018214046150396104 0.1384670287310448 0.060167835555644741 
1 -0.68671993177877211 0.37287623514790214 0.16202525759807032 0.099846828169289428 -0.12943382754651284 -0.056242654460962271 

0.12999999999999998 3 0.0135975
1 0.99299642231486929 -0.00063721355314059547 -0.00027688728956307525 -0.10806425503838395 -0.009778527229295994 -0.0042490463159391076 
1 -0.30731759811397003 -0.37088928337549726 -0.16116187092331594 -0.00031898764961071598 0.15030447962567536 0.065311542366957243 
1 -0.68567882420089488 0.3715264969286412 0.16143875821288223 0.10838324268799494 -0.14052595239637833 -0.061062496051018156 

0.13999999999999999 3 0.0146914
1 0.99187368731881931 -0.00073871774892281814 -0.00032099373003487575 -0.11648671502516766 -0.010521986359601177 -0.0045721003101244859 
1 -0.30732159947459309 -0.3693267442796862 -0.16048290354582759 -0.00048667214176226561 0.16221629331222842 0.070487561912044416 
1 -0.68455208784422394 0.37006546202861179 0.160803897275866 0.11697338716692969 -0.15169430695262728 -0.065915461601919828 

0.14999999999999999 3 0.0159085
1 0.990666605461622 -0.00084764647271488478 -0.00036832633766335066 -0.12493394169805017 -0.011263402953308174 -0.0048942667644580823 
1 -0.30732744444525772 -0.36764468695186137 -0.15975200212024498 -0.00068822867807844684 0.17420928319738591 0.075698854808581378 
1 -0.68333916101635961 0.36849233342458082 0.1601203284579116 0.12562217037612855 -0.16294588024407827 -0.070804588044122832 

0.16 3 0.0169935
1 0.98937491959935686 -0.00096397838990651148 -0.00041887584195764995 -0.13340783495451009 -0.012002593847781032 -0.0052154660896004072 
1 -0.30733548760164592 -0.36584226445137313 -0.1589687986269302 -0.00092685740154833062 0.18629053236413989 0.080948498856219214 
1 -0.68203943199770556 0.36680624284128421 0.15938767446889038 0.13433469235605841 -0.17428793851635932 -0.075733032766618372 

0.17000000000000001 3 0.0181134
1 0.98799835345099341 -0.0010876902936697035 -0.00047263215889543821 -0.14191032267735826 -0.012739367643120109 -0.0055356151168881786 
1 -0.30734611642619036 -0.36391855753540781 -0.15813289362891206 -0.0012059428276170292 0.19846742333424397 0.086239701969209256 
1 -0.68065223702479938 0.36500624782908297 0.15860552578780993 0.14311626550497553 -0.18572805569112441 -0.080704086852320861 

0.18000000000000002 3 0.0191953
1 0.98653661130770809 -0.0012187570189552716 -0.00052958435355194775 -0.15044336291046967 -0.013473523969772498 -0.0058546267800903724 
1 -0.30735975325421105 -0.36187257150479446 -0.15724385490130124 -0.0015290746523161228 0.2107476705062773 0.091575816271659005 
1 -0.67917685805349037 0.36309132852375514 0.15777343925485562 0.15197243756278581 -0.19727414653650516 -0.085721189491569413 

0.19000000000000003 3 0.0202963
1 0.98498937772012674 -0.0013571513489732451 -0.00058972059946309121 -0.15900894609700106 -0.014204852717138066 -0.0061724097802158097 
1 -0.3073768574383966 -0.35970323271049315 -0.15630121591326249 -0.0019000706629642564 0.22313935564559259 0.096960353518918449 
1 -0.67761252028172103 0.36106038405947416 0.1568909365127277 0.16090901675996591 -0.20893450292845461 -0.090787943738703344 

0.20000000000000004 3 0.0213745
1 0.98335631716288074 -0.0015028439137495467 -0.00065302813454544905 -0.16760909738473909 -0.014933133219577625 -0.0064888682318106402 
1 -0.30739792775416491 -0.35740938468817612 -0.15530447414837303 -0.0023230020544853392 0.2356509668565635 0.10239700203211841 
1 -0.67595838940870656 0.35891222860193456 0.15595750228292043 0.16993209943922602 -0.22071783363698641 -0.095908133800308479 

0.21000000000000005 3 0.0224974
1 0.98163707367572028 -0.0016558030803138313 -0.00071949321337980848 -0.17624587900331706 -0.015658133395997458 -0.0068039012890835863 
1 -0.30742350507163024 -0.35498978388361963 -0.15425308924719494 -0.0028022215005913823 0.2482914415314886 0.10788964536068632 
1 -0.67421356860407911 0.35664558696394127 0.15497258246057688 0.17904810050391046 -0.23263330813549157 -0.10108574407160331 

0.22000000000000006 3 0.0242355
1 0.9798312704804979 -0.0018159948340342434 -0.00078910105564774136 -0.18492139271816541 -0.016379608838936174 -0.0071174027500883613 
1 -0.30745417532373093 -0.35244309492639986 -0.15314648095355465 -0.003342394383903153 0.26107021384622375 0.11344238292053893 
1 -0.6723770951567597 0.35425908976043841 0.15393558200920476 0.18826378710206923 -0.24469060500728809 -0.10632498017045092 

0.23000000000000007 3 0.0253415
1 0.97793850957320938 -0.0019833826505725391 -0.00086183579049251393 -0.19363778236614762 -0.017097301848810142 -0.0074292606370760612 
1 -0.30749057280436709 -0.3497678854031841 -0.15198402684339696 -0.0039485336543248085 0.27399726746242681 0.11905955289469602 
1 -0.67044793676883485 0.35175126805376128 0.1528458626338916 0.19758631602047255 -0.25689996561361705 -0.11163029225761985 

0.24000000000000007 3 0.0264575
1 0.97595837129023044 -0.0021579273578883301 -0.00093768039655597662 -0.20239723647793983 -0.017810940408685014 -0.0077393567510045686 
1 -0.3075333838355172 -0.34696262007483097 -0.15076505981194493 -0.0046260388628607107 0.2870831942032262 0.12474575772951653 
1 -0.6684249874547048 0.34912054743272364 0.15170274020850258 0.20702327534080123 -0.26927225379454156 -0.11700640097851203 

0.25000000000000006 3 0.0275455
1 0.97389041384789143 -0.0023395869876731102 -0.0010166166374225342 -0.21120199099227357 -0.018520237094633019 -0.0080475661980576804 
1 -0.30758335084818489 -0.34402565447318567 -0.14948886529133118 -0.0053807400113206902 0.30033925959677732 0.13050589261522566 
1 -0.66630706299969478 0.34636524146086251 0.15050548192875432 0.21658273100359435 -0.28181902250214697 -0.12245832641716778 

0.26000000000000006 3 0.0286505
1 0.97173417285441965 -0.0025283166155441461 -0.0010986249921788036 -0.22005433206722372 -0.019224887916404847 -0.0083537568858847219 
1 -0.3076412769290115 -0.34095522780381576 -0.14815467816663128 -0.0062189469704401999 0.31377747633513264 0.13634517740586669 
1 -0.66409289592539533 0.34348354441936296 0.14925330315881097 0.226273279037665 -0.29455258841873022 -0.12799142051998247 

0.27000000000000007 3 0.0297337
1 0.96948916079327796 -0.0027240681892731805 -0.0011836845807741846 -0.22895659899377302 -0.019924571082801736 -0.0086577889871193928 
1 -0.30770803089254778 -0.33774945506953058 -0.1467616793533196 -0.0071475053541644011 0.32741068687979652 0.14226919251375214 
1 -0.66178112990071591 0.34047352325880909 0.14794536393409524 0.23610410434793813 -0.30748611579699814 -0.13361140352663342 

0.28000000000000008 3 0.0305367
1 0.96715486647680571 -0.0029267903442678311 -0.0012717730838422761 -0.23791118721684565 -0.020618945685764521 -0.0089595143675796664 
1 -0.30778455294884888 -0.33440631831617601 -0.14530899199330896 -0.0081738599016533426 0.34125265666746391 0.14828391940998939 
1 -0.65937031352794662 0.33733310866045058 0.14658076507715315 0.24608504711849982 -0.32063371098170534 -0.13932440504240984 

0.29000000000000009 3 0.0310378
1 0.9647307544691226 -0.0031364282054609166 -0.0013628666566162214 -0.24692055146899533 -0.021307650296820465 -0.0092587759763841978 
1 -0.30787186104755365 -0.33092365688629666 -0.14379567721989786 -0.0093061266178654407 0.35531817963869616 0.15439578647966615 
1 -0.65685889342155912 0.33406008509176482 0.14515854387651633 0.2562266780868605 -0.33401052934188463 -0.14513701050328284 

0.3000000000000001 3 0.0315418
1 0.96221626447708031 -0.0033529231746981998 -0.0014569398365426528 -0.25598720902179339 -0.021990301469135245 -0.0095554071950513172 
1 -0.30797105799326091 -0.32729915654751779 -0.14222072943374575 -0.010553175167172933 0.36962319814029521 0.16061172112282657 
1 -0.65424520648380924 0.33065207972222388 0.14367766927029035 0.26654038418896553 -0.34763289667116964 -0.15105631392777602 

0.31000000000000011 3 0.0320439
1 0.95961081070811605 -0.0035762127026450334 -0.0015539654441686995 -0.26511374305980945 -0.022666492138017524 -0.0098492311424734722 
1 -0.30808333944345861 -0.32353033734001202 -0.14058307102225062 -0.011924723313645753 0.38418493965344847 0.16693920916670571 
1 -0.65152747126464639 0.32710655004266598 0.14213703646642162 0.27703846637345242 -0.36151844751543971 -0.15708997802423302 

0.32000000000000012 3 0.032542
1 0.95691378119372072 -0.0038062300441589442 -0.0016539144768444596 -0.27430280618178504 -0.023335789912329347 -0.010140059932486574 
1 -0.30821000291990724 -0.31961453996051215 -0.13888154644301964 -0.013431445570984867 0.39902207329321016 0.17338636286918283 
1 -0.64870377827380277 0.32342077000468145 0.14053546091986671 0.2877342517527689 -0.37568628338089199 -0.16324630293669865 

0.33000000000000013 3 0.0330379
1 0.9541245370772472 -0.0040429039959980215 -0.001756755994749896 -0.28355712403325617 -0.023997735248862052 -0.010427693880584676 
1 -0.30835245798828181 -0.31554891046794692 -0.13711491557803482 -0.015085098683515909 0.41415488963502423 0.17996199905847748 
1 -0.64577207908895695 0.31959181446395396 0.13887167157278774 0.29864222271677171 -0.39015715438617016 -0.16953430517789522 

0.34000000000000014 3 0.033536
1 0.95124241186472513 -0.0042861586156533451 -0.0018624569987195964 -0.29287949907431005 -0.024651839501373875 -0.010711920656172018 
1 -0.30851223778981723 -0.31133038305656036 -0.13528184624809086 -0.016898667131919547 0.42960550818226273 0.18667572928366216 
1 -0.64273017407489885 0.31561654167222208 0.13714430324681384 0.30977816620622972 -0.40495366868089466 -0.17596380862749209 

0.35000000000000014 3 0.0340359
1 0.94826671063727752 -0.0045359129200093929 -0.0019709822993021378 -0.30227281448551102 -0.025297582835656543 -0.010992514376600128 
1 -0.30869101214408018 -0.30695566059468993 -0.1333809057563386 -0.018886532576073884 0.4453981177371506 0.1935380642626166 
1 -0.63957569849319262 0.31149157351470702 0.13535188805564463 0.321159347061586 -0.42010053490150023 -0.18254554988601909 

0.36000000000000015 3 0.0347378
1 0.94519670922383703 -0.0047920805624478476 -0.0020822943764526379 -0.31174003821409624 -0.025934412001734557 -0.011269234639125991 
1 -0.30889060248551981 -0.30242119256896999 -0.13141055130441906 -0.021064672055711258 0.46155925613026566 0.20056053543239721 
1 -0.63630610673830945 0.30721327313142038 0.13349284568087422 0.33280471026980485 -0.43562484412853886 -0.18929130079327411 

0.37000000000000016 3 0.0354338
1 0.94203165333263983 -0.0050545694869224391 -0.0021963532292185364 -0.32128422716132093 -0.026561737954126526 -0.011541825486847641 
1 -0.30911299895011873 -0.2977231500020428 -0.12936911909350848 -0.023450890925928225 0.47811813727543151 0.20775583706382905 
1 -0.63291865438251205 0.30277771948896248 0.13156547232273227 0.34473511808724733 -0.45155639932130859 -0.19621401157698418 

0.38000000000000017 3 0.0361297
1 0.93877075764012963 -0.0053232815574373168 -0.0023131162147373417 -0.33090853151043981 -0.027178933311068139 -0.011810014304665849 
1 -0.30936037999548044 -0.29285739682274586 -0.1272548118838486 -0.026065097985270388 0.49510703544212914 0.21513799323871755 
1 -0.62941037764463337 0.29818067838017542 0.12956792809858919 0.35697362949570788 -0.4679281021310604 -0.20332797893405158 

0.39000000000000018 3 0.0368218
1 0.93541320483601409 -0.0055981121612756072 -0.0024325378758283693 -0.34061619919267622 -0.027785329643735972 -0.012073510641374033 
1 -0.30963513502123841 -0.28781945705716749 -0.12506568473832921 -0.028929632168849934 0.51256173911514913 0.22272255506469882 
1 -0.62577806981475537 0.29341756921843476 0.12749822261415994 0.36954583136152491 -0.48477640947140882 -0.21064904442332827 

0.40000000000000019 3 0.0375109
1 0.93195814462279947 -0.0058789497842347696 -0.0025545697564204129 -0.35041058048633605 -0.028380214586920065 -0.012332004954164791 
1 -0.30993989056242777 -0.28260447706988873 -0.12279962861524955 -0.032069652669642804 0.53052209001538775 0.23052683489499701 
1 -0.6220182540603435 0.28848342685411843 0.1253541983716735 0.38248023315597907 -0.5021418754284539 -0.21819482994083608 

0.4100000000000002 3 0.0382099
1 0.9284046926688504 -0.0061656755560423413 -0.0026791602040220968 -0.36029513274088609 -0.028962828763361845 -0.0125851672721678 
1 -0.31027754076268105 -0.27720718190889576 -0.12045435139894836 -0.035513607623868973 0.54903262704216016 0.23857018613955164 
1 -0.61812715190612799 0.28337285746493024 0.12313351160297333 0.39580874036475461 -0.52006979827878441 -0.22598501886738678 

0.42000000000000021 3 0.0389011
1 0.92475192951357799 -0.0064581627640558064 -0.0028062541584108367 -0.37027342521414797 -0.029532362515193256 -0.012832645776166933 
1 -0.31065128300605643 -0.27162182458390688 -0.11802735585979909 -0.039293800834245218 0.56814336041286606 0.24687433965056194 
1 -0.61410064650746576 0.27807998734795503 0.12083361001821202 0.4095672260483908 -0.53861099789764866 -0.23404169387439777 

0.43000000000000022 3 0.040045
1 0.92099889942373181 -0.006756276333291969 -0.0029357929256905507 -0.38034914400572112 -0.030087952437792921 -0.013074065292464073 
1 -0.31106465980874121 -0.26584212682006791 -0.11551591391002333 -0.043447081812583534 0.58791070861238637 0.25546381085348913 
1 -0.6099342396149261 0.27259840315335399 0.1184517068357171 0.42379622581830279 -0.55782275617455945 -0.24238974556102139 

0.44000000000000022 3 0.041559
1 0.91714460920002228 -0.0070598722707965597 -0.0030677139368550438 -0.39052609706365049 -0.030628677714106649 -0.013309025700036696 
1 -0.31152160836188275 -0.25986120945609953 -0.11291703635971397 -0.048015692281677631 0.60839864062593041 0.26436639607947066 
1 -0.60562300083807008 0.26692108172689499 0.11598475029657281 0.43854178934532545 -0.5777699629117774 -0.25105737037942161 

0.45000000000000023 3 0.0430911
1 0.91318802693341627 -0.0073687970723670055 -0.0032019504899917983 -0.40080821923364474 -0.031153556251363165 -0.013537100251832497 
1 -0.31202651949917448 -0.25367151016764228 -0.11022743716530728 -0.053048313032209062 0.62968007932970116 0.2736137823782212 
1 -0.60116150743417707 0.26104030724000704 0.11342938765530348 0.4538565322658546 -0.5985265230782939 -0.26007668212637242 

0.46000000000000024 3 0.0446081
1 0.90912808071087758 -0.0076828870896802721 -0.0033384314752817287 -0.41119957731021317 -0.03166154062754372 -0.013757833813395676 
1 -0.31258430837221357 -0.24726468555068412 -0.10744349088206614 -0.058601369934596387 0.65183864034448014 0.28324230309904314 
1 -0.59654377233860478 0.25494757264036111 0.11078192235735111 0.46980094724481136 -0.62017709971691459 -0.26948446928563125 

0.47000000000000025 3 0.046206
1 0.90496365727080497 -0.0080019678559941233 -0.003477081081996642 -0.4217043750368718 -0.032151513862484195 -0.013970741025290837 
1 -0.31320049980309989 -0.24063149373571488 -0.10456118165661743 -0.064740678835912058 0.67497080633442175 0.29329388268505208 
1 -0.5917631574676393 0.24863346159170763 0.10803826273861811 0.4864450538727752 -0.64281929247192415 -0.27932314165974559 

0.48000000000000026 3 0.0478311
1 0.90069360060901449 -0.0083258533687814232 -0.0036178184867841023 -0.43232695798652854 -0.032622285038827699 -0.014175304400284547 
1 -0.31388133222143733 -0.23376165253271233 -0.10157604158692993 -0.071543538894174544 0.69918867301256571 0.30381722989017823 
1 -0.58681226838750411 0.24208750590149489 0.10519386007371752 0.50387049688069774 -0.66656638797372381 -0.28964192548988421 

0.49000000000000027 3 0.0490761
1 0.89631671053685291 -0.0086543453279799877 -0.0037605575226653844 -0.44307181823323244 -0.033072584812215047 -0.014370972372394304 
1 -0.31463388539050224 -0.22664366650006432 -0.098483075578887608 -0.079101427071096214 0.72462345516153837 0.31486936124417614 
1 -0.58168282514629266 0.23529801182804527 0.10224363310155513 0.52217324530432185 -0.69155087034932983 -0.30049838887177338 

0.50000000000000022 3 0.0497742
1 0.89183174119414999 -0.0089872323290269909 -0.0039052063283858394 -0.45394359869997547 -0.033501060869527456 -0.014557157323369088 
1 -0.31546623895164838 -0.2192646140923305 -0.09527666885597573 -0.087523510082876538 0.75143001690490885 0.32651756958350625 
1 -0.57636550224244387 0.22825184642136123 0.099181875184361584 0.54146710878285942 -0.71792895603539852 -0.31196041226012894 

0.51000000000000023 3 0.0504723
1 0.88723739952086678 -0.0093242890105575561 -0.0040516669780661279 -0.46494709703374204 -0.033906273420703924 -0.014733233623753899 
1 -0.31638767142311441 -0.21160988287322827 -0.091950471901838984 -0.096941285543109809 0.77979280328015577 0.33884200148736465 
1 -0.57084972809767776 0.22093417188379205 0.096002138879904358 0.56188838257686124 -0.74588652985947079 -0.32410876786361281 

0.52000000000000024 3 0.0511601
1 0.88253234369315836 -0.0096652751576807097 -0.0041998350915504719 -0.47608726881404789 -0.034286690846471672 -0.014898535741708328 
1 -0.31740891308509284 -0.20366283621501929 -0.088497255631756561 -0.10751481032178342 0.80993372122271146 0.35193908178787914 
1 -0.56512343060796832 0.21332811137270893 0.092697090723306036 0.58360207913584006 -0.77564703037627103 -0.3370405460461704 

0.53000000000000025 3 0.0518491
1 0.87771518153170858 -0.010009934763209966 -0.0043495994264841735 -0.48736922984228503 -0.034640685675571617 -0.01505235649499549 
1 -0.31854247182257456 -0.1954043881973396 -0.084908726674169085 -0.11944120367660904 0.84212278333900881 0.36592613859014878 
1 -0.55917270970903077 0.20541432296056092 0.089258326100652013 0.60681043351889519 -0.80748209766346635 -0.35087378209516196 

0.54000000000000026 3 0.0527761
1 0.87278446889314953 -0.010357995051298429 -0.0045008414540561054 -0.49879825717907667 -0.034966531136883541 -0.015193945552783304 
1 -0.31980305957110555 -0.18681245334242916 -0.081175288265092724 -0.13296648235178168 0.87669274967206479 0.38094776553307452 
1 -0.55298140932195505 0.19717044839373679 0.085676129719148605 0.63176473953085321 -0.84172621853522211 -0.3657538199802971 

0.55000000000000027 3 0.0537081
1 0.8677387080590907 -0.010709165470864703 -0.004653434921613772 -0.51037978848734311 -0.035262398633963694 -0.015322508338261643 
1 -0.32120816038242789 -0.17786122231179757 -0.077285725517867179 -0.14840239779169989 0.91405969264249542 0.39718475783706508 
1 -0.54653054767657006 0.1885703877826721 0.081939160439480491 0.65878218627902962 -0.87879729400859241 -0.38186224949883124 

0.56000000000000028 3 0.054637
1 0.86257634614265877 -0.011063136670361512 -0.0048072454071705186 -0.52211941908535775 -0.035526356636790407 -0.01543720554707158 
1 -0.32277880259775854 -0.16852019013356445 -0.073226783160465936 -0.16615099634785863 0.95475257560772742 0.41486696502367226 
1 -0.53979754354481657 0.1795833268039225 0.078034028567635638 0.68827041543314449 -0.91922621897098145 -0.39942975947663745 

0.57000000000000028 3 0.055563
1 0.85729577353914233 -0.011419579471394922 -0.0049621298734156792 -0.5340228958942338 -0.035756371702155086 -0.015537153590696219 
1 -0.32454063325554305 -0.15875282339928753 -0.068982586394889425 -0.18674149423329947 0.99945697663497479 0.43429229013011089 
1 -0.53275514028352411 0.17017240287067409 0.07394471626830415 0.72076439012746041 -0.96370060493285026 -0.41875513653944801 

0.58000000000000029 3 0.056493
1 0.85189532245733424 -0.011778143867341719 -0.0051179362325841542 -0.54609610714102463 -0.035950312660534785 -0.015621426415774383 
1 -0.32652545432782321 -0.14851468483405628 -0.064533825969868619 -0.21088753964779705 1.049081818572827 0.45585568581034702 
1 -0.52536986812944386 0.16029282870137404 0.069651762202444997 0.75698364678871977 -1.0131315059123116 -0.44023425939460281 

0.5900000000000003 3 0.057415
1 0.84637326558169435 -0.012138458085821979 -0.0052745029390742909 -0.55834506618420998 -0.036105959513704607 -0.015689059370366364 
1 -0.32877349125167937 -0.13775071324976201 -0.059856576243745921 -0.23957975153519909 1.1048651252851416 0.48009510840627639 
1 -0.51759977432994508 0.14988917133555718 0.065131079182815729 0.79792481771936297 -1.0687591657715367 -0.46440604903594929 

0.60000000000000031 3 0.0583432
1 0.84072781493494675 -0.012500127773071428 -0.0054316586350351675 -0.57077588704819282 -0.036221019402284713 -0.015739056142295274 
1 -0.33133687511994553 -0.12639113276033781 -0.054920517622913161 -0.27424261656490417 1.1685493930462121 0.50776772177310103 
1 -0.50939093981493189 0.13889126053336798 0.060352176257944423 0.84501850361303932 -1.1323283736440237 -0.49202866563088643 

0.61000000000000032 3 0.0607173
1 0.83495712104203645 -0.012862735388093799 -0.0055892218871091597 -0.58339474795121116 -0.036293153375358704 -0.015770400391316386 
1 -0.3342852476231884 -0.1143450215921635 -0.049686142028274198 -0.31701663886904763 1.2426889873088172 0.53998346985864309 
1 -0.50067187341876995 0.12720775698020778 0.05527536391537885 0.90041138682021571 -1.2063958339335372 -0.52421306946742741 

0.62000000000000033 3 0.0624814
1 0.82905927254185541 -0.013225839942804008 -0.005747001073515526 -0.59620783681833378 -0.036320020144801277 -0.015782074761606788 
1 -0.33771533680647087 -0.10148962448265782 -0.04410010883050134 -0.37130479160801222 1.3312278205261241 0.57845609403591769 
1 -0.49134393573536755 0.11471546442538411 0.049847109904018187 0.96751262842619112 -1.2949078003812997 -0.56267401927421112 

0.63000000000000034 3 0.0636704
1 0.82303229647503018 -0.013588977307060303 -0.0059047945165973245 -0.60922126840780955 -0.036299347720112 -0.015773092009101569 
1 -0.34176863135997787 -0.087651271617723805 -0.038086953589367895 -0.44293819002904838 1.4406876166562126 0.62601946759762306 
1 -0.48126366511496349 0.10124024892473268 0.043991748105971028 1.0521594584365435 -1.4043882689359091 -0.61024637558827133 

0.64000000000000035 3 0.0652115
1 0.81687415961690268 -0.013951661449820766 -0.0060623910221357718 -0.62244095355286067 -0.03622905382978172 -0.015742547328023812 
1 -0.34666760559474769 -0.072567856658957708 -0.031532783696533173 -0.54301319033394957 1.5829310405385135 0.68782825352657884 
1 -0.47020655402247002 0.086519518108745336 0.037595174718702037 1.1654541438871726 -1.5467019867094731 -0.67208570619834473 

0.65000000000000036 3 0.0667455
1 0.81058277151461611 -0.014313387299369556 -0.0062195711222002934 -0.63587237922739004 -0.036107460447583783 -0.015689711568563251 
1 -0.35280211864709521 -0.055804083265702145 -0.024248450595263971 -0.696268306086815 1.7828389491607421 0.77469388704599529 
1 -0.45778065286802827 0.070117470565030052 0.03046802171752425 1.3321406853141453 -1.7467314887139935 -0.75900417547692933 

0.66000000000000036 3 0.100627
1 0.80415599055274456 -0.014673636652589472 -0.0063761096429002899 -0.64952019496791702 -0.035933721105150203 -0.015614216916279419 
1 -0.36099266309194689 -0.036512840713532758 -0.015865860745675513 -0.97514682915186213 2.1068104033728172 0.91546863581127913 
1 -0.44316332746088821 0.051186477366084462 0.022241970388644592 1.6246670241201164 -2.0708766822697475 -0.89985441889390183 

0.67000000000000037 3 0.148794
1 0.79759163636785657 -0.015031890917193152 -0.0065317812412345223 -0.66338724442033381 -0.035708901124591359 -0.015516526283730177 
1 -0.37382160210895954 -0.012395844401405884 -0.0053863445640872087 -1.7818117793149792 2.8577229529353172 1.24176135121512 
1 -0.42377003425973259 0.027427735318644536 0.01191812580543657 2.4451990237340206 -2.8220140518087629 -1.2262448249288773 

0.68000000000000038 3 15.592
1 0.79088751958794401 -0.015387670561234209 -0.0066863775470424767 -0.67747244639431958 -0.035442126251689667 -0.015400605065265482 
1 -0.40016114728482666 -0.012727773753565916 -0.0055305772443037891 0.78686508397689992 -4.1562165778216347 -1.8059935125457176 
1 -0.39072637230287482 0.028115444314787078 0.012216954791509641 -0.1093926375822192 4.1916587040833999 1.8213941176238246 

0.69000000000000039 3 15.7496
1 0.78404147845775196 -0.015740681034701748 -0.0068397705699761759 -0.69177019008898044 -0.035158928930719445 -0.015277547829163856 
1 -0.39082776059234542 -0.043559105754118144 -0.018927661956674301 0.96483989389715341 -2.489806734090934 -1.0818913608226508 
1 -0.39321371786569953 0.059299786788798825 0.025767432526939034 -0.2730697038060545 2.5249656630267023 1.0971689086664576 

0.7000000000000004 3 15.7724
1 0.77705142644303371 -0.016090847517278229 -0.0069919277985479554 -0.7062749741289247 -0.034875057752968869 -0.015154197783322741 
1 -0.38128182227082003 -0.065655918819787162 -0.028529351449334193 0.94186895465180109 -1.9900598861575072 -0.86473723798539526 
1 -0.39576960417240281 0.081746766337096211 0.035521279248313817 -0.23559398052102259 2.0249349439171338 0.87989143578265605 

0.71000000000000041 3 15.7745
1 0.76991527416367811 -0.016438208407800445 -0.0071428659181340193 -0.72099127717574796 -0.034598993073624969 -0.015034239881499286 
1 -0.37199393209743675 -0.084063460343098181 -0.036527948238157242 0.91634241733571842 -1.7127146216129221 -0.74422288578044948 
1 -0.39792134206795088 0.10050166875108442 0.043670814156869117 -0.19535114015776556 1.7473136146946959 0.75925712567656267 

0.72000000000000042 3 15.7761
1 0.76263087218988501 -0.016782874887946775 -0.0072926332402828619 -0.73592623787492617 -0.034337154495223211 -0.014920463622476423 
1 -0.36293982631959065 -0.10020504770309249 -0.043541923931811777 0.89523665275029596 -1.5260130520413742 -0.66309577964528443 
1 -0.39969104587208171 0.1169879225913823 0.050834557172821371 -0.159310414873055 1.5603502065448218 0.67801624328250665 

0.73000000000000043 3 15.7782
1 0.75519599213988964 -0.017125017486358918 -0.0074413038645201324 -0.75108841307506347 -0.034095099575782779 -0.014815283922136621 
1 -0.3540752584465155 -0.11474145544128586 -0.049858403734850315 0.87830533914237785 -1.3873075741988556 -0.60282433121404622 
1 -0.40112073369524509 0.13186647292804518 0.057299707600242875 -0.12721692606501525 1.4214026737824559 0.61763961515094479 

0.74000000000000044 3 15.7808
1 0.74760831458938648 -0.017464860003265473 -0.0075889750383648985 -0.76648742053499619 -0.033877976390887195 -0.014720937764755911 
1 -0.34536246727868336 -0.12804775907797536 -0.055640368556420794 0.86475520494120051 -1.2778396980818829 -0.55525744666937271 
1 -0.40224584731255553 0.1455126190817157 0.063229343595804441 -0.098267784403802544 1.3117176744805821 0.56997838444890114 

0.75000000000000044 3 15.7834
1 0.73986541923617943 -0.017802676710766404 -0.0077357659407975947 -0.78213380512158692 -0.03369076167454136 -0.014639587681848153 
1 -0.33677113430040917 -0.1403626742023249 -0.060991547063522666 0.85391676849826537 -1.1878259660763837 -0.51614393730360042 
1 -0.40309428493749927 0.15816535091366471 0.068727313005472163 -0.071782963374232026 1.2215167277587147 0.53078352500025039 

0.76000000000000045 3 15.7854
1 0.73196477590668585 -0.0181387914448904 -0.0078818172877192505 -0.79803899302641823 -0.033538412523609173 -0.014573387672032569 
1 -0.32827678645778008 -0.15184990927303668 -0.065983075206078795 0.84528627772191545 -1.1115682019837148 -0.48300778459005639 
1 -0.40368798945061407 0.16998870071857758 0.073864892495093287 -0.047247284693045358 1.1451066145151587 0.49758117227687748 

0.77000000000000046 3 15.7876
1 0.72390373577888212 -0.018473577988143877 -0.0080272914981869611 -0.81421529004365334 -0.033425977566431231 -0.014524531506944272 
1 -0.31985930502106924 -0.16262780427237164 -0.07066637504938339 0.83849000483863234 -1.0454784291179022 -0.45428991130147672 
1 -0.40404443075945384 0.18110138226124808 0.078693666549013067 -0.024274714792528226 1.0789044066922251 0.46881444282320583 

0.78000000000000047 3 15.7898
1 0.7156795224804301 -0.018807461451568391 -0.0081723732949579488 -0.83067590620782039 -0.033358688031949218 -0.014495292303335794 
1 -0.31150181137099592 -0.17278531043614964 -0.075080098418194213 0.83324845590322349 -0.98716173368504723 -0.42894965974016958 
1 -0.40417771111103473 0.19159277188852661 0.08325247171473997 -0.002572549692983156 1.020520421724852 0.4434449520582861 

0.79000000000000048 3 15.792
1 0.70728922284485163 -0.019140920513534276 -0.0083172706773054998 -0.84743499877475004 -0.033342039337998362 -0.014488057975495797 
1 -0.30318986465513242 -0.18239132300138428 -0.079254182239230114 0.82934990298857747 -0.93494521724738522 -0.40626010827699593 
1 -0.40409935819130305 0.20153224351581267 0.087571452918269177 0.018085095788617139 0.96828725659323001 0.42074816626724498 

0.80000000000000049 3 15.7934
1 0.69872977716285967 -0.019474490454330563 -0.0084622162396373549 -0.86450772974352141 -0.033381869496213322 -0.014505365304399631 
1 -0.29491088204951371 -0.19150047498358969 -0.083212366101055216 0.82663193158927573 -0.88761677102186476 -0.38569456140469693 
1 -0.40381889511494956 0.21097496543888727 0.09167458234257396 0.037875798156697137 0.92099864052593627 0.40019992672384402 

0.8100000000000005 3 15.7944
1 0.68999796879350517 -0.019808766977096881 -0.0086074688317961719 -0.8819103362002273 -0.03348443857974534 -0.01454993446867218 
1 -0.2866537133757136 -0.20015691146500275 -0.086973832288971042 0.82496866487180198 -0.84427116384483047 -0.36685967061068636 
1 -0.40334425541932734 0.21996567844314796 0.095581301122800139 0.056941671330872461 0.87775560243242912 0.38140960509409111 

0.82000000000000051 3 15.7954
1 0.68109041301039597 -0.020144410842570456 -0.0087533155729871779 -0.89966021292055098 -0.03365651251127981 -0.014624705452852771 
1 -0.27840832295488771 -0.20839684593064334 -0.090554316585209571 0.82426184030009697 -0.80421478694917026 -0.34945404329182272 
1 -0.40268209005694422 0.22854125677434634 0.099307632160383005 0.075398372622899501 0.83787129946832184 0.36407874875940105 

0.83000000000000052 3 15.7961
1 0.67200354496034087 -0.020482153375162963 -0.0089000742443263049 -0.91777600738221421 -0.033905453998045516 -0.014732877561220404 
1 -0.27016554682761407 -0.21625034800566462 -0.093966885091351107 0.82443449225489074 -0.76690424228599596 -0.33324155764533703 
1 -0.40183799813413662 0.2367325013820373 0.10286695933800953 0.09334151512975436 0.80080969629190468 0.3479744352212803 

0.84000000000000052 3 15.7969
1 0.66273360660734593 -0.020822802925466576 -0.0090480960969817181 -0.93627772783822849 -0.034239323340251253 -0.014877953221913267 
1 -0.26191690368747322 -0.22374262740224773 -0.09722249213948593 0.82542641626314028 -0.73190535469352902 -0.31803355229836505 
1 -0.4008167029212511 0.24456543032899972 0.10627058823894731 0.11085131157752354 0.76614467804162978 0.33291150553500087 

0.85000000000000053 3 15.7985
1 0.65327663252609469 -0.021167252401996055 -0.0091977691249265549 -0.95518686549486231 -0.034666991965404556 -0.015063787320793266 
1 -0.25365444461929537 -0.23089497676982598 -0.1003303899872901 0.82719087072269348 -0.69886498468928704 -0.30367657816989335 
1 -0.39962218790814746 0.25206222917318405 0.10952815911484491 0.1279959947746043 0.73353197666253867 0.31874036550540968 

0.86000000000000054 3 15.7993
1 0.64362843439771178 -0.021516488014893295 -0.0093495218643272066 -0.97452653218288221 -0.035198271848478707 -0.015294643438166543 
1 -0.24537063119909278 -0.23772547699031291 -0.10329843528872827 0.82969215379975381 -0.66749112656641352 -0.29004375053137921 
1 -0.39825780319994125 0.25924196500664504 0.11264795715582893 0.14483437838556645 0.70268939842273459 0.30533839398427715 

0.87000000000000055 3 15.8
1 0.63378458404421412 -0.021871599408177605 -0.0095038277962913986 -0.9943216152418024 -0.035844064455851053 -0.015575258569129512 
1 -0.23705823450442512 -0.24424953282437353 -0.10613332184747709 0.83290381114447931 -0.63753851893149427 -0.27702849637897087 
1 -0.39672634954109032 0.26612113223407208 0.11563714964668849 0.16141780409976084 0.67338258339518098 0.29260375496282814 

0.88000000000000056 3 15.8008
1 0.623740394819703 -0.022233791396628347 -0.0096612104468758089 -1.0145989516740048 -0.036616533509520169 -0.015910918194506088 
1 -0.22871024961397135 -0.25048028460135791 -0.10884075950784169 0.83680730740285691 -0.60879800996484401 -0.26453993333865622 
1 -0.39503014520700208 0.2727140759995868 0.11850196995778646 0.1777916442735937 0.64541454348218663 0.28045085154788857 

0.89000000000000057 3 15.8015
1 0.6134909011536499 -0.022604397570504597 -0.0098222492987208605 -1.0353875239838795 -0.037529306735225837 -0.016307543946101524 
1 -0.22031982157113275 -0.25642892737462186 -0.11142561283675703 0.84139104593546354 -0.58108853109456615 -0.25249938200091487 
1 -0.39317107958377084 0.27903332494681315 0.12124786213869539 0.19399647805085746 0.61861783783762081 0.26880692596174433 

0.90000000000000058 3 15.8023
1 0.60303083601600027 -0.022984896088300268 -0.0099875866534489838 -1.0567186805043824 -0.03859771287809282 -0.016771796596694963 
1 -0.21188017975743992 -0.26210495954213331 -0.11389200915646366 0.84664965592756258 -0.55425091178846397 -0.2408376782730815 
1 -0.39115065625979029 0.28508985563220851 0.12387959581327802 0.2100690245792442 0.59284862467438126 0.25760947488450248 

0.91000000000000059 3 15.803
1 0.59235460604319956 -0.023376928047466935 -0.010157935614262058 -1.0786263834365588 -0.039839061706254966 -0.017311197729527401 
1 -0.2033845783028197 -0.26751637655190535 -0.11624342271498023 0.8525834900025222 -0.5281430090029624 -0.22949305698730524 
1 -0.38897002774158229 0.29089330460123086 0.12640135833275865 0.22604289343645564 0.56798207071704698 0.24680425473155609 

0.9200000000000006 3 15.8038
1 0.5814562640301576 -0.023782318909054995 -0.010334089395554299 -1.1011474882870047 -0.041272976563859073 -0.01793427424197264 
1 -0.19482624063993148 -0.27266982088314484 -0.11848273985717248 0.85919829221961252 -0.50263578104125683 -0.21840944588100947 
1 -0.38663002339140368 0.29645213979413548 0.12881682925639218 0.24194919606982229 0.54390875761295188 0.2363437201377078 

0.9300000000000006 3 15.8045
1 0.57032947845366166 -0.02420310355917139 -0.010516932212823101 -1.1243220588808116 -0.042921791398255277 -0.018650730865068136 
1 -0.18619830664791084 -0.27757069634151643 -0.12061230868925538 0.86650500831569843 -0.47761003849217126 -0.20753505378804527 
1 -0.38413117180691014 0.30177379990270992 0.13112924090589023 0.25781705056754695 0.52053182989828073 0.22618578466783715 

0.94000000000000061 3 15.8053
1 0.55896749964845982 -0.024641555723966702 -0.01070745206431126 -1.148193722640285 -0.044811027231723394 -0.019471657203941402 
1 -0.17749378106637118 -0.28222325239853541 -0.12263397572664148 0.87451971877292789 -0.45295367332477293 -0.1968211666020046 
1 -0.38147371858321938 0.30686480812459854 0.13334142779490907 0.27367400386980217 0.49776470056435057 0.21629282382067239 

0.95000000000000062 3 15.806
1 0.547363122207702 -0.025100222623442088 -0.010906755789066212 -1.1728100713269483 -0.046969966991516426 -0.020409777517700078 
1 -0.16870548202077892 -0.28663064255847837 -0.12454911125602607 0.8832636817610342 -0.42855921256653057 -0.18622108428031728 
1 -0.37865764018802711 0.3117308651840982 0.13545586704919896 0.28954638956836237 0.47552917956589835 0.2066308618127442 

0.96000000000000063 3 15.8068
1 0.53550864312537683 -0.025581965963023371 -0.011116086878936312 -1.1982231128972261 -0.049432352746279731 -0.021479753688354867 
1 -0.15982598860446287 -0.29079495935866045 -0.12635862454398469 0.89276347785873189 -0.40432157236751637 -0.17568914492166254 
1 -0.37568265452198901 0.31637692532394679 0.13747471142717624 0.30545963504094442 0.45375392512165358 0.19716889862474427 

0.97000000000000064 3 15.8075
1 0.52339581513975197 -0.026090010634438342 -0.011336846640477089 -1.2244897804371704 -0.052237236122128904 -0.022698554750626654 
1 -0.15084758652432526 -0.29471724746376138 -0.12806296952682952 0.90305125209444348 -0.38013590598480218 -0.16517978965440827 
1 -0.37254822861646514 0.32080725810054084 0.13939981617170877 0.32143852834518499 0.43237314211479572 0.18787834441976103 

0.98000000000000065 3 15.8083
1 0.51101579467698466 -0.026628002847423619 -0.011570619454821589 -1.251672504176885 -0.055430021537198615 -0.024085910206830322 
1 -0.14176221084806326 -0.29839749530049697 -0.12966214117564795 0.91416505146056393 -0.35589544786140731 -0.15464662582801034 
1 -0.3692535838299309 0.32502549815035092 0.14123276063501963 0.33750745271879679 0.41132546940646736 0.17873253604956763 

0.99000000000000066 3 15.811
1 0.49835908373583321 -0.027200079866207021 -0.011819203080151063 -1.2798398521047802 -0.059063753659340461 -0.025664869463611798 
1 -0.13256138490029629 -0.3018346047111457 -0.13115566230988226 0.92614925765699707 -0.33148925682475883 -0.1440414463689953 
1 -0.36579769883652552 0.32903468457986412 0.14297486539473073 0.35369059445025897 0.39055301049195734 0.16970631584733373 

1.0000000000000007 3 15.8136
1 0.48541546500503679 -0.027810954113534497 -0.012084645197270212 -1.3090672433198154 -0.063200716215401284 -0.02746249655974713 
1 -0.12323615435420898 -0.30502633710778732 -0.13254256019984462 0.93905511521658314 -0.30679975482617899 -0.13331316029373813 
1 -0.36217931065178921 0.33283729122391098 0.1446272054019565 0.37001212810571138 0.37000047104944578 0.16077565686821269 

1.0100000000000007 3 15.8145
1 0.4721739294765851 -0.028466015176818973 -0.012369287734161067 -1.3394377353406448 -0.067914430444439011 -0.029510738550516495 
1 -0.11377701556867045 -0.30796923350774164 -0.13382133181984562 0.95294135388176904 -0.28169994305710294 -0.12240658303230935 
1 -0.35839691390885231 0.33643524868723129 0.14619061955899548 0.38649638146135507 0.34961437350939478 0.15191732159755503 

1.0200000000000007 3 15.8153
1 0.45862259583072806 -0.029171454270038099 -0.012675820948193304 -1.3710428810969075 -0.073292170181355101 -0.031847518382594274 
1 -0.104173837248507 -0.31065850453761656 -0.1349898960518503 0.96787490025322931 -0.2560501532842312 -0.11126102479184008 
1 -0.35444875858313618 0.33982995881040107 0.14766571700517897 0.40316798084615757 0.32934232347344045 0.14310854318916261 

1.0300000000000007 3 15.816
1 0.44474862095550155 -0.029934417060528934 -0.013007349833683972 -1.4039836415533038 -0.079438149746763678 -0.034518120122250529 
1 -0.094415774591054727 -0.31308788490366218 -0.13604553044873421 0.98393166576579771 -0.22969415635342832 -0.099808599591516833 
1 -0.35033284636533307 0.34302230196700634 0.14905288028770072 0.42005197578999171 0.3091323061080436 0.13432671972849561 

1.0400000000000007 3 15.8172
1 0.43053810118102848 -0.030763192586700999 -0.013367476211979487 -1.4383713230475237 -0.08647759473057999 -0.037576957825815126 
1 -0.084491175277909336 -0.31524944480251732 -0.13698478928693353 1.001197383334681 -0.20245439814636104 -0.087972155151177747 
1 -0.34604692590397668 0.34601263739211141 0.15035226550434216 0.4371739397153121 0.28893199288479632 0.12554911299172045 

1.0500000000000007 3 15.8188
1 0.41597596424872157 -0.03166744844651579 -0.013760400927495415 -1.4743284797850738 -0.094561980439917287 -0.041089851793272736 
1 -0.074387477065082072 -0.31713334810427918 -0.13780339849013803 1.0197684391095487 -0.17412606007294787 -0.07566269200748639 
1 -0.34158848718446938 0.34880079655376556 0.15156379942321171 0.45456004067802319 0.26868804052072098 0.11675254381548771 

1.0600000000000007 3 15.8205
1 0.40104585285142774 -0.032658525775886904 -0.014191052024163136 -1.5119896737017342 -0.10387582690470756 -0.045136981190158985 
1 -0.064091097463561286 -0.31872754362418843 -0.13849612147813811 1.0397526011499052 -0.14446953804776044 -0.062776095416719496 
1 -0.33695475538867725 0.351386069403129 0.15268717350802538 0.47223707255434039 0.24834536496032109 0.10791307662160671 

1.0700000000000007 3 15.8229
1 0.38573000202893354 -0.033749812113601868 -0.01466524676577264 -1.5515019028537889 -0.11464558529225756 -0.049816745445713254 
1 -0.053587317331358013 -0.32001737105435252 -0.13905658793301223 1.0612694706796881 -0.11320078874659645 -0.049188940530534069 
1 -0.33214268469835856 0.35376718317109163 0.15372183470465464 0.49023243217665435 0.22784637404670458 0.099005685990977227 

1.0800000000000007 3 15.825
1 0.37000911521443414 -0.034957216566211792 -0.015189898108537835 -1.5930243730574112 -0.12715135595220162 -0.055250856074441176 
1 -0.042860162532633202 -0.32098505665128141 -0.13947707466112022 1.0844503518771753 -0.079978787621983724 -0.034753042549413221 
1 -0.32714895268255256 0.35594227322070754 0.15466697277567243 0.50857402118280648 0.20713014358203208 0.09000389863858442 

1.0900000000000007 3 15.8258
1 0.35386224803336264 -0.036299780452545519 -0.01577328004339108 -1.6367270567217358 -0.14174246755345143 -0.061591106251211711 
1 -0.031892291868511773 -0.32160906486455931 -0.1397482238574439 1.1094370147333668 -0.044389055882373983 -0.019288298729764855 
1 -0.3219699561655765 0.35790884532038975 0.15552150390699573 0.52729004199095242 0.18613152344367195 0.080879404995706283 

1.1000000000000008 3 15.8265
1 0.3372667163067492 -0.037800468818204078 -0.016425371531388115 -1.6827870897762416 -0.15885835258678527 -0.069028441806850013 
1 -0.020664906467791452 -0.32186325976548025 -0.1398586787226464 1.1363784454727008 -0.0059218117989915681 -0.0025731945095492348 
1 -0.31660180983965169 0.35966372858704715 0.15628405026034214 0.54640864430612135 0.1647801643936245 0.071601636331129426 

1.1100000000000008 3 15.8277
1 0.32019805727234318 -0.039487205227271532 -0.017158306149939254 -1.7313813825690503 -0.17905671699696898 -0.077805201729058235 
1 -0.0091577078655539195 -0.32171581305880215 -0.1397946089633178 1.1654240220337724 0.036057252979137366 0.015667895008385137 
1 -0.31104034940745195 0.36120301828951379 0.15695291511971646 0.56595736053787282 0.14299946402567942 0.062137306735403575 

1.1200000000000008 3 15.8295
1 0.30263009458955104 -0.041394235832379903 -0.017986964819787423 -1.7826726508436164 -0.20305176001487762 -0.088231725759154125 
1 0.0026510471831133358 -0.32112777191731723 -0.13953908847566346 1.1967104070769266 0.082346315004977771 0.03578180008408853 
1 -0.30528114177329335 0.36252200775321763 0.15752605330205935 0.5859622437692743 0.12070544501774712 0.05244992568979584 

1.1300000000000008 3 15.8315
1 0.28453519490321366 -0.043563940942822017 -0.018929762982526459 -1.8367840283559016 -0.23176616242195053 -0.10070894476159595 
1 0.01478431092015689 -0.32005116791328558 -0.13907127362275376 1.2303374397304734 0.13396055677034582 0.058209646188269556 
1 -0.29931950582398625 0.36361510885971371 0.15800103661204945 0.60644658862807199 0.097805605659459754 0.042499298588062083 

1.1400000000000008 3 15.8336
1 0.2658848684195565 -0.046049254799219286 -0.020009702061051723 -1.8937538260023825 -0.26640161576307558 -0.11575902765935688 
1 0.027265680324156796 -0.31842650644654996 -0.13836531232016511 1.2663247537755269 0.19220378571628818 0.083517974485479471 
1 -0.29315054874431368 0.36447576124947412 0.15837501438813101 0.62742907222955691 0.074197830054629987 0.032241053188614116 

1.1500000000000008 3 15.8352
1 0.24665097901690564 -0.048916906057679441 -0.021255777541467995 -1.9534556651409649 -0.3085333398656866 -0.13406645196605199 
1 0.040118245677805565 -0.31617942552221046 -0.13738889218044004 1.3045345649506488 0.25876381258836773 0.11244018642383934 
1 -0.28676922469529226 0.36509633158366506 0.15864466972898136 0.64892110019301741 0.049769527285166953 0.021626265556950224 

1.1600000000000008 3 15.8362
1 0.22680802745139381 -0.052251742791709258 -0.022704858308597739 -2.0154581416517261 -0.36023288041744128 -0.15653136280228794 
1 0.05336239765518791 -0.31321626374878619 -0.13610131468314068 1.3445350526580191 0.33583557381245377 0.14593004388540765 
1 -0.28017042510711843 0.36546800654436318 0.1588061729989528 0.67092308899645958 0.024397306612826415 0.010601318931619492 

1.1700000000000008 3 15.8372
1 0.20633731569467703 -0.056162421663360322 -0.024404158751556871 -2.0787793960190646 -0.4242165294139692 -0.18433406577306075 
1 0.067011797024919453 -0.3094182656902727 -0.1344509772365679 1.3853600118001845 0.42626880941051365 0.18522583941239942 
1 -0.27334911272011236 0.36558068735759319 0.15885513599548134 0.69341938422162686 -0.0020522799887056475 -0.00089177362459764986 

1.1800000000000008 3 15.8382
1 0.18523438467250489 -0.06078862057804741 -0.026414372866027172 -2.1414624574007548 -0.50399393180067331 -0.21899960075151439 
1 0.081066129695239686 -0.30463427996987996 -0.13237220029760988 1.4250908926702801 0.53371398254350599 0.23191380237060613 
1 -0.26630051436824376 0.36542290055195631 0.1587865731711538 0.71637156473336661 -0.029720050734983714 -0.012914201604354395 

1.1900000000000008 3 15.8391
1 0.16352204505290016 -0.066309417721402017 -0.028813315182466548 -2.1998598167531682 -0.60392944029052609 -0.26242440228056024 
1 0.095498343873193073 -0.29867233302280377 -0.12978156592928727 1.4601496654805133 0.6626776425389731 0.28795215574891092 
1 -0.25902038892656354 0.36498175074831174 0.15859488111941231 0.73971015127566642 -0.058748202240607221 -0.02552775345362502 

1.2000000000000008 3 15.8401
1 0.14127255550236817 -0.072950963296181101 -0.031699254352521002 -2.2475017548837792 -0.72898064003696039 -0.31676268115677547 
1 0.11023282793530143 -0.29129199428989083 -0.12657460026170791 1.4841762591117322 0.81824976141506656 0.35555263617647148 
1 -0.25150538343810203 0.36424295759028286 0.15827385462203236 0.76332549577501763 -0.089269121370344887 -0.038789955004963635 

1.2100000000000009 3 15.8414
1 0.11864330127763836 -0.08098787378729351 -0.035191518996532202 -2.2735594439655742 -0.88358230177928432 -0.38394147054482464 
1 0.12511017392525833 -0.28220316552936381 -0.12262524741378611 1.486499122570228 1.0049692407842861 0.4366875246238468 
1 -0.24375347520328472 0.36319103932089064 0.15781676641826514 0.78706032139849391 -0.12138693899709399 -0.052746054064256039 

1.2200000000000009 3 15.8427
1 0.095927679905578225 -0.090725473749273131 -0.039422781258626638 -2.2615479960989613 -1.0687566810341742 -0.46440496934452152 
1 0.13983677890683338 -0.27108424768536243 -0.11779376351086371 1.4508385568702957 1.2239077888296734 0.53182250857141289 
1 -0.23576445881275571 0.36180972143892626 0.15721654477757641 0.81070943923168282 -0.15515110778767746 -0.067417539212215591 

1.2300000000000009 3 15.844
1 0.073609252169659217 -0.10244076552004772 -0.044513406479706481 -2.190535147256822 -1.2767459624567499 -0.55478218763709575 
1 0.1539311104090044 -0.25764186943029632 -0.1119526704236056 1.3564991986563704 1.4672722978017274 0.63757126255354701 
1 -0.22754036257897778 0.36008263495469828 0.15646607691153144 0.8340359486029495 -0.19052633533698943 -0.082789074901882698 

1.2400000000000009 3 15.8454
1 0.052374520693271184 -0.11626379923947494 -0.050519905119337474 -2.0428745082901081 -1.485261634431535 -0.64538813749441182 
1 0.16671105743872833 -0.24173047852578688 -0.10503872159272851 1.1860609791759185 1.7126351381541924 0.74418834797162281 
1 -0.21908557813228446 0.35799427776967463 0.15555862672042681 0.85681352911703534 -0.22737350371500059 -0.098800210462664101 

1.2500000000000009 3 15.8466
1 0.033009478371956287 -0.13203078445133418 -0.057371105597342251 -1.8189073961916657 -1.659307777384071 -0.72101610325770404 
1 0.17739695828566879 -0.22350022723973392 -0.097117162420308295 0.94001485974338739 1.9247735294452566 0.83636847171083528 
1 -0.21040643665789599 0.35553101169564011 0.15448826802613136 0.87889253645087251 -0.26546575205342043 -0.11535236843864909 

1.2600000000000009 3 15.8479
1 0.016161284362900302 -0.14922715083984328 -0.064843412575361109 -1.5460200298608326 -1.7673437054295238 -0.76796076591337847 
1 0.18534882579897616 -0.20345450126004735 -0.088406728207919075 0.64575781754868622 2.0718972429685025 0.900297881352491 
1 -0.20151011016210435 0.35268165210451585 0.15325014079190621 0.90026221231447157 -0.30455353753099107 -0.13233711542464255 

1.2700000000000009 3 15.8492
1 0.0021100096823060506 -0.16712344476761268 -0.072619857841532853 -1.2665060399368382 -1.799948086939464 -0.78212829072428325 
1 0.1902930714874686 -0.18231380230361208 -0.079220497305133794 0.34543655701140924 2.1444021441168086 0.93180330910107312 
1 -0.19240308116997359 0.34943724707596074 0.15184035515540303 0.92106948292768553 -0.34445405716901795 -0.14967501836238525 

1.2800000000000009 3 15.8505
1 -0.0092624515791693077 -0.18501869447808766 -0.080395849365789515 -1.0143759374471488 -1.7705992376349968 -0.76937538662192972 
1 0.19235214984939261 -0.16077135851866345 -0.069859696925403822 0.072790187860912431 2.1557141673407956 0.93671870274658475 
1 -0.1830896982704166 0.34579005300154364 0.15025554630011298 0.94158574958847374 -0.38511492969741595 -0.16734331611027786 

1.2900000000000009 3 15.8518
1 -0.018320581546758502 -0.20240364335817165 -0.087950100763681469 -0.80467272736707907 -1.7015766943905817 -0.73938314175567021 
1 0.19189177577798511 -0.13932847536462853 -0.060542158452288122 -0.15748195796891101 2.1282057558922665 0.92476552088400166 
1 -0.17357119423139031 0.34173211872764958 0.14849225922505463 0.96215468533829385 -0.42662906149338176 -0.18538237911378019 

1.3000000000000009 3 15.8528
1 -0.025499510290776975 -0.21898309394034099 -0.095154340396504555 -0.63784620718192098 -1.6121786306311117 -0.70053715763510938 
1 0.18934467647814723 -0.11827080263309964 -0.051392004789627424 -0.34530970563277552 2.081398091828869 0.90442626857309882 
1 -0.16384516618751463 0.3372538965783764 0.14654634519535806 0.98315591281694525 -0.4692194611893209 -0.20388911092346901 

1.3100000000000009 3 15.8538
1 -0.03120007302155858 -0.23462242634729163 -0.10195007212468812 -0.50775608243881476 -1.5151569585769471 -0.65837850035026846 
1 0.18510536032627034 -0.097720607036181753 -0.042462364277734616 -0.49723883274103459 2.0283792481830867 0.88138808327340257 
1 -0.15390528730482933 0.33234303338850341 0.14441243641179005 1.0049949151821598 -0.51322228959771232 -0.22300958290859307 

1.320000000000001 3 15.8548
1 -0.035751881630097751 -0.24928525828077974 -0.10832148681186746 -0.40687359733868356 -1.4177255303847252 -0.61604179244822066 
1 0.17949288902347957 -0.077698010462859873 -0.033761980445801552 -0.62124052932218843 1.9768093891814158 0.85897952273419509 
1 -0.14374100739348014 0.32698326874873901 0.14208346726717974 1.0281141266632186 -0.55908385878814137 -0.24293773027137791 

1.330000000000001 3 15.8558
1 -0.039412316930804353 -0.26298787723583594 -0.1142756618347474 -0.32847019805190503 -1.3235101495383079 -0.57510254796847993 
1 0.17274937919308364 -0.058165391659840165 -0.025274505796503588 -0.72454931927882626 1.9308871905591352 0.83902503017129204 
1 -0.13333706226235439 0.32115326890087942 0.13955016764090081 1.0530195173330186 -0.60737704101229306 -0.26392248218826442 

1.340000000000001 3 15.8571
1 -0.042378173772218294 -0.27577153875568855 -0.11983052389227897 -0.2671764595094735 -1.2340831970148047 -0.53624401086395757 
1 0.16505081800766777 -0.039053646079712713 -0.016969912451849502 -0.81314575298086533 1.8929240688855078 0.82252898137957453 
1 -0.12267264423550454 0.31482518484068617 0.1368004363539177 1.0803222124925851 -0.6588408718621368 -0.2862849705011104 

1.350000000000001 3 15.8592
1 -0.04479913462496804 -0.28768715704326814 -0.12500819664392121 -0.21890351005264955 -1.1499236732789608 -0.49967432036786286 
1 0.15651919385378638 -0.020275509857589809 -0.0088102817974144518 -0.89189766524555092 1.864375367987283 0.81012376436400357 
1 -0.11172005922884393 0.30796266690620472 0.13381847845127029 1.1108011753004978 -0.71445169469984326 -0.31044944398164109 

1.360000000000001 3 15.8609
1 -0.046789361420566271 -0.29878736472909023 -0.12983155045446948 -0.1805914661333182 -1.0709619486152793 -0.46536322040193012 
1 0.14723195661939475 -0.0017305739105514919 -0.00075198325020239527 -0.96491022453002939 1.8465065222118189 0.80235924609591858 
1 -0.10044259519883554 0.3005179386450807 0.1305835337147567 1.1455016906656192 -0.77554457358804951 -0.33699602567947839 

1.370000000000001 3 15.8619
1 -0.048436492608369963 -0.30912265191501864 -0.13432252469947567 -0.14995683728037837 -0.99687392139788022 -0.43316987965409726 
1 0.13722760226222919 0.016695399035685659 0.0072546225125673805 -1.0359433434258474 1.8408987538184376 0.79992251231520795 
1 -0.088791109653847691 0.2924272528848445 0.12706790219715386 1.1859001807084932 -0.84402483241204607 -0.3667526326465787 

1.380000000000001 3 15.8632
1 -0.049808334601170651 -0.31873967480053855 -0.13850139281561541 -0.12528682344874931 -0.92723477143140109 -0.40290970174861129 
1 0.12650672387352768 0.035136223944201302 0.015267681872513299 -1.1089137923641679 1.8499917625424778 0.80387368147623239 
1 -0.07669838927233158 0.28360345086196675 0.12323371095351664 1.2342006158152539 -0.92275699110287168 -0.40096397971320136 

1.390000000000001 3 15.8645
1 -0.050957753594260996 -0.3276806823190902 -0.14238651315800044 -0.10528409982652646 -0.86159666718857042 -0.37438809123608036 
1 0.11502707096140066 0.053757711406411758 0.023359244215605136 -1.1886304350208006 1.8779346142616873 0.81601563991059467 
1 -0.064069317367101239 0.27392297091846274 0.1190272689529433 1.2939145348493766 -1.016337947065227 -0.44162754866015735 

1.400000000000001 3 15.8658
1 -0.05192623137992361 -0.33598349606542494 -0.1459943202779333 -0.088953010968250326 -0.7995259839718345 -0.34741662593590789 
1 0.10268858511790968 0.072782319470650864 0.031625973848104776 -1.2821708948720922 1.9323325683739907 0.83965308766877522 
1 -0.05076235373794552 0.26320117660063708 0.11436834644050203 1.371123905842176 -1.1328065843941473 -0.49223646171840268 

1.410000000000001 3 15.8676
1 -0.052746444819156746 -0.34368174435909649 -0.14933942663024588 -0.075516384617999574 -0.74061919095512119 -0.3218199603048213 
1 0.089296986139572862 0.092542065715927282 0.040212141787269326 -1.4021475933041962 2.0286535051812651 0.88150725569589028 
1 -0.036550541320327951 0.25113967864914649 0.10912728485372854 1.4776639779239367 -1.2880343142174637 -0.55968729537661799 

1.420000000000001 3 15.871
1 -0.053444125886341932 -0.35080519329702992 -0.15243476642481077 -0.064353328584509803 -0.6845075506303433 -0.29743786747873419 
1 0.074468415175273472 0.11361305055308528 0.049368079935979255 -1.5767762615118923 2.2044044413412958 0.95787600227239333 
1 -0.02102428928884232 0.23719214274996595 0.10306668649977375 1.6411295900970384 -1.5198968907032397 -0.66043813477955826 

1.430000000000001 3 15.8946
1 -0.054039366683397073 -0.35738009165225332 -0.15529174549504041 -0.054948720981200516 -0.63085573767692005 -0.27412463913347229 
1 0.057305951995768212 0.13728060633462497 0.059652301510997111 -1.8965807216286745 2.5882051496466181 1.1246482520771584 
1 -0.0032665853122238347 0.22009948532370724 0.095639443995211459 1.9515294426104461 -1.9573494119637094 -0.85052361293041479 

1.4400000000000011 3 16.1662
1 -0.054547415653795832 -0.36342947937589953 -0.15792037535085582 -0.046836526987044824 -0.57935576022772572 -0.25174644410102537 
1 0.034057014637389665 0.16926733933961993 0.073551440599492382 -3.2467949544863295 4.6784244546184528 2.0329075870617626 
1 0.020490401016515752 0.19416214004275487 0.084368934762862488 3.2936314814733172 -4.0990686943800769 -1.7811611429516072 

