0 3 0
1 1 0 0 0 0 0 
1 -0.379113097136271 0.22188437906261169 0.4128036503743483 0 0 0 
1 -0.62088690286372894 -0.22188437906261169 -0.4128036503743483 0 0 0 

0.01 3 0.001719
1 0.99996081357289179 1.2804753833407889e-06 2.382253832787436e-06 -0.0078374173944727905 0.00025609308461343994 0.00047644706044954675 
1 -0.37910411128159799 0.22185632507126565 0.41275145747062075 0.0017971226454315944 -0.0056109946585816183 -0.010438946117247173 
1 -0.62085670229129353 -0.22185760554665054 -0.41275383972445351 0.0060402947490411857 0.0053549015739681616 0.0099624990567976305 

0.02 3 0.00246
1 0.9998432463723812 5.1217819529125768e-06 9.5287928583163264e-06 -0.015676418763870263 0.00051216224358737578 0.00095284960856629542 
1 -0.37907715661657354 0.22177215131088637 0.41259485683159824 0.0035936652168002819 -0.011224347082979969 -0.020882278727766275 
1 -0.62076608975580572 -0.22177727309283915 -0.41260438562445489 0.012082753547069971 0.010712184839392623 0.019929429119199968 

0.029999999999999999 3 0.003196
1 0.99964727463258973 1.1523560393863895e-05 2.1438948591121709e-05 -0.023518589751575201 0.00076818343652076038 0.0014291629185099125 
1 -0.37903224185470508 0.22163182239256957 0.41233378261817666 0.0053890443338355069 -0.016842421018666662 -0.031334395449647154 
1 -0.62061503277788543 -0.22164334595296389 -0.41235522156676496 0.01812954541773977 0.016074237582145951 0.02990523253113711 

0.040000000000000001 3 0.00392389
1 0.99937285871589965 2.0485209933550346e-05 3.8111603326831096e-05 -0.031365519341826638 0.0010241323929725446 0.0019053418364633422 
1 -0.37896938157369525 0.22143527923501141 0.41196812491284829 0.0071826699777807756 -0.022467592208080058 -0.041799716220674486 
1 -0.62040347714220445 -0.2214557644449455 -0.41200623651617146 0.024182849364045796 0.021443459815107667 0.03989437438421102 

0.050000000000000003 3 0.00464702
1 0.99901994307113973 3.2005885460639817e-05 5.9545184782418824e-05 -0.039218801540012997 0.001279984496146234 0.0023813405642343064 
1 -0.3788885962987017 0.22118243891415515 0.41149772943997787 0.0089739421066442997 -0.028102254483688267 -0.052282694634136304 
1 -0.62013134677243942 -0.22121444479961469 -0.41155727462475511 0.030244859433368274 0.026822269987542221 0.04990135406990185 

0.060000000000000005 3 0.00536799
1 0.99858845617494496 4.6084493473686929e-05 8.5737658558752462e-05 -0.04708003706484639 0.0015357146650107078 0.0028571124399476245 
1 -0.37878991261981476 0.220873194451357 0.41092239717170109 0.010762247190911973 -0.033748825975778288 -0.062787829488071684 
1 -0.61979854355513186 -0.22091927894482921 -0.41100813483025456 0.036317789873934053 0.03221311131076772 0.059930717048123749 

0.070000000000000007 3 0.00609398
1 0.99807831045608286 6.2719686840866985e-05 0.00011668651839136579 -0.054950835056449709 0.0017912972343208432 0.003332609714830181 
1 -0.37867336334468871 0.22050741453875017 0.41024188381697047 0.012546954641640044 -0.039409755475287925 -0.073319676622970301 
1 -0.61940494711139271 -0.22057013422558966 -0.41035857033535783 0.042403880414809102 0.037618458240966907 0.069987066908139731 

0.080000000000000002 3 0.00681901
1 0.99748940220261817 8.1909858347130749e-05 0.00015238877414529826 -0.062832814804445983 0.002046705831988199 0.0038077833250658557 
1 -0.3785389876875489 0.22008494320001107 0.40945589919044112 0.014327413101462825 -0.045087528993826335 -0.083882861126328437 
1 -0.61895041451506883 -0.22016685305835684 -0.40960828796458459 0.048505401702982662 0.043040823161837743 0.080075077801262204 

0.089999999999999997 3 0.00753999
1 0.99682161145169013 0.0001036531329994635 0.00019284093749944996 -0.070727607500224679 0.0023019132532351161 0.0042825826576661221 
1 -0.37838683149611624 0.21960559938437341 0.40856410645714603 0.016102946567266907 -0.050784676565378169 -0.094482089986843376 
1 -0.61843477995557083 -0.21970925251737103 -0.40875694739464447 0.054624660932957321 0.048482763312142491 0.090199507329176962 

0.099999999999999992 3 0.00826192
1 0.99607480186160002 0.00012794735905516619 0.00023803900525519767 -0.078636858017640837 0.0025568913309453145 0.0047569553092645595 
1 -0.37821694751827389 0.21906917649120525 0.4075661212480049 0.017872850311075814 -0.056503779337094898 -0.10512216528644087 
1 -0.61785785434332385 -0.21919712385025772 -0.4078041602532585 0.060764007706564357 0.053946888006148844 0.10036520997717613 

0.10999999999999999 3 0.0089829
1 0.99524882056596009 0.00015479009773208797 0.0002879784401928495 -0.086562226726525249 0.0028116108015997358 0.0052308468366978351 
1 -0.37802939571068722 0.21847544182203071 0.4064615106403347 0.019636386562999594 -0.06224747700011881 -0.11580799802491268 
1 -0.61721942485527115 -0.21863023191976069 -0.40674948908052716 0.066925840163525013 0.05943586619851797 0.11057715118821475 

0.11999999999999998 3 0.00970769
1 0.99434349800951238 0.00018417861155349658 0.00034265414938791248 -0.094505391343502526 0.0030660411661579956 0.005704200498183337 
1 -0.37782424359195016 0.21782413595631658 0.40524979199654071 0.021392779916884465 -0.068018475615603272 -0.12654462267979624 
1 -0.6165192544175605 -0.21800831456786926 -0.40559244614592932 0.073112611426617694 0.06495243444944368 0.12084042218161285 

0.12999999999999998 3 0.0109856
1 0.99335864776523042 0.00021610985127369531 0.00040206045988693494 -0.10246804882476186 0.0033201505452134716 0.0061769569838432065 
1 -0.3776015666432247 0.21711497204676805 0.40393043165304976 0.02314121241548462 -0.073819555896096622 -0.13733721261343201 
1 -0.61575708112200389 -0.21733108189804198 -0.4043324921129362 0.07932683640927686 0.07049940535088127 0.13116025562958966 

0.13999999999999999 3 0.0155077
1 0.99229406633226291 0.00025058044132363316 0.00046619109162986312 -0.11045191730558286 0.0035739055277127325 0.0066490541342551016 
1 -0.37736144875985278 0.21634763502926507 0.40250284345044324 0.024880818267479336 -0.07965358200833321 -0.14819109645007164 
1 -0.61493261757241013 -0.21659821547058875 -0.40296903454207217 0.085571099038102436 0.076079676480618599 0.14154204231581813 

0.14999999999999999 3 0.0162287
1 0.99114953291423913 0.00028758666370840843 0.00053503912749222247 -0.1184587380916112 0.0038272710124881036 0.0071204266456324121 
1 -0.37710398275783258 0.21552178074186296 0.40096638709440441 0.02661067814338728 -0.085523510970351532 -0.15911177555869754 
1 -0.61404555015640805 -0.21580936740557194 -0.40150142622189466 0.091848059948223135 0.081696239957862016 0.15199134891306629 

0.16 3 0.0169578
1 0.98992480917736925 0.00032712444028087137 0.00060859698030615286 -0.1264902777070723 0.0040802100418052944 0.0075910057601486355 
1 -0.37682927093970137 0.21463703494651698 0.39932036633568707 0.028329812991260202 -0.091432402723884199 -0.17010494279214433 
1 -0.61309553823766905 -0.21496415938679742 -0.3999289633159917 0.098160464715811482 0.087352192682077057 0.16251393703199693 

0.17000000000000001 3 0.0176837
1 0.98861963898776395 0.00036918931330724003 0.0006868563567037952 -0.13454833000533267 0.0043326836260747913 0.0080607189398228408 
1 -0.37653742572492466 0.21369299224633234 0.39756402695572823 0.030037177305835706 -0.097383430972307797 -0.18117650265052015 
1 -0.61208221326284262 -0.21406218155963871 -0.39825088331242836 0.10451115269949693 0.093050747346231477 0.17311578371069761 

0.18000000000000002 3 0.0184097
1 0.98723374812730824 0.0004137764242319011 0.00076980821761037891 -0.14263471834746502 0.0045846505588175218 0.0085294895222732276 
1 -0.37622857035064328 0.2126892148901931 0.39569655454271829 0.031731651776414009 -0.10337989488534058 -0.19233259305713465 
1 -0.61100517777666852 -0.21310299131442428 -0.39646636276032499 0.1109030665710506 0.098795244326520953 0.18380310353486151 

0.19000000000000003 3 0.0191319
1 0.98576684398738335 0.00046088049053908986 0.00085744273519665771 -0.1507512978547404 0.0048360672209096312 0.0089972363565254485 
1 -0.37590283964938759 0.21162523145554082 0.39371707204098577 0.033412035228903195 -0.10942523178432027 -0.20357960895876898 
1 -0.60986400433799814 -0.21208611194607921 -0.39457451477617766 0.11733926262583654 0.10458916456340872 0.19458237260224384 

0.20000000000000004 3 0.0198591
1 0.98421861523967358 0.00051049578059909635 0.00094974924608164655 -0.15889995774126012 0.0050868873730588009 0.0094638734169262464 
1 -0.37556038091129745 0.21050053539886704 0.39162463705427036 0.035077035765998611 -0.11552303093668985 -0.21492422798955377 
1 -0.60865823432837463 -0.21101103117946543 -0.39257438630034602 0.12382292197526083 0.11043614356362889 0.20546035457262804 

0.21000000000000005 3 0.0205882
1 0.98258873148320536 0.00056261608637571089 0.0010467162005563593 -0.167082623733247 0.0053370619353848439 0.0099293093930652703 
1 -0.3752013548394067 0.2093145834621194 0.38941823888092297 0.036725260996028332 -0.12167704860552191 -0.22637343846978042 
1 -0.60738737664380349 -0.20987719954849368 -0.39046495508147205 0.1303573627372184 0.11633998667013476 0.21644412907671468 

0.22000000000000006 3 0.0213192
1 0.98087684286677312 0.00061723469385999282 0.0011483311075774349 -0.17530126058186271 0.0055865387528886397 0.010393447253442878 
1 -0.37482593660769875 0.20806679392164482 0.38709679525617124 0.038355207225250133 -0.12789122452005966 -0.2379345700484288 
1 -0.60605090625908198 -0.20868402861550328 -0.38824512636374059 0.13694605335661231 0.12230468576716833 0.22754112279498445 

0.23000000000000007 3 0.0220642
1 0.97908257968567414 0.0006743443510827254 0.0012545804752560968 -0.18355787467677467 0.0058352623454959295 0.010856183780440698 
1 -0.37443431703302238 0.20675654466455951 0.38465914877330321 0.03996524746989881 -0.13416969995679667 -0.24961532734202568 
1 -0.60464826265266125 -0.20743088901564036 -0.38591372924855344 0.14359262720687593 0.12833443761129881 0.23875914356158393 

0.24000000000000007 3 0.0228221
1 0.97720555195182701 0.00073393723354431761 0.0013654497465423578 -0.19185451676810239 0.006083173641255526 0.011317409073951396 
1 -0.37402670387346298 0.20538317107534723 0.3821040629518066 0.041553618122506179 -0.14051683764829456 -0.26142382697389926 
1 -0.60317884807837174 -0.20611710830888938 -0.38346951269834223 0.15030089864559729 0.13443366400703755 0.2501064178999467 

0.25000000000000006 3 0.0235572
1 0.97524534893606696 0.00079600490688609324 0.0014809232297770506 -0.20019328480477006 0.0063302096911529307 0.01177700602080514 
1 -0.37360332326756274 0.20394596371321627 0.37943021791621373 0.04311840408132625 -0.14693724376943396 -0.27336863847838133 
1 -0.60164202566851444 -0.20474196862009994 -0.38091114114598407 0.15707488072344564 0.1406070340782796 0.26159163245757838 

0.26000000000000006 3 0.0242813
1 0.97320153868146342 0.00086053828661090124 0.0016009840237542399 -0.20857632689776473 0.0065763033638707447 0.012234849726888151 
1 -0.37316442133084254 0.20244416575801855 0.376636205644377 0.044657522121292946 -0.15343579228917931 -0.28545882960593483 
1 -0.60003711735062881 -0.20330470404462717 -0.37823718966812347 0.16391880477647414 0.14685948892530759 0.27322397987905078 

0.27000000000000007 3 0.0250094
1 0.97107366748630408 0.00092752759464358116 0.0017256139369043698 -0.21700584441726273 0.0068213830186844189 0.012690806908583279 
1 -0.37271026592846329 0.20087697019945738 0.37372052473814132 0.04616870224883339 -0.16001765202131948 -0.29770401664955581 
1 -0.59836340155784773 -0.20180449779409892 -0.37544613867503973 0.17083714216843227 0.15319626900263433 0.28501320974097588 

0.28000000000000008 3 0.0267463
1 0.96886125935544853 0.00099696231250294897 0.0018547934001732695 -0.2254840952330957 0.0070653721545257441 0.013144735239872293 
1 -0.37224114864565261 0.19924351674070048 0.37068157466270063 0.047649466739875128 -0.16668831676149776 -0.31011442051305421 
1 -0.59662011070980425 -0.20024047905320178 -0.37253636806286677 0.17783462849322371 0.15962294460697152 0.29696968527318734 

0.29000000000000009 3 0.0274804
1 0.9665638154184889 0.0010688311308363848 0.0019885013731340954 -0.23401339710856683 0.0073081890330748793 0.013596482651118905 
1 -0.37175738698077504 0.19754288838334669 0.36751764939310039 0.049097106509009301 -0.17345363896199309 -0.32270092936113554 
1 -0.59480642843772391 -0.19861171951418161 -0.36950615076622839 0.18491629059956061 0.16614544992891739 0.30910444671002435 

0.3000000000000001 3 0.0282073
1 0.96418081331316086 0.0011431218950458885 0.0021267152428275982 -0.24259613125818386 0.0075497462735534407 0.014045886575203946 
1 -0.37125932678975843 0.19577410765578696 0.36422693039731924 0.05050865439615751 -0.1803198674723501 -0.33547516883375533 
1 -0.59292148652341237 -0.19691722955083066 -0.36635364564014039 0.19208747686202882 0.17277012119879551 0.32142928225856038 

0.31000000000000011 3 0.0289323
1 0.96171170653231552 0.0012198215467101243 0.0022694107147810442 -0.25123474608048157 0.0077899504166864236 0.014492773136300504 
1 -0.3707473450150493 0.19393613244128699 0.3608074788746447 0.051880854882903678 -0.18729368996588375 -0.34844958097829354 
1 -0.5909643615172766 -0.19515595398799523 -0.36307688958942175 0.1993538911975791 0.17950373954919627 0.33395680784200271 

0.32000000000000012 3 0.0296574
1 0.95915592373265857 0.0012989160604805021 0.0024165616956068918 -0.25993176107768801 0.0080287014550757454 0.014936956276159858 
1 -0.37022185273763902 0.19202785135539049 0.35725722715558883 0.05321012966098148 -0.1943822807828153 -0.36163751325906979 
1 -0.58893407099502826 -0.19332676741586771 -0.35967378885119033 0.20672163141670874 0.18635357932773819 0.34670055698291863 

0.33000000000000013 3 0.0303822
1 0.9565128680032714 0.0013803903761006951 0.0025681401665288185 -0.26868977097467017 0.0082658923269837755 0.015378236812323665 
1 -0.3696832985969376 0.19004807861425746 0.35357396915471495 0.054492538366541041 -0.20159335505465933 -0.37505331925277352 
1 -0.58682956940634246 -0.19142846899035429 -0.35614210932123885 0.21419723260813067 0.19332746272767362 0.35967508244046098 

0.34000000000000014 3 0.0311122
1 0.95378191609191876 0.0014642283251675165 0.0027241160471243348 -0.27751145005016925 0.0085014083702584977 0.015816401422181457 
1 -0.36913217263082954 0.18799554832615895 0.34975534975027434 0.055723733661063521 -0.20893523013711784 -0.38871247294099243 
1 -0.58464974346109533 -0.18945977665132327 -0.3524794657973937 0.22178771638910663 0.20043382176685798 0.37289607151882043 

0.35000000000000014 3 0.0318363
1 0.95096241758692113 0.0015504125522170452 0.0028844570485100163 -0.2863995566940829 0.0087351267328420381 0.016251221546255062 
1 -0.36856901059721647 0.18586890812708265 0.34579885294360241 0.056898909677148925 -0.21641689557718577 -0.40263169888013955 
1 -0.58239340698970909 -0.18741932067929784 -0.34868330999210712 0.22950064701693457 0.20768176884434258 0.38638047733389486 

0.36000000000000015 3 0.0325572
1 0.94805369405225282 0.0016389244296828157 0.0030491285151257319 -0.29535693820511422 0.0089669157359917144 0.016682452203505723 
1 -0.3679943988490767 0.18366671206798754 0.34170178862625594 0.058012742647127594 -0.22404809308350018 -0.41682912098187963 
1 -0.58005929520318156 -0.1853056364976689 -0.34475091714137462 0.23734419555798528 0.21508117734750659 0.40014666877838312 

0.37000000000000016 3 0.0332761
1 0.94505503811342351 0.0017297439662323066 0.0032180932541998521 -0.30438653584377401 0.0091966341860035463 0.017109830710833961 
1 -0.36740897984820092 0.18138741264511557 0.3374612777528363 0.059059322284563488 -0.23183940826886673 -0.43132443319504338 
1 -0.57764605826522641 -0.18311715661134703 -0.34067937100702655 0.24532721355921105 0.22264277408286082 0.41421460248421821 

0.38000000000000017 3 0.0340021
1 0.94196571249144767 0.0018228497079443556 0.0033913113518952197 -0.3134913901563493 0.0094241306298635079 0.017533075298259801 
1 -0.36681345841840929 0.17902935184527441 0.33307423568123068 0.060032072180198862 -0.23980237630557644 -0.44613909607151525 
1 -0.57515225407304471 -0.18085220155321668 -0.33646554703311826 0.25345931797615051 0.23037824567570891 0.42860602077326343 

0.39000000000000018 3 0.0350142
1 0.93878494898221587 0.0019182186317421 0.0035687399750470483 -0.32267464658588785 0.00964924254986399 0.017951883610551122 
1 -0.36620860885844408 0.17659075105436536 0.32853735339800705 0.060923657087688488 -0.24794960409721692 -0.46129656406015468 
1 -0.57257634012377667 -0.17850896968610366 -0.33210609337304353 0.26175098949819992 0.23830036154735065 0.44334468044961778 

0.40000000000000019 3 0.0360222
1 0.9355119473781679 0.0020158260304449218 0.0037503331573084616 -0.33193956138679953 0.0098717954918071376 0.018365931085293732 
1 -0.36559528305813899 0.1740696996486468 0.32384707629306886 0.06172587448782163 -0.25629491215166672 -0.47682254945367969 
1 -0.56991666432003629 -0.17608552567908822 -0.32759740945036087 0.27021368689898717 0.24642311665986269 0.45845661836839391 

0.4100000000000002 3 0.0372403
1 0.93214587432931162 0.00211564538874601 0.0039360415684134009 -0.34128950785990381 0.010091602120985085 0.018774869196594914 
1 -0.36497441979078143 0.17146414205277391 0.31899958008183732 0.062429527203500208 -0.26485350007209307 -0.49274533027551404 
1 -0.56717145453853424 -0.17357978744151617 -0.32293562165023615 0.27885998065641565 0.25476189795110921 0.47397046107892615 

0.42000000000000021 3 0.0388503
1 0.92868586214015714 0.0022176482493629578 0.0041258122651572403 -0.35072798292481433 0.010308461199668707 0.019178323552758142 
1 -0.36434705539037593 0.1687718630050806 0.31399074339216504 0.063024273049828564 -0.27364214051427954 -0.50909611112674868 
1 -0.56433880674978454 -0.17098951125444212 -0.3181165556573084 0.28770370987499905 0.26333367931461327 0.48991778757398735 

0.43000000000000022 3 0.0403974
1 0.92513100749925248 0.0023218040685427702 0.0043195884225720755 -0.36025861404655157 0.010522156479378042 0.019575891835412796 
1 -0.36371433606768372 0.1659904707163958 0.30881611643220325 0.063498446491405319 -0.28267940764898758 -0.52590944822768571 
1 -0.56141667143156626 -0.16831227478493638 -0.31313570485476 0.2967601675551621 0.27215725116960027 0.50633355639226452 

0.44000000000000022 3 0.0422924
1 0.92148037013750472 0.0024280800600336595 0.0045173090436447377 -0.36988516653255937 0.010732455500736147 0.019967141566707616 
1 -0.36307753217545313 0.16311737754089192 0.30347088502959252 0.063838845966295327 -0.29198594770328823 -0.54322375274522428 
1 -0.55840283796205137 -0.16554545760092332 -0.3079881940732197 0.30604632056628278 0.28125349220254964 0.52325661117849842 

0.45000000000000023 3 0.0438004
1 0.91773297141167121 0.0025364410265620277 0.0047189086457887861 -0.37961155121543366 0.01093910829326322 0.020351607690350694 
1 -0.36243805480475327 0.1601497776922288 0.29794982917360252 0.064030478821010442 -0.3015848011501453 -0.56108189020857324 
1 -0.5552949166069191 -0.16268621871879266 -0.30266873781937115 0.31558107239444277 0.29064569285687625 0.54073028251819555 

0.46000000000000024 3 0.0453134
1 0.91388779280908228 0.0026468491777730282 0.0049243169221331725 -0.38944183253497855 0.011141845967046222 0.020728789951488871 
1 -0.36179747518584254 0.15708462143011048 0.29224727499057984 0.064056253539398519 -0.3115017887303016 -0.57953189868191379 
1 -0.55209031762324157 -0.15973147060788362 -0.29717159191269088 0.32538557899559428 0.30035994276325234 0.55880310873040573 

0.47000000000000025 3 0.0468223
1 0.9099437743693779 0.0027592639335128786 0.0051334583755397074 -0.39938023703065606 0.011340379187876073 0.021098150059782293 
1 -0.3611575474842173 0.15391858500394687 0.28635703882587538 0.063896605938280865 -0.32176597695089981 -0.59862785479876313 
1 -0.54878622688517176 -0.15667784893746228 -0.29149049720138925 0.33548363109238721 0.31042559776302003 0.57752970473896303 

0.48000000000000026 3 0.0486734
1 0.90589981301940325 0.0028736417112434323 0.0053462519230997752 -0.4094311622519663 0.01153439652719941 0.021459108619582386 
1 -0.36052023573532033 0.15064803546207778 0.28027236177326453 0.063529041955574267 -0.33241024332727703 -0.61843092536321009 
1 -0.54537957728410646 -0.15352167717331985 -0.28561861369633468 0.34590212029640888 0.3208758468000768 0.59697181674361621 

0.49000000000000027 3 0.0501485
1 0.90175476081672723 0.0029899356962942132 0.0055626104687006121 -0.419599186089057 0.011723562678169918 0.021811041810994119 
1 -0.35988774586086153 0.14726898920247208 0.27398583256088038 0.062927574155135849 -0.34347196787637629 -0.63901065383527667 
1 -0.54186701495588729 -0.15025892489876716 -0.279548443029557 0.35667161193394292 0.33174840519820781 0.61719961202428963 

0.50000000000000022 3 0.0519044
1 0.89750742309789111 0.003108095593569751 0.0057824404410911382 -0.42988907651866676 0.01190751652927232 0.022153277805958743 
1 -0.359262563974586 0.14377706283568112 0.26748929613438643 0.062062021506342914 -0.35499388589446468 -0.66044654687684434 
1 -0.53824485912333042 -0.14688515842925098 -0.27327173657545217 0.36782705501234259 0.34308636936519404 0.63829326907090211 

0.51000000000000023 3 0.0534885
1 0.89315655652708292 0.0032280673592475946 0.0060056412947199862 -0.44030580175089978 0.012085869087562831 0.02248509290455623 
1 -0.35864750253911781 0.14016741452443604 0.2607737445225739 0.060897131457365188 -0.36702514883836718 -0.68283004806264513 
1 -0.53450905398800652 -0.14339548188368223 -0.26677938581727045 0.37940867029355047 0.35493927975080336 0.6603449551581061 

0.52000000000000024 3 0.0550156
1 0.88870086704159479 0.0033497929109273222 0.006232104970484412 -0.45085454074876069 0.012258201244687721 0.022805707378808895 
1 -0.35804575641575803 0.13643467341858592 0.25382918555494144 0.059391468438368809 -0.37962265664450923 -0.70626701658636692 
1 -0.53065511062587922 -0.13978446632951261 -0.26006129052539739 0.39146307231040378 0.36736445539982099 0.68346130920757464 

0.53000000000000025 3 0.0571516
1 0.88413900769020648 0.0034732098146324818 0.0064617153134145242 -0.46154069407441073 0.012424061380753342 0.023114281014811566 
1 -0.35746097150757705 0.13257285406011499 0.24664448361693872 0.057495991598414668 -0.39285274829893801 -0.73088087247295863 
1 -0.52667803618266296 -0.13604606387474996 -0.25310619893032593 0.40404470247600999 0.38042868691818216 0.707766591458172 

0.54000000000000026 3 0.0587184
1 0.87946957636190459 0.0035982509470307011 0.0066943474442521696 -0.47236989499147403 0.012582962804159912 0.023409908349683536 
1 -0.35689732961373299 0.12857525160597094 0.23920716471784978 0.055152213499787973 -0.40679337138166305 -0.75681663289626244 
1 -0.52257224674820846 -0.13217350255301011 -0.24590151216207246 0.4172176814917013 0.39421040857750361 0.73340672454661215 

0.55000000000000027 3 0.0602486
1 0.8746911134026828 0.0037248441312410403 0.0069298670818910653 -0.48334802071934746 0.012734381030174815 0.023691613608504625 
1 -0.35635965441069495 0.12443431227637054 0.23150317546695615 0.052289785397013455 -0.42153690114044789 -0.78424615691025901 
1 -0.51833145899203481 -0.12815915640761819 -0.23843304254881864 0.43105823532234822 0.40880252011027174 0.76055454330176886 

0.56000000000000028 3 0.0622427
1 0.8698020991196197 0.0038529117446578472 0.0071681298137542173 -0.49448120369013504 0.012877750908013925 0.023958345359408939 
1 -0.35585354534390568 0.12014147138309629 0.22351658173419062 0.048823285002983635 -0.43719385428534391 -0.81337505475903593 
1 -0.5139485537757662 -0.12399438312775966 -0.23068471154791526 0.44565791868716487 0.42431610337733422 0.78941670939964159 

0.57000000000000028 3 0.0637858
1 0.86480095117320321 0.0039823702973664455 0.007408980311459641 -0.50577584259642538 0.013012463616556998 0.024208970924279444 
1 -0.35538554895316771 0.11568694831099957 0.21522918722446022 0.044647874863513501 -0.45389785686327649 -0.84445193033344268 
1 -0.50941540222008597 -0.11966931860837111 -0.22263816753588792 0.46112796773291947 0.4408853932467271 0.82024295940918324 

0.58000000000000029 3 0.0658748
1 0.85968602186144993 0.0041131299799983369 0.0076522514896302579 -0.51723861293208429 0.013137863564087585 0.02444227061088259 
1 -0.35496338126058452 0.11105948340666376 0.20662004397355163 0.039633328776728337 -0.47181240434696137 -0.87778095794373867 
1 -0.50472264060090932 -0.1151726133866669 -0.21427229546314935 0.47760528415537429 0.458674540782886 0.8533386873328771 

0.5900000000000003 3 0.0672359
1 0.85445559530286386 0.0042450941803333989 0.0078977636065588677 -0.52887647660805415 0.013253245249940353 0.024656931874137672 
1 -0.35459622114850231 0.10624599502647721 0.19766481430496763 0.033615645980247515 -0.49114023945131069 -0.91373932922977874 
1 -0.49985937415439508 -0.11049108920681107 -0.20556257791149807 0.49526083062787818 0.47788699420140079 0.88908239735567907 

0.60000000000000031 3 0.0686069
1 0.84910788453012165 0.0043781589686902661 0.0081453233068044441 -0.54069669005462662 0.013357850179248619 0.024851543576179854 
1 -0.35429510458119162 0.10123112456713022 0.18833492438428778 0.026385006979680339 -0.51213664899356315 -0.95280199123603126 
1 -0.49481277994896833 -0.10560928353582101 -0.19648024769106209 0.5143116830750083 0.49877879881431608 0.92795044765992007 

0.61000000000000032 3 0.0699449
1 0.84364102851386069 0.0045122125532906189 0.0083947226079295195 -0.55270680997651722 0.013450863971796144 0.025024590607525481 
1 -0.35407346564819464 0.095996620590039924 0.17859641841657628 0.01766801588577269 -0.53512879576942196 -0.99557761230102526 
1 -0.48956756286570141 -0.1005088331433286 -0.18699114102447867 0.53503879409083066 0.52167793179765332 0.97055302169354518 

0.62000000000000033 3 0.0713079
1 0.83805308914509535 0.0046471347085443584 0.0086457378368537778 -0.5649146955666936 0.013531413881478599 0.025174449272180426 
1 -0.35394789752716754 0.090520485459297681 0.16840837101340272 0.0071007121694456289 -0.56054465096424244 -1.0428624092125134 
1 -0.48410519161792448 -0.095167620167843942 -0.17705410885023565 0.55781398339735855 0.54701323708277305 1.0176879599403692 

0.63000000000000034 3 0.0726709
1 0.83234204822043178 0.0047827961819059666 0.008898128526344638 -0.57732850544096648 0.013598567059685433 0.025299384056752569 
1 -0.35393925395467268 0.084775760210182197 0.15772062650768051 -0.005813931975281815 -0.58895778953397793 -1.0957234865435552 
1 -0.47840279426580057 -0.089558556392094799 -0.16661875503400003 0.5831424374163775 0.57535922247430216 1.0704241024869408 

0.64000000000000035 3 0.0744879
1 0.82650580449471323 0.0049190580891445689 0.0091516362899494597 -0.58995668670995671 0.013651330081259178 0.025397546748521904 
1 -0.35407429898142112 0.078728737363314968 0.14647047399297802 -0.021775840409204324 -0.62115959864700709 -1.1556331764760204 
1 -0.4724315055132976 -0.08364779545246559 -0.155622110282891 0.61173252711932791 0.60750826856570495 1.1302356297275822 

0.65000000000000036 3 0.0758629
1 0.82054217089742243 0.0050557713144390422 0.0094059837059067512 -0.60280795223907679 0.013688650556009535 0.025466979433579728 
1 -0.35438828214674545 0.072336227713915374 0.13457756233568791 -0.041808584392421834 -0.65828148549986587 -1.2246963997023541 
1 -0.46615388875067632 -0.077391999028361566 -0.14398354604155572 0.64461653663167051 0.64459283494381114 1.1992294202689937 

0.66000000000000036 3 0.0777709
1 0.81444887206102723 0.0051927759423171654 0.0096608732603019921 -0.61589123982967642 0.013709422170899845 0.025505623877536829 
1 -0.35492916849398037 0.065541174409552122 0.12193574040851513 -0.067481841527660721 -0.7020145269491691 -1.3060593114517998 
1 -0.45951970356695249 -0.070733950351853245 -0.13159661366876918 0.68337308135748998 0.68830510477828966 1.2805536875745205 

0.67000000000000037 3 0.0795021
1 0.80822354238816851 0.0053299007661517534 0.0099159864326415874 -0.62921564288305132 0.013712495457134414 0.025511341557082626 
1 -0.35576505089071886 0.058265173744930204 0.10839914244171897 -0.10135558809245879 -0.75503556354477153 -1.4047020259396952 
1 -0.45245849149724188 -0.063595074511076474 -0.11831512887430501 0.73057123097561749 0.7413230680875158 1.3791906843831665 

0.68000000000000038 3 0.0812442
1 0.80186372502741754 0.0054669629490770614 0.010170983065028269 -0.64279029397685328 0.013696698439228727 0.025481952076466492 
1 -0.35699828949906998 0.050394664432085276 0.093756493921931305 -0.14796643363572001 -0.82192109075841246 -1.5291388605993566 
1 -0.44486543552817376 -0.055861627381158692 -0.10392747698689742 0.79075672761270355 0.80822439231907961 1.5036569085237952 

0.69000000000000039 3 0.0834651
1 0.79536687238732939 0.005603767972284711 0.010425501265934835 -0.65662416518966549 0.013660875385203337 0.025415305260085917 
1 -0.35879583450469837 0.041752478844560778 0.077678184250882659 -0.2163664877061896 -0.9113999667061532 -1.6956093745612204 
1 -0.43657103788292462 -0.04735624681684561 -0.0881036855167278 0.87299065289561228 0.89773909132125029 1.6701940693015349 

0.7000000000000004 3 0.087131
1 0.78873034936597053 0.0057401101307344602 0.010679158332494929 -0.67072570482643645 0.013603962181660602 0.025309421383636142 
1 -0.36146662946308683 0.032028962868040391 0.059588119026177069 -0.32829201522495666 -1.0431951055417257 -1.940806961892839 
1 -0.42726371990328765 -0.03776907299878017 -0.070267277358575991 0.99901772005156197 1.0295911433598695 1.915497540509796 

0.71000000000000041 3 0.12009
1 0.78195144182557463 0.0058757741523403906 0.010931553762859843 -0.68510209042412373 0.013525150068808315 0.02516279579414973 
1 -0.36572745491217235 0.020563115098833403 0.03825654159042062 -0.55708514577987567 -1.2778791298995784 -2.3774236464400231 
1 -0.41622398691405471 -0.026438889251146475 -0.049188095353191144 1.2421872362035564 1.2643539798311643 2.3522608506475122 

0.72000000000000042 3 0.275203
1 0.77502737748141237 0.0060105396306027311 0.011182277502869417 -0.69975718048756597 0.013424363129054082 0.024975287251156577 
1 -0.37460521607694103 0.0050203636099444638 0.0093401096244233126 -1.5837314053373412 -2.0577736130778441 -3.8283743213947625 
1 -0.40042216140741349 -0.011030903240515514 -0.020522387127165153 2.2834885858282807 2.044349249948366 3.8033990341488866 

0.73000000000000043 3 96.9653
1 0.76795540076340874 0.0061442018681820152 0.011430948724467142 -0.71467990028678396 0.013306278862151017 0.024755597984949775 
1 -0.3885850998901817 0.013732850944454688 0.025549211818270072 0.54181117059280814 1.6987111837215165 3.160358473745414 
1 -0.37937030088061535 -0.019877052812623364 -0.036980160542571638 0.17286872972170109 -1.7120174625831455 -3.1851140717219857 

0.74000000000000044 3 97.0591
1 0.76073298933837541 0.0062766422390315348 0.011677346730359875 -0.72984115521303206 0.013181047637776205 0.024522612198495414 
1 -0.38254726409090578 0.02780112056744714 0.051722451589583662 0.63322635308112574 1.2108358941615773 2.2526934037410222 
1 -0.37818572525380767 -0.034077762806404011 -0.063399798319864947 0.096614802159755556 -1.2240169418004425 -2.2772160159364145 

0.75000000000000044 3 97.0624
1 0.75335780240608341 0.0064078132537987937 0.011921383169253228 -0.74523517263980543 0.013052908135476873 0.024284215721268213 
1 -0.37613064063773427 0.038795306382883185 0.072176527972184629 0.64674417599260059 1.0084517555113484 1.8761688752370764 
1 -0.3772271617715644 -0.045203119636716887 -0.084097911140567666 0.098490996675799136 -1.0215046636530243 -1.9004530909521393 

0.76000000000000045 3 97.0655
1 0.74582749997745657 0.0065376993937099935 0.012163029169365442 -0.76086504474041228 0.012924451724263477 0.02404522965253536 
1 -0.36964377754909583 0.04822670811926922 0.089723130762971406 0.64995120690587915 0.88612210326913332 1.6485813036956247 
1 -0.37618372243117504 -0.054764407513067041 -0.10188615993140764 0.11091383786282549 -0.89904655499984398 -1.6726265333430201 

0.77000000000000046 3 97.0682
1 0.73813969623530717 0.0066663082725073753 0.012402298895619805 -0.77673655207368952 0.012797783740549887 0.023809570854553239 
1 -0.36313813663497724 0.056637005478548351 0.10537002517391431 0.65105619697003847 0.80029044752692247 1.4888962417858129 
1 -0.37500155960273596 -0.063303313751216395 -0.11777232406854626 0.12568035513200274 -0.81308823127383689 -1.5127058126355313 

0.78000000000000047 3 97.0712
1 0.73029193891296507 0.0067936673291528853 0.012639243396685892 -0.7928571068817154 0.012674790755913578 0.023580749189681449 
1 -0.3566231538651311 0.064299914723777205 0.11962644521696202 0.65197501638232958 0.73492420177772844 1.3672859465047085 
1 -0.37366878504994633 -0.071093582053171733 -0.13226568861262397 0.14088209052786216 -0.74759899254001683 -1.3908666956895859 

0.79000000000000048 3 97.0736
1 0.72228169522086194 0.0069198222934287864 0.012873947750305065 -0.8092353597473364 0.012557258484565785 0.023362086880725181 
1 -0.35009735470376729 0.071378192705212909 0.13279519103603996 0.65326724204345377 0.68247353446757986 1.2697043726177741 
1 -0.37218434051897442 -0.078298014998967116 -0.14566913878527826 0.15596811773234473 -0.69503079295848047 -1.293066459493565 

0.80000000000000049 3 97.0753
1 0.71410634046220045 0.0070448365415328876 0.013106529864395654 -0.82588102177103084 0.012446939489838027 0.023156844475113708 
1 -0.3435559907637793 0.077978558887117952 0.14507480830879757 0.65510114633739247 0.63882626315551727 1.1885010314798388 
1 -0.37055034970002154 -0.085023395429048521 -0.15818133817209548 0.17077987546194009 -0.65127320265162247 -1.2116578759499492 

0.8100000000000005 3 97.0767
1 0.70576314789655759 0.0071687910070962826 0.013337140311517549 -0.84280478185696306 0.012345599299080901 0.022968306639111546 
1 -0.33699339515633947 0.084175739792252152 0.15660432160970553 0.65751469891667225 0.60151345226557251 1.1190826046130371 
1 -0.36876975274152518 -0.091344530799815082 -0.16994146192008003 0.18529008296858637 -0.61385905157092657 -1.1420509112470827 

0.82000000000000051 3 97.078
1 0.69724927915501966 0.0072917844955175176 0.013565962913663288 -0.86001827433255873 0.012255052165928062 0.022799848691548986 
1 -0.33040378811737192 0.090024587539590764 0.16748578028103309 0.66050042844341428 0.56894489617074828 1.0584906021477631 
1 -0.36684549103865144 -0.097316372035641446 -0.18105174319351711 0.19951784591743846 -0.58119994834295985 -1.0812904508342411 

0.83000000000000052 3 97.0794
1 0.68856177481594505 0.0074139343276668421 0.013793215939843534 -0.87753407702010755 0.012177191813102053 0.022654993799113433 
1 -0.32378155278223519 0.095566816909367913 0.17779679237086338 0.6640362323777188 0.54004028563667839 1.0047151683323789 
1 -0.36478022203440369 -0.10298075123762984 -0.19159000830946948 0.21349784467072119 -0.55221747745602157 -1.0273701621264193 

0.84000000000000052 3 97.0808
1 0.67969754489120471 0.0075353772787026471 0.014019153852696309 -0.89536572989765617 0.012114020083377083 0.022537466279886252 
1 -0.31712131303560831 0.10083503288392895 0.18759801765066714 0.6680972379899236 0.5140342088768316 0.956332296750388 
1 -0.36257623185599358 -0.10837041016328709 -0.20161717150206893 0.22726849193608045 -0.52614822896641389 -0.97886976302520878 

0.85000000000000053 3 97.0821
1 0.67065335904595702 0.0076562708008536618 0.014244069583409841 -0.91352776909859157 0.012067675332933696 0.022451244427609259 
1 -0.31041793455355748 0.10585527736391252 0.19693790564037431 0.67266040518143666 0.49036551785612892 0.91229800242973935 
1 -0.36023542449250823 -0.11351154816547818 -0.21118197522245627 0.24086736394556121 -0.50243319319526236 -0.93474924685226046 

0.86000000000000054 3 97.0835
1 0.66142583641444985 0.0077767945344371786 0.01446829734288797 -0.93203577335155574 0.012040461877036711 0.022400615293750713 
1 -0.30366649664312773 0.11064871307535078 0.20585582842466613 0.67770619240108454 0.46861092657706632 0.87182478511617112 
1 -0.35775933977115748 -0.11842550761056522 -0.22032412576617508 0.25432958097884256 -0.48065138846028893 -0.89422540040487064 

0.87000000000000055 3 97.0845
1 0.65201143489629454 0.0078971521230864743 0.014692215998879085 -0.95090642125258662 0.012034881551701503 0.022390233406241383 
1 -0.2968622543830684 0.11523277816876773 0.21438422872087731 0.68321900720227569 0.44844327924822536 0.83430398950237605 
1 -0.35514918051278532 -0.1231299302926944 -0.22907644471832761 0.26768741407869273 -0.46047816080611415 -0.85669422290356834 

0.88000000000000056 3 97.0855
1 0.64240643982958545 0.008017573359223552 0.014916253067511607 -0.97015755852086782 0.012053668361008119 0.022425185228893883 
1 -0.2900005991025702 0.11962200199517872 0.22255013758527889 0.68918716389728296 0.42960429336018985 0.79925509522378435 
1 -0.35240584072629383 -0.12763957535530229 -0.23746639065131031 0.28097039465197926 -0.44165796172738137 -0.82168028044763075 

0.89000000000000057 3 97.0865
1 0.63260695194334404 0.0081383166954593425 0.015140889385614009 -0.98980827485084721 0.012099827180412833 0.022511061166775849 
1 -0.28307702034950394 0.12382859607920338 0.23037627388596421 0.69560266115235181 0.41188616297184999 0.76629149078743852 
1 -0.34952993159284895 -0.13196691277562661 -0.24551716327004669 0.2942056137268973 -0.42398599015845506 -0.78880255194916316 

0.90000000000000058 3 97.0875
1 0.62260887449396063 0.0082596721675912612 0.015366664548792144 -1.0098789902656145 0.012176677555181422 0.022654037050782269 
1 -0.27608707037168428 0.12786289127688155 0.23788185761084846 0.70246091619254158 0.39511878312641507 0.73509670530243953 
1 -0.34652180412100048 -0.13612256344549947 -0.25324852215805743 0.3074180741014938 -0.40729546068778816 -0.75775074234817952 

0.91000000000000059 3 97.0886
1 0.61240789949021712 0.0083819647858486244 0.01559418322065385 -1.0303915510539914 0.01228790375911999 0.022860967269142822 
1 -0.26902633121086927 0.13173366681524176 0.24508322202764443 0.70976051398250795 0.37916065118248021 0.70540748090833039 
1 -0.34338156827778132 -0.14011563160217805 -0.26067740524666727 0.32063103709989754 -0.39144855494778896 -0.72826844817243974 

0.9200000000000006 3 97.0901
1 0.60199949291040433 0.0085055584635483992 0.015824122441855427 -1.0513693354690088 0.012437612460202358 0.02313949205114145 
1 -0.26189038412589288 0.13544840148261184 0.25199428100959081 0.71750299433131093 0.36389223720711467 0.67700143875694418 
1 -0.34010910878265838 -0.14395395994731175 -0.26781840344976499 0.33386634116610009 -0.37632984967350969 -0.7001409308030343 

0.9300000000000006 3 97.0917
1 0.59137887881273121 0.0086308605669367013 0.016057240094831848 -1.0728373693890894 0.012630399580581911 0.023498161856480036 
1 -0.25467478092237317 0.13901346751590715 0.25862688975203046 0.72569268386065866 0.34921104994737412 0.64968789952452688 
1 -0.33670409788822536 -0.14764432808405642 -0.27468412984512808 0.34714468555683209 -0.36184144953414649 -0.67318606137595294 

0.94000000000000061 3 97.0933
1 0.58054102223868465 0.0087583271873577229 0.016294384712375466 -1.0948224520915248 0.012871428247731185 0.023946582399076554 
1 -0.24737501673727277 0.14243428142440309 0.26499112537175434 0.7343365727301685 0.33502788941323858 0.623300911549027 
1 -0.33316600549900111 -0.1511926086130366 -0.2812855100823396 0.36048587938975146 -0.34789931766715815 -0.64724749394306125 

0.95000000000000062 3 97.0948
1 0.56948061080792312 0.0088884692577335632 0.01653650685700955 -1.1173532921497342 0.013166520124570423 0.024495584561730479 
1 -0.23998650384428599 0.14571542179055716 0.27109550606891625 0.74344423312097763 0.32126394271659614 0.59769384779862478 
1 -0.32949410696094927 -0.15460389104962974 -0.28763201292408286 0.3739090590571485 -0.33443046284735173 -0.62218943235530899 

0.96000000000000063 3 97.0964
1 0.55819203490446079 0.0090218596605862802 0.016784672345073168 -1.1404606532152399 0.013522262897942706 0.025157424372504716 
1 -0.23250454608217472 0.1488607212240402 0.27694716220244175 0.753027775464432 0.30784848601986992 0.57273513047391822 
1 -0.32568748881930393 -0.15788258088602664 -0.29373183454561935 0.38743287777918334 -0.32137074892400364 -0.59789255484137438 

0.97000000000000064 3 97.0979
1 0.54666936635800911 0.0091591415055896994 0.017040077646645873 -1.1641775090444448 0.013946137321133834 0.025946019360325576 
1 -0.22492431354981463 0.15187333764526967 0.28255196890910622 0.76310183815901322 0.29471702496230334 0.5483047713735667 
1 -0.32174505280492965 -0.16103247915231936 -0.29959204655380789 0.40107567091381496 -0.30866316228962853 -0.57425079072883078 

0.98000000000000065 3 97.0991
1 0.53490633553381373 0.0093010377923143216 0.017304067862555918 -1.188539206523634 0.014446667979030162 0.026877229045246059 
1 -0.21724081725446612 0.1547558086449986 0.28791464723655702 0.77368360648502055 0.28180975217824522 0.52429150219213239 
1 -0.31766551827579187 -0.16405684643883214 -0.3052187150971189 0.41485560006698974 -0.29625642016346659 -0.55116873123231114 

0.99000000000000066 3 97.1002
1 0.52289630676055388 0.0094483627201847435 0.017578157765929935 -1.2135836345515245 0.015033602914835431 0.027969189124043826 
1 -0.20944888344321883 0.15751009161839638 0.29303883881056758 0.78479285629517248 0.26907023163625227 0.50059032680554949 
1 -0.31344742331349545 -0.16695845434016357 -0.31061699657445013 0.42879077828470863 -0.28410383455728216 -0.52855951592451977 

1.0000000000000007 3 97.1012
1 0.51063225205388219 0.0096020349649211002 0.017864056502281143 -1.2393513953447561 0.015718128477334874 0.029242711181711109 
1 -0.20154312739361327 0.16013759158134006 0.29792715758567789 0.79645201762534445 0.25644424054347181 0.4771003666980837 
1 -0.30908912465615646 -0.16973962654790273 -0.31579121408586108 0.44289937774777505 -0.27216236902698965 -0.50634307787471033 

1.0100000000000007 3 97.1022
1 0.49810672313584781 0.0097630933117159886 0.018163696674170542 -1.2658859728748217 0.016513127284320975 0.030721762618176426 
1 -0.19351792649201949 0.16263917795919774 0.30258122107984398 0.80868625245469827 0.24387871364160121 0.45372289688321549 
1 -0.30458879663944044 -0.17240227127261737 -0.32074491775186648 0.45719972044848589 -0.26039184093210266 -0.48444465949630749 

1.0200000000000007 3 97.1032
1 0.4853118218159681 0.0099327151236667192 0.018479268700710118 -1.29323389049644 0.01743348913574146 0.032434045085073901 
1 -0.18536739249351614 0.1650151911360421 0.3070016625588603 0.82152353924291011 0.23132074387868418 0.43035948670859325 
1 -0.29994442931778831 -0.174947906261474 -0.32548093125737632 0.47171035128190475 -0.24875423302061345 -0.46279353178858113 

1.0300000000000007 3 97.1042
1 0.47223916889692819 0.010112238234076604 0.01881326154697948 -1.321444846064229 0.018496487156403948 0.034411694278501964 
1 -0.17708534294250247 0.16726543912218619 0.31118812483650421 0.83499475431053116 0.21871659895176604 0.40691017018789022 
1 -0.29515382594947964 -0.17737767735808882 -0.33000138638123827 0.48645009178206855 -0.23721308611435829 -0.44132186446130461 

1.0400000000000007 3 97.1052
1 0.45887987190992763 0.010303186988879335 0.01916851117452071 -1.3505718074911714 0.019722234536086399 0.036692129678802914 
1 -0.16866527185088775 0.16938918430836475 0.31513923563141139 0.84913373621880972 0.20601071587929762 0.38327157545820784 
1 -0.29021460005381111 -0.17969237129913077 -0.33430774680363601 0.50143807130075568 -0.2257329504215711 -0.41996370513192571 

1.0500000000000007 3 97.1062
1 0.4452244921909414 0.010507303337835654 0.019548258384796208 -1.3806710441240062 0.021134241128482629 0.03931909007221248 
1 -0.16010031989637266 0.17138511989979696 0.31885256372396803 0.8639773134880312 0.1931446360594006 0.35933494351474582 
1 -0.28512417228905479 -0.18189242323958202 -0.33840082210641798 0.51669373066436519 -0.2142788771940719 -0.39865403358187962 

1.0600000000000007 3 97.1073
1 0.43126301210599177 0.010726584089322484 0.019956218129667073 -1.4118020585517994 0.022760094065443812 0.042343899796116351 
1 -0.15138324463983172 0.17325133524060049 0.32232455444427327 0.87956526745418684 0.18005584146606982 0.33498396301797395 
1 -0.27987976746036497 -0.18397791933193566 -0.34228077257154155 0.53223679112601141 -0.20281593553770316 -0.37732786280901559 

1.0700000000000007 3 97.1083
1 0.41698480365942875 0.010963325714575031 0.020396662867217027 -1.4440273681798785 0.024632292663496383 0.045827022036584085 
1 -0.14250639160132436 0.17498526882822776 0.32555044225810698 0.89594018961819688 0.16667644885431174 0.31009234093432919 
1 -0.27447841205202711 -0.18594859454487994 -0.34594710512287496 0.54808717859006628 -0.1913087415239991 -0.35591936296583643 

1.0800000000000007 3 97.1093
1 0.40237860032810857 0.011220178426617653 0.020874523172619629 -1.4774120641551964 0.026789275482175488 0.049839969613753518 
1 -0.13346166752536304 0.17658364735940998 0.32852413736525082 0.91314717476428764 0.15293171313939774 0.28452101815583125 
1 -0.26891693279638212 -0.1878038257881666 -0.34939866053537122 0.56426488941928099 -0.17972098862776348 -0.33436098776451262 

1.0900000000000007 3 97.1108
1 0.38743247483433202 0.011500211682516618 0.021395509601466186 -1.5120230442530831 0.02927668664719537 0.05446766090625392 
1 -0.12424051787640374 0.17804240862434736 0.3312380822484125 0.93123326490442648 0.13873828354775306 0.25811492516504458 
1 -0.26319195695128461 -0.1895426203090643 -0.35263359184732573 0.58078977937699039 -0.1680149702011409 -0.31258258606622319 

1.1000000000000008 3 97.1123
1 0.37213382681210611 0.01180699378236384 0.021966260779287594 -1.5479277721640525 0.03214893957021011 0.059811329065583459 
1 -0.11483391163318654 0.17935660545704951 0.3336830729780948 0.95024652109962393 0.12400214691152878 0.23069915564797072 
1 -0.25729991517199324 -0.1911635992416755 -0.35564933375477426 0.59768125109277093 -0.15615108648792994 -0.29051048470847529 

1.1100000000000008 3 97.1138
1 0.35646938609331108 0.012144688881561489 0.022594523887556953 -1.5851923526122047 0.035471148785380706 0.065992116091498298 
1 -0.10523233793847055 0.1805202872422707 0.33584803876280578 0.97023454515052265 0.10861618216273136 0.20207441676531723 
1 -0.25123704814763903 -0.19266497612615469 -0.35844256264770308 0.61495780749000872 -0.14408733095430504 -0.26806653285173848 

1.1200000000000008 3 97.1154
1 0.34042523986867051 0.012518175506837786 0.023289375156202923 -1.6238786219408381 0.039321513957496994 0.073155508147644502 
1 -0.095425821314579412 0.18152635466867639 0.33771977172533546 0.99124219349658194 0.092457240005553706 0.17201159604389255 
1 -0.24499941854660903 -0.19404453017789863 -0.36100914687883401 0.6326364284725996 -0.13177875396924291 -0.24516710418646173 

1.1300000000000008 3 97.1169
1 0.32398689558295191 0.01293319156945592 0.024061489652686379 -1.6640398261909675 0.04379425211272138 0.081476790815155631 
1 -0.085403965271500321 0.18236638251815102 0.33928259721203369 1.0133081107712818 0.075382654709190602 0.14024527175950816 
1 -0.23858293030368635 -0.19529957409005463 -0.36334408686196967 0.65073171544803554 -0.11917690682810417 -0.22172206256958796 

1.1400000000000008 3 97.1185
1 0.30713939655398748 0.013396511868085381 0.024923471516303648 -1.7057142784188761 0.049003180300626614 0.091167714437781419 
1 -0.07515603863477581 0.18303040434774856 0.34051797320544208 1.0364595456942443 0.057226096500991683 0.10646599654320167 
1 -0.23198335791115993 -0.1964269162183441 -0.36544144471894457 0.66925473275297309 -0.10622927680781036 -0.19763371097590182 

1.1500000000000008 3 97.1197
1 0.2898675145784852 0.013916165070446768 0.025890257640569431 -1.7489161350408462 0.055086042237939087 0.1024845436039564 
1 -0.064671125396196294 0.18350665208628694 0.34140400585812736 1.0607046780962395 0.037792693600653862 0.070311222194844772 
1 -0.22519638917395723 -0.1974228171593059 -0.36729426349584682 0.68821145697295294 -0.092878735844784927 -0.17279576579371891 

1.1600000000000008 3 97.1207
1 0.27215605403090681 0.014501697932570248 0.026979609238577198 -1.7936220853317846 0.062209631981749433 0.11573758945824862 
1 -0.053938368146358169 0.18378124310829572 0.34191486731103476 1.0860213596349189 0.016853411594021345 0.031354842818096487 
1 -0.21821768587593385 -0.19828294104350186 -0.3688944765467117 0.70760072572519783 -0.079063043581963033 -0.14709243227126509 

1.1700000000000008 3 97.1218
1 0.2539903162164176 0.015164494598625303 0.028212705882721456 -1.8397522888560085 0.070575664279534558 0.13130213116382097 
1 -0.0429473482271093 0.18383780779821926 0.34202010279719269 1.112340729030556 -0.0058611916410637663 -0.010904423795647168 
1 -0.21104296798041108 -0.19900230239954259 -0.37023280867696506 0.72741155985381323 -0.064714472644664359 -0.12039770736309789 

1.1800000000000008 3 97.1229
1 0.23535679218529607 0.015918157345868329 0.029614853859676004 -1.8871433187508539 0.080427120456550955 0.14963022207595117 
1 -0.031688663870802679 0.18365705295979987 0.34168381838899076 1.1395235948977576 -0.030667457112052651 -0.057055112644618808 
1 -0.20366812830531419 -0.19957521030842734 -0.37129867224566682 0.7476197238814587 -0.049759663350690687 -0.092575109426257893 

1.1900000000000008 3 97.1241
1 0.21624417786270145 0.016778950505192458 0.031216312060093034 -1.9355102203522165 0.09205436925881777 0.17126207723284698 
1 -0.02015479192412889 0.18321626239198829 0.34086375184716405 1.1673268185867707 -0.057934499348987985 -0.10778394095538543 
1 -0.19608938592910749 -0.19999521289999747 -0.37208006390420872 0.76818340179386146 -0.0341198699160222 -0.06347813627238913 

1.2000000000000008 3 97.1252
1 0.19664483721852347 0.017766298744918696 0.033053219008116898 -1.9843942423812249 0.10579958100647312 0.19683428564451569 
1 -0.008341349627081553 0.18248874846227808 0.3395102523032511 1.1953563210787985 -0.088087748756644074 -0.16388239853364711 
1 -0.18830348758169177 -0.20025504721007134 -0.37256347130826506 0.78903792133082362 -0.017711832256018991 -0.032951887105795281 

1.2100000000000009 3 97.1264
1 0.17655687448764887 0.018903309981038792 0.035168565707058175 -2.0330927717512601 0.12205662100066139 0.22707961198216042 
1 0.0037510918700200116 0.18144329219467539 0.33756523857414428 1.2230031755767217 -0.12160702788806771 -0.22624316877724629 
1 -0.18030796634763685 -0.20034660217864922 -0.3727338042780447 0.81008959620293985 -0.00044959311878149872 -0.00083644319984196326 

1.2200000000000009 3 97.1275
1 0.1559870057714802 0.020217255245393861 0.037613088407663774 -2.0805694366903298 0.14126150706546758 0.26280924336122718 
1 0.016114459347124157 0.18004365094895777 0.33496128322647051 1.249360412658421 -0.15901384348450323 -0.29583648621730274 
1 -0.17210146510829 -0.20026090619734818 -0.37257437163092666 0.83120902406034458 0.01775233641284878 0.033027242861149823 

1.2300000000000009 3 97.129
1 0.13495442110197889 0.021739874619309891 0.040445837780784352 -2.1253470048031375 0.16386557685314679 0.30486286859257272 
1 0.028729705557021319 0.17824828028812889 0.33162109512633514 1.2731223653386312 -0.20083959589379213 -0.37365099189437329 
1 -0.16368412664838861 -0.19998815491049154 -0.37206693290388398 0.85222463949304073 0.036974019034458898 0.068788123306878113 

1.2400000000000009 3 97.1306
1 0.11349575468778653 0.023507283263047608 0.043734004090341727 -2.1653964115023285 0.190280254726749 0.35400592001367975 
1 0.041562286404307106 0.17601051589398228 0.32745785788329596 1.2924783955130916 -0.24756323181077616 -0.46057773972040333 
1 -0.15505804108119969 -0.19951779916014248 -0.37119186197035459 0.87291801601756591 0.057282977077852862 0.10657181971182145 

1.2500000000000009 3 97.1326
1 0.091671056538615209 0.025559129761069031 0.0475513513411202 -2.198055244614002 0.22078073853513458 0.41075038804528063 
1 0.054556665487076779 0.17327958547423791 0.32237711244763895 1.305031958979318 -0.29950562344965276 -0.55721369475387683 
1 -0.14622772201451326 -0.19883871523848054 -0.36992846378540345 0.89302328566309974 0.078724884908325049 0.14646330671367591 

1.2600000000000009 3 97.1347
1 0.06957018295954373 0.027936548017470132 0.051974406893164932 -2.2200387860826369 0.25536070450060688 0.47508450764771087 
1 0.067630372062380525 0.17000292874761858 0.31628107331471417 1.3078049603505131 -0.35667345345502327 -0.66357128968656676 
1 -0.13720055501046446 -0.19793947676833004 -0.3682554802044824 0.91223382576038203 0.10131274894822316 0.18848678204393127 

1.2700000000000009 3 97.1368
1 0.047318235130778596 0.030678442667966974 0.057075550675643336 -2.2276363469640588 0.29354860903755031 0.54613099798545939 
1 0.080668894009776393 0.16613029255503584 0.30907624725348992 1.2974169233834365 -0.41856503190726119 -0.7787171580910498 
1 -0.12798712912880797 -0.1968087352263134 -0.36615179792568781 0.93021942360904708 0.12501642286353185 0.2325861601107054 

1.2800000000000009 3 97.1388
1 0.025077708579116745 0.033815925467022244 0.062912664391929871 -2.2171844722909682 0.33423354207084077 0.62182307213027543 
1 0.093523627828893494 0.16161976528131211 0.30068466001534233 1.2705289265600737 -0.48398921339550227 -0.9004352396218237 
1 -0.11860133639597993 -0.19543569075171352 -0.36359732440376219 0.9466555457594017 0.14975567131844592 0.27861216749671325 

1.2900000000000009 3 97.1406
1 0.0030444185608696677 0.037365433675587409 0.069516328659510518 -2.1858278942204739 0.37559445029747668 0.69877276084238671 
1 0.10601570674498755 0.15644516415403817 0.29105759999616104 1.2245654433413646 -0.55099524241916864 -1.0250962612538694 
1 -0.1090601252935377 -0.19381059783307383 -0.36057392865211979 0.96126245090761742 0.17540079211551596 0.32632350041662012 

1.3000000000000009 3 97.1419
1 -0.018565002281777494 0.041322121890680866 0.076877528873367046 -2.1323969659749542 0.4152410134154883 0.77253300502566113 
1 0.11794784604914434 0.15060309116530465 0.28018874538966076 1.158550512785429 -0.61702490975383828 -1.1479408158095847 
1 -0.099382843754763681 -0.19192521305949536 -0.35706627425942983 0.97384645321791152 0.20178389633217284 0.37540781078907898 

1.3100000000000009 3 97.1433
1 -0.039533479756432184 0.04565593916223689 0.084940356898200994 -2.0580338310946638 0.45060537419159458 0.83832644791425104 
1 0.12912368675628749 0.14411713628731743 0.26812198403814252 1.0737021884185025 -0.67932609870053018 -1.2638487419490736 
1 -0.089590206986971871 -0.18977307545312944 -0.35306234093270245 0.98433164270440232 0.22872072450273082 0.42552229404002639 

1.320000000000001 3 97.145
1 -0.05966722594414902 0.050312489560253623 0.093603612106167508 -1.9661895385492134 0.47947585229795608 0.89203838023185889 
1 0.13937026765633723 0.13703704357118188 0.25494986200537451 0.97341793899172635 -0.73551433586710402 -1.3683838584296202 
1 -0.079703041699014376 -0.18734953313511465 -0.34855347410781951 0.99277159958598948 0.25603848356301445 0.47634547820302631 

1.330000000000001 3 97.1464
1 -0.078815756614676422 0.055219009139633513 0.10273192119032645 -1.8619065242974697 0.50044613571487928 0.9310524360236061 
1 0.14855678687649376 0.12943248254840875 0.2408019956123349 0.86256853053064808 -0.78404854832471382 -1.4586790840567612 
1 -0.06974103024834985 -0.1846514916917727 -0.34353391679886153 0.99933799379522248 0.28360241260372493 0.52762664803842996 

1.340000000000001 3 97.1477
1 -0.096882365036133553 0.060293557036528084 0.11217283769250429 -1.7507063427944916 0.51308901312142585 0.95457381218748338 
1 0.15660402671370222 0.1213833738189108 0.22582707272764191 0.74641406056028115 -0.82442380300263007 -1.5337950186993776 
1 -0.059721661663819099 -0.18167693085922876 -0.33799991041627714 1.0042922822626281 0.31133478987512397 0.5792212065171638 

1.350000000000001 3 97.149
1 -0.11382357639963299 0.065454392234027686 0.12177428695874382 -1.6375744635865939 0.51783130190325399 0.96339657893055064 
1 0.16348307905810633 0.11296988789835366 0.21017424617429101 0.62962243192264156 -0.85705546988488113 -1.5945044353050188 
1 -0.049659502644433598 -0.17842428013622869 -0.33194853312911032 1.0079520316924289 0.33922416797554844 0.63110785637975375 

1.360000000000001 3 97.1504
1 -0.12964041205043528 0.070627099158299067 0.13139782291793653 -1.526366318287772 0.51565612229654112 0.95934977723346948 
1 0.16920619862902606 0.1042646444649295 0.19397862085861725 0.51570391187344611 -0.8829830233376238 -1.6427412186053592 
1 -0.039565786564273793 -0.17489174362713719 -0.32537644377258013 1.0106624064428429 0.36732690103498244 0.68339144137717145 

1.370000000000001 3 97.1517
1 -0.14436605201695593 0.075748540962199129 0.1409259829479339 -1.4196653334978344 0.50778861446368151 0.94471271280212687 
1 0.17381428740255664 0.095328089491333243 0.17735265317922042 0.40688669328527671 -0.90355389830890864 -1.681012197010523 
1 -0.029448235371001854 -0.17107663045749927 -0.31827863612313761 1.0127786402410719 0.39576528383918391 0.73629948421369074 

1.380000000000001 3 97.1531
1 -0.15805372870178899 0.080768017312355597 0.15026444187461516 -1.3189394107647527 0.4954602488969293 0.92177646857201401 
1 0.17736472386353547 0.086206684571076372 0.16038278236850617 0.30427863086061446 -0.92018700662546793 -1.7119571777213669 
1 -0.019310995146866315 -0.16697470188746757 -0.31064722423907171 1.0146607799326735 0.42472675772251561 0.79018070915461147 

1.390000000000001 3 97.1544
1 -0.17076691423859755 0.085646573041798402 0.15934072575819433 -1.2248171508688064 0.47977370960740895 0.89259252733315975 
1 0.17992148082910317 0.07693293230376734 0.14312947772052759 0.20813740168416198 -0.93424158443470784 -1.7381049446285262 
1 -0.0091545665753353708 -0.1625795053496627 -0.30247020347459519 1.0166797492131761 0.45446787482124812 0.84551241730062932 

1.400000000000001 3 97.1559
1 -0.18257233846544493 0.09035538334515951 0.1681012076379772 -1.13736380816358 0.4616483690171489 0.858871330773609 
1 0.18154796068562021 0.06752624815518124 0.12562886063858891 0.11812991342862784 -0.94697466043099621 -1.7617941302932465 
1 0.0010243777952827857 -0.15788163150450071 -0.29373006827241505 1.0192338947634392 0.48532629140779471 0.90292279952490684 

1.410000000000001 3 97.158
1 -0.19353552006202737 0.094873868252809343 0.17650759961544221 -1.0563034809729979 0.44181576124850164 0.82197385778393162 
1 0.18230212285857444 0.05799392702456313 0.10789450288042904 0.033526454531771895 -0.95956055056507783 -1.7852094847785804 
1 0.011233397219196122 -0.15286779528159111 -0.28440210249167613 1.0227770264696614 0.51774478931056356 0.9632356269998853 

1.420000000000001 3 97.16
1 -0.20371819653819667 0.099187902873779002 0.18453362310993288 -0.98117718525296738 0.42083982494387373 0.78294928510738093 
1 0.18223315570462581 0.048331687952307807 0.089918439956803306 -0.046685212629309678 -0.97315375666142157 -1.8104988950582304 
1 0.021485040849576902 -0.1475195908303637 -0.27445206306248782 1.0278623979106127 0.55231393171145771 1.0275496099561308 

1.430000000000001 3 97.1625
1 -0.21317704907070101 0.10328828339561227 0.19216215493593866 -0.91144600981803992 0.399145846525788 0.74258883467852654 
1 0.18137888364480415 0.038523394922636824 0.07167065170025555 -0.12376712615457545 -0.98899175159202479 -1.8399646111643497 
1 0.031798165442190683 -0.1418116783225867 -0.26383280663189707 1.0352131360009971 0.58984590506016144 1.0973757764912013 

1.4400000000000011 3 97.1646
1 -0.22196324412750007 0.10716948814718956 0.1993829223288974 -0.84655371337441754 0.37704959414251821 0.70147997572276843 
1 0.17976306832587255 0.028539490347411649 0.053096147848143364 -0.19928799140106565 -1.0085547234218586 -1.87636044135985 
1 0.042200175818204448 -0.13570897849899097 -0.25247907017268728 1.0458417048039366 0.63150512927326519 1.1748804656425758 

1.4500000000000011 3 97.1668
1 -0.23012245407257856 0.11082871429956306 0.2061907107800903 -0.78596185834484533 0.35478297547520304 0.66005415969137138 
1 0.17739155975859863 0.018333351221281307 0.034108188870255941 -0.27530652488600182 -1.0338345050911735 -1.9233920809807095 
1 0.052730894330844082 -0.12916206552529369 -0.24029889964588508 1.0612683832594751 0.67905152960987147 1.2633379212951115 

1.4600000000000011 3 97.1686
1 -0.23769513453415042 0.11426514886912864 0.21258400777839748 -0.72916740881761755 0.33251520992092604 0.61862620993972683 
1 0.17424557519226086 0.007833915000859993 0.014574566823720615 -0.35479167485448165 -1.0678455153801227 -1.9866676899231166 
1 0.063449559359062699 -0.12209906387451126 -0.2271585745976217 1.0839590837008397 0.7353303054532967 1.3680414799891998 

1.4700000000000011 3 97.1705
1 -0.24471691961976694 0.11747942987085394 0.21856400031542683 -0.67570961180530853 0.3103697950086674 0.57742588681015927 
1 0.17026841941144058 -0.0030693446988547413 -0.0057103465352599412 -0.44260130473939163 -1.1157411337416787 -2.0757748464518913 
1 0.074448500225775566 -0.11441008517656427 -0.21285365377563326 1.1183109165733813 0.80537133872735223 1.4983489596474355 

1.4800000000000011 3 97.173
1 -0.25121905137258471 0.12047325955640956 0.22413385533655136 -0.62517052249096516 0.28843813251053946 0.53662323825835023 
1 0.16533584180590669 -0.014559814536641081 -0.027087731971601404 -0.54808618377013263 -1.1877115690068165 -2.2096718721065374 
1 0.085883209584346101 -0.10591344502435762 -0.19704612336029978 1.1732567062890731 0.89927343648978397 1.6730486338540811 

1.4900000000000011 3 97.1761
1 -0.25722879386353154 0.12324914226776389 0.2292982320320642 -0.57717169473091878 0.26679108191819445 0.49635009446084155 
1 0.15917675567148454 -0.026981860595902862 -0.050198263591636989 -0.6939033129742751 -1.3086406842446257 -2.434653821794055 
1 0.098052038211318138 -0.096267281676666108 -0.17909996843553469 1.2710750077352098 1.0418496023213553 1.9383037273423045 

1.5000000000000011 3 97.2125
1 -0.26276979944426448 0.12581023604844865 0.23406300576753242 -0.53136789452150512 0.2454907313225563 0.45672196688754729 
1 0.15107699088586768 -0.041163898415704184 -0.076583162818963102 -0.96333208929597614 -1.5689241810263617 -2.9188969129648181 
1 0.1116928085779724 -0.084646337637824032 -0.15747984294385206 1.4946999838466537 1.3234334496977365 2.4621749460928788 

1.5100000000000011 3 97.8747
1 -0.26786238800849577 0.12816035225196815 0.23843526735624593 -0.48743440106272468 0.22461173971445617 0.4178777544725753 
1 0.13612819493658651 -0.062229630524475936 -0.11577479563639249 -4.224845684118586 -4.6629753648964929 -8.6752085040092375 
1 0.13173419309275067 -0.065930721733068284 -0.12266047171489659 4.7122800852032798 4.4383636251811511 8.2573307495568713 

