0 3 0
1 1 0 0 0 0 0 
1 -0.54894925633564262 0.45350643947016905 -0.12152238645199759 0 0 0 
1 -0.45105074366435738 -0.45350643947016905 0.12152238645199759 0 0 0 

0.01 3 0.011085
1 0.99996128138127516 -1.0442122058777303e-06 2.7980894685601076e-07 -0.0077438558358198786 -0.00020884033731645562 5.5961225617405091e-05 
1 -0.54892517320806689 0.45344719680452172 -0.12150651168268264 0.0048167461171046248 -0.011849007388606636 0.0031750809462222488 
1 -0.45103610817321033 -0.45344615259231286 0.12150623187373577 0.0029271097187152473 0.012057847725923086 -0.0032310421718396622 

0.02 3 0.0119748
1 0.99984511759879169 -4.1767225384664936e-06 1.1192019478605173e-06 -0.015489297077302164 -0.00041765540867077627 0.00011191568092297595 
1 -0.54885291658774982 0.45326944034412597 -0.12145887974762179 0.0096349399986037625 -0.023703708790090809 0.0063516876701913095 
1 -0.4509922010110386 -0.45326526362158365 0.12145776054567378 0.0058543570786983856 0.0241213641987616 -0.0064636033511142662 

0.029999999999999999 3 0.0136569
1 0.99965148486501387 -9.397151604700402e-06 2.5180773401775509e-06 -0.023237910850060238 -0.00062641984044101346 0.00016785656675616132 
1 -0.54873246474706849 0.45297308461915864 -0.12137946774416963 0.014456032386677913 -0.035569814124482325 0.0095313502121625558 
1 -0.45091902011793772 -0.45296368746755006 0.12137694966682944 0.0087818784633824348 0.036196233964923379 -0.0096992067789186884 

0.040000000000000001 3 0.0208828
1 0.99938034350536642 -1.6704865286731255e-05 4.4762652044685924e-06 -0.030991287723858795 -0.00083510804320321161 0.00022377702612972681 
1 -0.54856378142361184 0.45255798691440041 -0.12126823743010401 0.019281479996645277 -0.047453065234915277 0.012715607166562771 
1 -0.45081656208174731 -0.45254128204911015 0.1212637611648994 0.011709807727213474 0.048288173278118511 -0.012939384192692496 

0.050000000000000003 3 0.0239308
1 0.9990316379151486 -2.6098972039368969e-05 6.993526640709973e-06 -0.03875102344532607 -0.0010436941026215373 0.0002796701149924731 
1 -0.54834681574534172 0.4520239468690605 -0.12112513511639376 0.024112748547654609 -0.0593592521225461 0.015906010032327503 
1 -0.45068482216979994 -0.45199784789701686 0.12111814158975318 0.014638274897671269 0.060402946225167793 -0.016185680147320001 

0.060000000000000005 3 0.0276029
1 0.99860529649903917 -3.7578319089540372e-05 1.0069552749793109e-05 -0.046518720683483235 -0.0012521516688791419 0.00033552877260094424 
1 -0.54808150212518758 0.45137070591268597 -0.12095009151604352 0.028951315846918606 -0.071294229513364588 0.019104127652172832 
1 -0.45052379437384016 -0.45133312759359251 0.12094002196329395 0.017567404836564455 0.07254638118224406 -0.019439656424773799 

0.070000000000000007 3 0.0282989
1 0.99810123159307085 -5.1141487520678982e-05 1.3703963316328871e-05 -0.054295990792438853 -0.001460453844149087 0.00039134579136593153 
1 -0.54776776012445216 0.4505979465332593 -0.12074302154797256 0.033798674946329738 -0.083263933874036897 0.022311550772191182 
1 -0.45033347146861025 -0.45054680504573508 0.12072931758465642 0.020497315846109181 0.084724387718186175 -0.022702896563557048 

0.080000000000000002 3 0.0292089
1 0.9975193393689068 -6.678678621989013e-05 1.7896305186719466e-05 -0.06208445559567613 -0.0016685730675920834 0.00044711378603625671 
1 -0.54740549428419782 0.44970529137238352 -0.12050382409455804 0.038656337391186409 -0.095274400999665637 0.025529896754697821 
1 -0.45011384508469354 -0.4496385045861605 0.12048592778937174 0.023428118204489815 0.096942974067258506 -0.025977010540733928 

0.089999999999999997 3 0.0303779
1 0.99685949972007448 -8.4512244660534555e-05 2.26460503351664e-05 -0.069885749196440694 -0.001876480997352146 0.0005028251620781399 
1 -0.54699459392362282 0.44869230214118883 -0.12023238171114072 0.043525836581885698 -0.10733178430374511 0.028760814479239945 
1 -0.44986490579643451 -0.44860778989652589 0.12020973566080609 0.026359912614554955 0.10920826530109784 -0.02926363964131809 

0.099999999999999992 3 0.0316079
1 0.99612157613002095 -0.00010431560448747935 2.795259360884004e-05 -0.077701519818851275 -0.0020841483890020177 0.00055847208310320169 
1 -0.54653493290412269 0.44755847834925455 -0.11992856028542317 0.048408731270851553 -0.1194423739497965 0.032005989469144042 
1 -0.44958664322588004 -0.44745416274476302 0.1199006076918144 0.029292788547999764 0.12152652233879881 -0.032564461552247237 

0.10999999999999999 3 0.0355799
1 0.9953054155215465 -0.00012619430986668883 3.381525014193779e-05 -0.085533431684476705 -0.0022915449698676094 0.00061404643719223785 
1 -0.54602636935765581 0.44630325583737579 -0.11959220864430872 0.053306609218682077 -0.1316126169753726 0.035267149283978658 
1 -0.44927904616386982 -0.44617706152750636 0.11955839339416732 0.032226822465794808 0.13390416194524127 -0.035881195721170857 

0.11999999999999998 3 0.0373371
1 0.99441084808727764 -0.00015014549655497137 4.0233252426795882e-05 -0.093383166929272968 -0.0024986393086339617 0.00066953980195457862 
1 -0.54546874537761625 0.44492600510346614 -0.11922315810530645 0.058221091035560085 -0.14384913857255011 0.038546069221913178 
1 -0.44894210270964208 -0.44477585960690857 0.11918292485288066 0.035162075893713084 0.14634777788118472 -0.039215609023867767 

0.12999999999999998 3 0.039463
1 0.99343768710075198 -0.00017616597963959567 4.7205747028574348e-05 -0.10125242756593532 -0.0027053986796047153 0.0007249434081548254 
1 -0.54486188667024216 0.44342602940911313 -0.11882122196916088 0.063153834236412451 -0.15615876470500295 0.041844578380229099 
1 -0.448575800430494 -0.44324986342947276 0.1187740162221337 0.03809859332952311 0.15886416338460846 -0.042569521788383781 

0.13999999999999999 3 0.0409551
1 0.99238572870763497 -0.00020425223989102218 5.4731790928310362e-05 -0.10914293749691945 -0.0029117889209525432 0.00078024810172939725 
1 -0.54420560216429326 0.44180256265247203 -0.1183861949498685 0.068106537541197193 -0.1685485462606206 0.045164566127297516 
1 -0.44818012654332712 -0.44159831041258074 0.11833146315894154 0.041036399955722926 0.17146033518157389 -0.045944814229026708 

0.14999999999999999 3 0.041842
1 0.99125475169652355 -0.00023440040866518782 6.2810347477307998e-05 -0.11705644458358025 -0.0031177742862583168 0.0008354443040046979 
1 -0.54349968357634926 0.44005476699103396 -0.11791785253767126 0.073080945455082813 -0.18102578496079369 0.048507989045277797 
1 -0.44775506812015847 -0.43982036658236706 0.11785504219019564 0.04397549912849795 0.18414355924705286 -0.049343433349282366 

0.16 3 0.0448158
1 0.99004451724875175 -0.00026660625128453156 7.1440281943889277e-05 -0.12499472277712749 -0.0033233172885928286 0.00089052196991696859 
1 -0.54274390492874036 0.43818173019551276 -0.11741595028999838 0.078078853167286424 -0.19359806127353887 0.051876878409767423 
1 -0.44730061231999213 -0.43791512394422616 0.11734451000805676 0.046915869609841461 0.19692137856213257 -0.052767400379684415 

0.17000000000000001 3 0.0508146
1 0.98875476866655454 -0.00030086514881926159 8.0620356631470067e-05 -0.13295957431734381 -0.0035283785363453626 0.00094547054402062977 
1 -0.54193802201673025 0.43618246271342737 -0.11688022304461948 0.083102111811979823 -0.20627326460810386 0.055273348280802007 
1 -0.4468167466498027 -0.43588159756460626 0.1167996026879905 0.049857462505363971 0.20980164314445054 -0.056218818824822582 

0.18000000000000002 3 0.0542066
1 0.98738523107890153 -0.00033717207818211779 9.0349225544717368e-05 -0.14095283200529632 -0.0037329165599483296 0.0010002789140571143 
1 -0.54108177182107386 0.43405589441804693 -0.11631038404848636 0.088152634140167677 -0.21905962610444521 0.058699604289181216 
1 -0.44630345925780385 -0.43371872233986347 0.11622003482294362 0.052800197865128955 0.2227925426643951 -0.059699883203238539 

0.19000000000000003 3 0.0549514
1 0.98593561112416561 -0.00037552159044109681 0.00010062542857818799 -0.14897636155659399 -0.0039368876285862334 0.0010549353618398705 
1 -0.54017487186155744 0.43180087101500469 -0.115706123994841 0.093232400657842482 -0.23196575437285424 0.06215795321332207 
1 -0.44576073926258619 -0.4314253494245629 0.11560549856626495 0.055743960898752283 0.2359026420014424 -0.063212888575162052 

0.20000000000000004 3 0.0555644
1 0.98440559660886706 -0.00041590778724512502 0.0001114473851993115 -0.15703206404205647 -0.0041402455559090426 0.0011094275111929667 
1 -0.53921701948659262 0.42941615007510275 -0.11506710996016135 0.098343466293248777 -0.24500067458813679 0.065650813455005078 
1 -0.4451885771222488 -0.42900024228785688 0.11495566257496395 0.058688597748808802 0.2491409201440484 -0.066760240966198148 

0.21000000000000005 3 0.0563464
1 0.9827948561415083 -0.00045832429524753651 0.00012281338759485724 -0.16512187842305723 -0.0043429414936955631 0.0011637422726608003 
1 -0.53820789109318745 0.42690039665749818 -0.11439298423134207 0.10348796766495348 -0.25817387140057224 0.069180726537869622 
1 -0.44458696504829531 -0.42644207236225068 0.11427017084374912 0.061633910758105037 0.26251681289427042 -0.07034446881053022 

0.22000000000000006 3 0.0574014
1 0.98110303874059401 -0.00050276423840122113 0.00013472159324710072 -0.17324778418917772 -0.0045449237123298611 0.0012178657846841111 
1 -0.53714714127089036 0.42425217848252544 -0.1136833630121948 0.10866813103284095 -0.27149533619389193 0.072750369770746254 
1 -0.44395589746967651 -0.42374941424412699 0.11354864141894942 0.064579653156338512 0.27604025990622372 -0.073968235555429668 

0.23000000000000007 3 0.0584016
1 0.97932977341568239 -0.0005492202079875457 0.00014717001690271115 -0.18141180410625377 -0.0047461373668619645 0.0012717833509132393 
1 -0.53603440186243201 0.4214699606076997 -0.11293783499681941 0.11388628102648808 -0.28497561930088833 0.076362570239441499 
1 -0.44329537155322163 -0.42092074039971283 0.11279066497991821 0.067525523079767474 0.28972175666775141 -0.077634353590354144 

0.24000000000000007 3 0.0596185
1 0.97747466872039401 -0.00059768423022828502 0.00016015652189399238 -0.18961600708333981 -0.004946524247324907 0.0013254793733026482 
1 -0.53486928093273101 0.41855209955385997 -0.11215595979563753 0.11914485025996793 -0.29862588788234334 0.080020320316082874 
1 -0.44260538778763758 -0.41795441532363103 0.11199580327374509 0.070471156823374764 0.30357241212966929 -0.08134579968938456 

0.25000000000000006 3 0.0609105
1 0.97553731227612894 -0.00064814773131608686 0.00017367881076838448 -0.19786251116764311 -0.0051460225118694436 0.0013789372806011777 
1 -0.53365136163682281 0.41549683682086902 -0.11133726619784755 0.12444638995949489 -0.3124579902879403 0.083726794905375018 
1 -0.44188595063928171 -0.4148486890895523 0.11116358738708031 0.07341612120815133 0.31760401279981015 -0.085105732185974933 

0.26000000000000006 3 0.0623674
1 0.9735172702651288 -0.00070060149968390842 0.00018773441517811566 -0.20615348667696656 -0.0053445664011570419 0.0014321394518203459 
1 -0.53238020097583161 0.41230229172337757 -0.1104812502516814 0.12979358175101227 -0.32648452785222815 0.087485370683178978 
1 -0.44113706928926999 -0.41160169022369408 0.11029351583650444 0.07635990492595747 0.33182909425338253 -0.088917510134998518 

0.27000000000000007 3 0.0637045
1 0.97141408689149911 -0.00075503564531769006 0.0002023206849775517 -0.2144911594798099 -0.0055420859323196559 0.0014850671342272511 
1 -0.53105532842856529 0.40896645346688892 -0.10958737314109399 0.13518925077958416 -0.34071893523950353 0.091299647625867092 
1 -0.44035875846290384 -0.40821141782157438 0.10938505245611768 0.079301908700228588 0.34626102117182117 -0.09278471476009359 

0.28000000000000008 3 0.0647745
1 0.96922728380865075 -0.00081143955589888948 0.00021743477647107216 -0.2228778144338486 -0.0057385065706496699 0.0015377003553699886 
1 -0.5296762444444354 0.40548717237227094 -0.10865505883426897 0.14063638036220796 -0.35517557064427102 0.095173473180596074 
1 -0.43955103936418688 -0.40467573281637231 0.10843762405779901 0.082241434071642444 0.36091407721491975 -0.096711173535965644 

0.29000000000000009 3 0.0657814
1 0.96695635951150971 -0.00086980184954428563 0.00023307363974914831 -0.23131579899415758 -0.0059337488770247254 0.0015900178286010363 
1 -0.52824241878119038 0.40186215014268523 -0.10768369147552651 0.14613812841153256 -0.36986981738604835 0.09911096948883287 
1 -0.43871394073029246 -0.40099234829313973 0.10745061783577786 0.085177670582626333 0.37580356626307349 -0.10070098731743363 

0.3000000000000001 3 0.0668955
1 0.96460078869175403 -0.00093011032388978776 0.00024923400504474796 -0.23980752700321833 -0.0061277281288997926 0.0016419968515176127 
1 -0.52675328866843762 0.3980889290501522 -0.1066726124877365 0.15169784591144178 -0.38481819871808992 0.10311656415070085 
1 -0.43784750002328937 -0.39715881872626363 0.10642337848269222 0.088109681091776873 0.39094592684699259 -0.1047585610022176 

0.31000000000000011 3 0.0716286
1 0.96216002155418401 -0.00099235190124223301 0.00026591236803611784 -0.24835548267544047 -0.0063203539125101316 0.0016936131966876309 
1 -0.52520825677476246 0.39416487989911192 -0.105621117347014 0.15731909777834235 -0.40003850801043211 0.10719502510905825 
1 -0.4369517647793949 -0.39317252799787072 0.10535520497897823 0.091036384897099337 0.40635886192294485 -0.10888863830574555 

0.32000000000000012 3 0.0723746
1 0.95963348309221108 -0.00105651256949872 0.0002831049740154152 -0.25696222478966241 -0.0065115296837243231 0.0017448409939751219 
1 -0.5236066889526757 0.39008718860074587 -0.10452845198514887 0.16300568650665431 -0.41554995688360086 0.11135150034367189 
1 -0.43602679413951223 -0.38903067603124947 0.10424534701113386 0.09395653828301069 0.42206148656732689 -0.11309634133764662 

0.33000000000000013 3 0.0735307
1 0.95702057232034532 -0.0011225773185062106 0.0003008078008355178 -0.26563039110384018 -0.006701152294764404 0.0017956526037193408 
1 -0.52194791173123645 0.38585284116359364 -0.10339380876766618 0.16876167907649064 -0.43137334437919639 0.1155915632024619 
1 -0.43507266058908228 -0.38473026384509046 0.10309300096683073 0.096868712027352116 0.43807449667396375 -0.1173872158061809 

0.34000000000000014 3 0.0748727
1 0.95432066146133665 -0.001190530071505144 0.00031901654053954724 -0.27436270300689558 -0.0068891114837707455 0.0018460184799576572 
1 -0.52023120952095414 0.38145860687209387 -0.10221632198631844 0.17459143769965021 -0.44753125088172296 0.11992126436513773 
1 -0.43408945194035725 -0.38026807680059133 0.10189730544577895 0.099771265307248752 0.4544203623654931 -0.12176728284509558 

0.35000000000000014 3 0.0760808
1 0.95153309508557016 -0.0012603536112694423 0.00033772657956919634 -0.28316197042345242 -0.0070752893239310524 0.0018959070228131683 
1 -0.51845582148914138 0.37690101938381582 -0.10099506279386553 0.18049965510201121 -0.46404826128429777 0.12434719164307982 
1 -0.43307727359640241 -0.37564066577254995 0.10065733621429668 0.10266231532144388 0.47112355060822803 -0.12624309866589276 

0.36000000000000015 3 0.0774088
1 0.94865718920005648 -0.00133202950052075 0.00035693297743879539 -0.29203109698794749 -0.0072595596286164944 0.0019452844190939594 
1 -0.51662093805632714 0.37217635542648547 -0.09972903349569448 0.18649139519282512 -0.4809512228603664 0.12887653907909385 
1 -0.43203625114370187 -0.37084432592596728 0.099372100518255166 0.10553970179512072 0.48821078248898303 -0.13082182349818888 

0.37000000000000016 3 0.0781708
1 0.9456922302842915 -0.0014055379961586147 0.00037663044375227915 -0.30097308550527757 -0.0074417873086728035 0.0019941144700716847 
1 -0.51472569695478632 0.3672806107156012 -0.098417161096656713 0.19257214016308433 -0.49826954451915989 0.1335171871364336 
1 -0.43096653332946822 -0.36587507271944414 0.098040530652904398 0.10840094534219515 0.50571133182782901 -0.13551130160650862 

0.38000000000000017 3 0.0789337
1 0.94263747426997724 -0.0014808579568064779 0.00039681331342904719 -0.30999104371585395 -0.0076218276777073376 0.002042358405325012 
1 -0.51276917877871719 0.36220947263901926 -0.097058289981587095 0.19874784529751127 -0.51603554565412146 0.13827779617684752 
1 -0.42986829549121303 -0.36072861468221112 0.096661476668157803 0.11124319841834593 0.52365737333181239 -0.14032015458217642 

0.39000000000000018 3 0.0796576
1 0.93949214546148951 -0.0015579667431324436 0.00041747551999373643 -0.31908819038334774 -0.007799525700882476 0.0020899746814450684 
1 -0.51075040194119359 0.35695828916375316 -0.095651173583509899 0.20502500309415653 -0.534284864741424 0.14316791594935127 
1 -0.42874174352027544 -0.35540032242062553 0.095233698063516933 0.11406318728919435 0.54208439044228196 -0.14525789063080144 

0.40000000000000019 3 0.0803897
1 0.93625543539385903 -0.0016368401103554002 0.0004386105667719913 -0.3282678617239001 -0.0079747151823982704 0.0021369187643118207 
1 -0.50866831693530257 0.35152203330656828 -0.094194464863122038 0.21141071868226582 -0.55305694033335429 0.14819811447807454 
1 -0.4275871184585367 -0.34988519319621519 0.093755854296348695 0.11685714304163704 0.56103165551573242 -0.15033503324239256 

0.4100000000000002 3 0.0811157
1 0.93292650162451229 -0.0017174520922980966 0.00046021149582109087 -0.33753351819567351 -0.0081472178865047307 0.0021831428935588527 
1 -0.5065217997744843 0.34589526236817414 -0.092686705385108023 0.21791279904290445 -0.57239558029924842 0.15338013059704472 
1 -0.42640470184999907 -0.34417781027587957 0.092226493889283806 0.11962071915276698 0.58054279818573107 -0.15556327349061039 

0.42000000000000021 3 0.0818458
1 0.92950446645538543 -0.0017997748762952593 0.00048227085441012168 -0.34688875166735017 -0.0083168425865558608 0.0022285958277564388 
1 -0.50430964445868354 0.34007207095240843 -0.0911263127290797 0.22453985920694167 -0.59234963933236229 0.15872705549615351 
1 -0.42519482199667713 -0.33827229607610931 0.090644041874666903 0.12234889246040546 0.60066648191890648 -0.16095565132391426 

0.43000000000000022 3 0.0825796
1 0.92598841558133638 -0.0018837786682083706 0.00050478065884911353 -0.35633729298372113 -0.008483384036306935 0.0022732225687583027 
1 -0.50203055427716714 0.33404603656554105 -0.089511565912277102 0.23130144948742562 -0.61297383020022489 0.16425355010520917 
1 -0.42395786130413643 -0.33216225789732906 0.089006785253425841 0.12503584349629537 0.62145721423651912 -0.16652677267397401 

0.44000000000000022 3 0.0833116
1 0.92237739666081497 -0.0019694315467395232 0.00052773235545070971 -0.36588301994507016 -0.0086466218573845524 0.0023169640635863518 
1 -0.4996831317127291 0.32781015630175436 -0.087840588423689747 0.23820820897585557 -0.63432970143278811 0.16997610707700322 
1 -0.42269426494805806 -0.32584072475501297 0.087312856068234787 0.12767481096921438 0.64297632329016541 -0.17229307114059572 

0.45000000000000023 3 0.0840535
1 0.9186704178046462 -0.0020566993061746867 0.00055111677839135944 -0.37552996571508707 -0.0088063193366582169 0.0023597568821720539 
1 -0.49726586665191264 0.32135677274795299 -0.086111328369379625 0.24527205210600139 -0.65648682378116485 0.1759133687128652 
1 -0.42140455115270542 -0.31930007344177086 0.085560211590985383 0.13025791360908456 0.66529314311780441 -0.1782731255950436 

0.46000000000000024 3 0.0853074
1 0.91486644597850475 -0.0021455452866236467 0.00057492410422215628 -0.38528232766884657 -0.0089622221271497618 0.002401532869249988 
1 -0.49477712252821943 0.31467748675610607 -0.084321535098807632 0.25250639722510504 -0.6795242407846398 0.18208651565918629 
1 -0.42008932345026134 -0.31253194146947211 0.083746610994581999 0.13277593044374589 0.68848646291178206 -0.18448804852844458 

0.47000000000000025 3 0.0866704
1 0.91096440531472889 -0.0022359301907608777 0.0005991438027623103 -0.39514447668758063 -0.009114056846186179 0.0024422187687162256 
1 -0.49221511992150652 0.30776305409383314 -0.082468731511139676 0.259926449045284 -0.70353225653526708 0.18851974595995594 
1 -0.41874928539320089 -0.30552712390306103 0.08186958770837173 0.1352180276423092 0.71264631338143836 -0.19096196472867741 

0.48000000000000026 3 0.0874205
1 0.90696317532891768 -0.0023278118860079054 0.00062376458409173273 -0.40512096690020472 -0.0092615295648180006 0.0024817358188503253 
1 -0.48957791699913256 0.30060326213714655 -0.080550181013614455 0.26754955092621968 -0.72861465825482574 0.19524087062241927 
1 -0.41738525832976292 -0.29827545025112734 0.079926416429517103 0.13757141597399844 0.7378761878196316 -0.1977226064412731 

0.49000000000000027 3 0.0884304
1 0.90286158903688929 -0.0024211451910451745 0.00064877434134420146 -0.41521654586199752 -0.0094043241831942882 0.0025199993169780156 
1 -0.48686338599766482 0.29318678163121697 -0.07856284779910086 0.27539562868834433 -0.7548915056392046 0.20228206105471985 
1 -0.41599820303920948 -0.29076563644016079 0.077914073457749866 0.13982091717366629 0.76429582982238353 -0.20480206037170023 

0.50000000000000022 3 0.0891953
1 0.89865843096780862 -0.0025158816454882772 0.00067416008898953214 -0.4254361651474528 -0.0095421006877650823 0.0025569181524680343 
1 -0.48406918468841209 0.28550098699614457 -0.076503348694909476 0.28348775587865344 -0.7825026677025354 0.20968079680490598 
1 -0.41458924627939142 -0.28298510535064364 0.075829188605914116 0.14194840926880795 0.79204476839027504 -0.21223771495737528 

0.51000000000000023 3 0.090414
1 0.89435243506946394 -0.0026119692615358689 0.0006999078962846725 -0.43578499131578152 -0.0096744932880967541 0.0025923943074697251 
1 -0.48119272141485447 0.27753173651734198 -0.07436789426222519 0.2918528823658228 -0.81161235823774958 0.21748108089095614 
1 -0.41315971365460646 -0.27491976725579759 0.073667986365934454 0.143932108949968 0.82128685152583625 -0.22007347519842543 

0.52000000000000024 3 0.0914321
1 0.88994228250224905 -0.0027093522563849887 0.00072600281557123122 -0.44626841718185256 -0.0098011084340481613 0.0026263223255921357 
1 -0.47823111178869088 0.26926310076618132 -0.07215221602321896 0.30052278583030245 -0.84241502433300741 0.2257350176980128 
1 -0.4117111707135564 -0.26655374850978558 0.071426213207641601 0.14574563135155766 0.85221613276705066 -0.228361340023604 

0.53000000000000025 3 0.092623
1 0.88542659931937084 -0.0028079707642393818 0.00075242880510469469 -0.45689207328982057 -0.0099215227185350929 0.0026585887499252425 
1 -0.47518112441150617 0.26067702333213388 -0.069851475550235756 0.30953533240339209 -0.87514309695790415 0.23450488983918444 
1 -0.41024547490787516 -0.25786905256788439 0.069099046745125736 0.14735674088643635 0.88506461967644245 -0.23716347858910661 

0.54000000000000026 3 0.093812
1 0.88080395403193723 -0.0029077605268194753 0.00077916864612299637 -0.46766183943734196 -0.010035280677766462 0.0026890715335872802 
1 -0.47203911193598119 0.25175289176214555 -0.067460149493953292 0.31893617384855927 -0.91007734877168089 0.24386593365211373 
1 -0.40876484209596792 -0.2488451312353179 0.066680980847826726 0.1487256655887933 0.92011262944944872 -0.24655500518569373 

0.55000000000000027 3 0.095041
1 0.87607285505931998 -0.0030086525614473492 0.00080620385390592721 -0.47858385602911985 -0.010141892510667461 0.0027176394286171513 
1 -0.46880092220707315 0.24246698744596579 -0.064971882173680107 0.32878107362551823 -0.94756097352748203 0.25391011194100221 
1 -0.40727193285224866 -0.23945833488451262 0.064165678319770852 0.14980278240361763 0.95770286603814769 -0.25662775136961025 

0.56000000000000028 3 0.09672
1 0.87123174806820691 -0.0031105728060650964 0.00083351458265366559 -0.48966453494108753 -0.010240831753711391 0.0027441513629184113 
1 -0.46546178181729903 0.23279176931899584 -0.062379293637105156 0.33913915948402629 -0.98801909396668153 0.26475134134643613 
1 -0.40576996625094686 -0.22968119651291469 0.061545779054447629 0.15052537545708089 0.99825992572040301 -0.2674954927093296 

0.57000000000000028 3 0.09903
1 0.86627901320743739 -0.0032134417410076116 0.00086107952413634332 -0.50091056943746759 -0.010331532968855816 0.0027684558207148077 
1 -0.46201614063097857 0.22269492470981395 -0.059673725323725994 0.35009757619152387 -1.0319863842123165 0.2765328940906977 
1 -0.40426287257642851 -0.21948148296878009 0.058812645799586463 0.15081299324596215 1.0423179171812209 -0.27930134991139938 

0.58000000000000029 3 0.100409
1 0.86121296225055355 -0.0033171739880770716 0.00088887580026123783 -0.51232894248139327 -0.0104133895343443 0.0027903902505687938 
1 -0.45845745971769508 0.21213808620267541 -0.056844896233062707 0.36176831621825223 -1.0801471653133163 0.28943814205062524 
1 -0.40275550253279918 -0.20882091221456944 0.055956020432798688 0.15056062626312172 1.090560554847728 -0.29222853230117818 

0.5900000000000003 3 0.101599
1 0.85603183566775198 -0.0034216778885897995 0.00091687885000558381 -0.52392693248184397 -0.010485751676601207 0.0028097805380057489 
1 -0.45477791489696712 0.20107505641555617 -0.053880427233040103 0.37429855317199229 -1.1333953009331132 0.30370660651211567 
1 -0.4012539207707233 -0.19765337852694742 0.052963548383032265 0.14962837930982265 1.1438810526096836 -0.30651638705010215 

0.60000000000000031 3 0.102886
1 0.85073379965829499 -0.0035268550637939681 0.00094506231162526594 -0.53571211507082783 -0.010547924956157381 0.0028264405997991742 
1 -0.45096797026110208 0.18944928471577843 -0.050765164916249203 0.38788683181754996 -1.1929267255662148 0.3196587521944162 
1 -0.39976582939715788 -0.18592242965196573 0.049820102604622052 0.14782528325322661 1.2034746505222826 -0.32248519279421806 

0.61000000000000032 3 0.104393
1 0.84531694319374207 -0.0036325999637287863 0.00097339790176644947 -0.54769235880425948 -0.010599169538348913 0.00284017218854554 
1 -0.44701574349782425 0.17719016399330514 -0.04748018927678993 0.40280951037479412 -1.2603881910104326 0.33773584561762926 
1 -0.39830119969586669 -0.17355756402955821 0.046506791375017495 0.14488284842941249 1.2709873605488353 -0.34057601780619051 

0.62000000000000033 3 0.106383
1 0.83977927514701667 -0.0037387994147853429 0.0010018552942289618 -0.55987581155416533 -0.010638700771505697 0.0028507650475979871 
1 -0.44290602207534185 0.16420738212337591 -0.044001300118211462 0.41946616787200858 -1.3381281572038117 0.35856718425432088 
1 -0.39687325307164467 -0.16046858270857867 0.042999444823972881 0.14040964368207801 1.3487668579753647 -0.36141794930191679 

0.63000000000000034 3 0.108751
1 0.83411872162480405 -0.0038453321829309823 0.0010304020029274139 -0.57227087245875841 -0.010665691921224692 0.0028579976437451203 
1 -0.43861865995211513 0.15038188818108555 -0.04029659634442237 0.43846254945231383 -1.4296457782078655 0.38309040760666868 
1 -0.39550006167270352 -0.14653655599815552 0.039266194341488432 0.13380832300629172 1.4403114701292161 -0.38594840525031648 

0.64000000000000035 3 0.110309
1 0.82833312368582079 -0.0039520685806752973 0.0010590032765726491 -0.58488614090678526 -0.010679280493197933 0.0028616388614901632 
1 -0.43412579455024691 0.13555055485049328 -0.036322366071734981 0.4607744178864554 -1.5404569048318741 0.41278355279889684 
1 -0.39420732913563017 -0.13159848626977688 0.035263362795155566 0.12411172302009048 1.5511361853253329 -0.415645191660303 

0.65000000000000036 3 0.11254
1 0.82242023574276168 -0.0040588701651470983 0.0010876220177686445 -0.59773032751743282 -0.010678580701210846 0.0028614513439932762 
1 -0.42938660118306615 0.11947802672817706 -0.032015543050611016 0.48810626675586294 -1.6799368706760951 0.45015885078026041 
1 -0.39303363455968349 -0.11541915656297667 0.030927921032828199 0.10962406076118872 1.6906154513780214 -0.45302030212426664 

0.66000000000000036 3 0.114225
1 0.81637772515535612 -0.0041655896105731683 0.0011162187488396402 -0.61081209825305582 -0.010662707022783609 0.0028571978050899133 
1 -0.42433622554814848 0.10179923636422294 -0.02727830316242701 0.52379646007336611 -1.8658104843558205 0.49996587257069985 
1 -0.39204149960697571 -0.097633646753616424 0.02616208441356449 0.087015638179347557 1.8764731913786934 -0.50282307037564455 

0.67000000000000037 3 0.116861
1 0.81020317395227415 -0.0042720709123076558 0.0011447516665063064 -0.624139789091955 -0.010630819605812894 0.0028486531965244786 
1 -0.41885821557971809 0.081882157111553361 -0.021941287430605048 0.57564094429731261 -2.1375343948568286 0.57277749151627411 
1 -0.39134495837208344 -0.077610086199226755 0.020796535764077698 0.048498844793768064 2.1481652144629169 -0.57562614471306395 

0.68000000000000038 3 0.146312
1 0.80389408465349077 -0.0043781502576484372 0.001173176875230402 -0.63772082684854892 -0.0105822199093333 0.0028356303360254549 
1 -0.41269390702214731 0.058403134525038494 -0.015649807072331531 0.66858596388240799 -2.6125662704070205 0.7000678718365636 
1 -0.3912001776316032 -0.054024984267364073 0.014476630197075952 -0.030865137034932329 2.6231484903200415 -0.70290350217211017 

0.69000000000000039 3 0.202961
1 0.7974478954601637 -0.0044836584698562517 0.0012014490421167203 -0.65156023137506902 -0.010516605251478928 0.0028180481164250988 
1 -0.40487851383513207 0.026994910954242102 -0.0072336040145927968 0.98933191182636959 -4.0414632895768783 1.0829576406459887 
1 -0.39256938162812249 -0.022511252483738191 0.0060321549724320876 -0.33777168045738121 4.0519798948315158 -1.085775688763563 

