0 3 0
1 1 0 0 0 0 0 
1 -0.58307600696163675 -0.2203289917345676 -0.60092833823245173 0 0 0 
1 -0.41692399303836325 0.2203289917345676 0.60092833823245173 0 0 0 

0.01 3 0.0028832
1 0.99996525169525408 7.1852505657195511e-07 1.9597151733183806e-06 -0.0069497546967644515 0.00014370625257455874 0.00039194642009381765 
1 -0.58305624635809794 -0.22031653504443766 -0.60089436368357185 0.003952179993595737 0.0024913815278023257 0.006795028423716932 
1 -0.41690900533715741 0.22031581651938187 0.60089240396839705 0.0029975747031687149 -0.0026350877803768859 -0.007186974843810718 

0.02 3 0.00374627
1 0.99986100115564303 2.8741747033704602e-06 7.8390638230983166e-06 -0.013900634552380777 0.00028742740081015361 0.00078393346681947175 
1 -0.58299696098997833 -0.22027916236362743 -0.60079243291723317 0.0079050715482932212 0.004983285190998746 0.013591480926726626 
1 -0.41686404016566753 0.22027628818892458 0.60078459385340932 0.0059955630040876015 -0.0052707125918089086 -0.014375414393545984 

0.029999999999999999 3 0.00498724
1 0.99968723150003957 6.4671723862921672e-06 1.763865537876747e-05 -0.020853765723948186 0.00043117834329513841 0.0011760017747928309 
1 -0.5828981401810851 -0.22021686585779934 -0.60062252456595788 0.011859386966345089 0.0074762337402969423 0.020390783266536334 
1 -0.41678909131895914 0.22021039868541381 0.60060488591057493 0.0089943787576032153 -0.0079074120835920785 -0.021566785041329067 

0.040000000000000001 3 0.00810122
1 0.99944391457658821 1.1497890563882762e-05 3.1359505688912744e-05 -0.027810276367183515 0.00057497398445291946 0.0015681919945443631 
1 -0.58275976612539915 -0.22012963245946238 -0.60038460298927987 0.015815840034248373 0.0099707511588061418 0.027194364561922903 
1 -0.41668414845119622 0.22011813456889831 0.60035324348358665 0.011994436332935302 -0.010545725143259063 -0.028762556556467169 

0.050000000000000003 3 0.00867319
1 0.99913101093770273 1.7966850780070438e-05 4.9003037219654867e-05 -0.034771297641044904 0.00071882923741030174 0.0019605448003422975 
1 -0.58258181386850572 -0.22001744385254757 -0.60007861823170938 0.019775146769732129 0.012467363282684057 0.034003658985692381 
1 -0.41654919706920462 0.21999947700176747 0.60002961519448528 0.014996150871312987 -0.013186192520094273 -0.035964203786034613 

0.060000000000000005 3 0.00924206
1 0.99874846980498144 2.5874723765302041e-05 7.0571079330487287e-05 -0.041737964718756675 0.00086275902680630386 0.0023531008978534126 
1 -0.5823642512815228 -0.21988027645075206 -0.59970450596363656 0.0237380261746101 0.014966598427144791 0.040820107472064229 
1 -0.41638421852346319 0.21985440172698745 0.59963393488430017 0.017999938544146648 -0.015829357453950966 -0.0431732083699174 

0.070000000000000007 3 0.00980806
1 0.99829622902396764 3.5222329565383402e-05 9.6065868625679112e-05 -0.048711417807407266 0.0010067782915206538 0.0027459010315848504 
1 -0.58210703902746186 -0.21971810136959335 -0.59926218740511927 0.027705200995500615 0.017468988019660583 0.047645159443673903 
1 -0.41618918999650945 0.2196828790400287 0.59916612153648929 0.021006216811906776 -0.018475766311181193 -0.050391060475258466 

0.080000000000000002 3 0.010365
1 0.99777421500868579 4.6010637697114401e-05 0.00012549004937875404 -0.055692803178326936 0.001150901987300582 0.0031389859920483492 
1 -0.58181013051994002 -0.21953088439208049 -0.59875156923226813 0.031677398494452329 0.019975067242227286 0.054480274563295107 
1 -0.41596408448874372 0.21948487375438375 0.5986260791828838 0.024015404683874905 -0.021125969229527801 -0.057619260555343416 

0.089999999999999997 3 0.0109229
1 0.99718234267577277 5.8240767329589942e-05 0.00015884667402697329 -0.062683274210490303 0.0012951450892632688 0.0035323966225855818 
1 -0.58147347187412068 -0.21931858592791253 -0.59817254346594795 0.03565535123156513 0.022485375684611703 0.061326924515518737 
1 -0.41570887080165037 0.21926034516058343 0.59801369679191829 0.027027922978925586 -0.023780520773874839 -0.064859321138104067 

0.099999999999999992 3 0.0114818
1 0.99652051536814346 7.19139874898045e-05 0.00019613920373210883 -0.06968399244924374 0.0014395225942504305 0.0039261738257899857 
1 -0.58109700184976509 -0.21908116096608185 -0.59752498734251758 0.039639797861759155 0.025000458010561711 0.068186594823780811 
1 -0.41542351351838186 0.21900924697859322 0.5973288481387834 0.03004419458748479 -0.026439980604811959 -0.07211276864957053 

0.10999999999999999 3 0.0122278
1 0.99578862476795194 8.7031717290962088e-05 0.00023737150900313212 -0.076696128682716608 0.0015840495230098393 0.004320358569456664 
1 -0.58068065178622774 -0.21881855902074313 -0.59680876316617826 0.043631483947912872 0.027520864639026997 0.075060786708334784 
1 -0.4151079729817298 0.2187315273034523 0.59657139165717232 0.03306464473480402 -0.029104914162036605 -0.079381145277791054 

0.11999999999999998 3 0.0133457
1 0.99498655079868814 0.00010359552618162159 0.00028254787037574231 -0.083720864038344167 0.0017287409221770069 0.0047149918919874014 
1 -0.58022434552923252 -0.21853072407018156 -0.59602371814252952 0.047631162792676242 0.030047152442523876 0.081951018990980812 
1 -0.41476220526945889 0.21842712854399976 0.59574117027214901 0.036089701245668335 -0.031775893364700845 -0.086666010882967895 

0.12999999999999998 3 0.0144608
1 0.99411416151622578 0.0001216071342135441 0.00033167297914289212 -0.090759391102010895 0.0018736118660284467 0.0051101149071722685 
1 -0.57972799934924291 -0.21821759448870878 -0.59516968419282446 0.051639596291365386 0.032579885464871283 0.088858830052627985 
1 -0.41438616216698154 0.21809598735449498 0.59483801121367319 0.039119794810645578 -0.034453497330899203 -0.093968944959799891 

0.13999999999999999 3 0.0150967
1 0.99317131298851979 0.000141068412325803 0.00038475193812967525 -0.097812915062410924 0.0020186774579754453 0.0055057688082640784 
1 -0.57919152185116174 -0.21787910297127019 -0.59424647774831851 0.055657555808448375 0.035119635660632392 0.095785779850060579 
1 -0.41397979113736216 0.21773803455894325 0.59386172581018659 0.042155359253962334 -0.037138313118607227 -0.10129154865832431 

0.14999999999999999 3 0.0156548
1 0.99215784916377137 0.00016198138264239128 0.00044179026250503199 -0.10488265488333093 0.0021639528317650494 0.005901994871253805 
1 -0.57861481387514935 -0.21751517645054058 -0.59325389952418583 0.059685823080264801 0.037666983658725429 0.10273345199861789 
1 -0.41354303528862457 0.21735319506789594 0.59281210926167738 0.045196831803065975 -0.039830936490490146 -0.10863544686987103 

0.16 3 0.0162189
1 0.99107360172664982 0.00018434821878023474 0.00050279388062181383 -0.11196984450666658 0.0023094531523519739 0.0062988344572485729 
1 -0.57799776838826844 -0.21712573600625185 -0.59219173427219451 0.063725191146754886 0.040222519552797188 0.10970345592786988 
1 -0.41307583333838005 0.2169413877874696 0.59168894039156728 0.048244653359911967 -0.042531972705148913 -0.11600229038511797 

0.17000000000000001 3 0.0167789
1 0.98991838994238579 0.00020817124616410331 0.00056776913487569154 -0.11907573408911311 0.0024551936164018849 0.0066963290138444178 
1 -0.57734027036668045 -0.21671069676647403 -0.59105975051146498 0.067776465315135273 0.042786843721114104 0.11669742911780075 
1 -0.41257811957570667 0.21650252552030888 0.59049198137658754 0.051299268773978245 -0.045242037337515646 -0.12339375813164434 

0.18000000000000002 3 0.0173409
1 0.98869202048827665 0.00023345294234454624 0.00063672278257228317 -0.1262015912756092 0.0026011894523830458 0.0070945200753762235 
1 -0.57664219666797145 -0.21626996780053379 -0.58985770023642703 0.07184046415863285 0.045360567678897332 0.12371703942347913 
1 -0.41204982382030414 0.21603651485818798 0.58922097745385449 0.054361127116976861 -0.047961757131279918 -0.13081155949885492 

0.19000000000000003 3 0.0179029
1 0.98739428727227652 0.00026019593731448065 0.00070966199679063375 -0.13334870251276931 0.0027474559201991831 0.0074934492619163845 
1 -0.57590341589337746 -0.2158034520032365 -0.58858531860102914 0.075918020553581475 0.047944314966223311 0.13076398749673071 
1 -0.41149087137889978 0.21554325606592059 0.58787565660423691 0.057430681959188316 -0.050691770886422106 -0.13825743675864727 

0.20000000000000004 3 0.0187459
1 0.9860249712382283 0.00028840301381961023 0.00078659436722985422 -0.14051837440570406 0.0028940083103119528 0.0078931582768814075 
1 -0.5751237882393635 -0.21531104597001821 -0.58724232357822848 0.080009982758404638 0.050538722074825071 0.13784000931390961 
1 -0.4109011829988623 0.2150226429561973 0.5864557292110002 0.06050839164729991 -0.053432730385136816 -0.14573316759079 

0.21000000000000005 3 0.0199668
1 0.98458384015730593 0.00031807710765728093 0.00086752790102420066 -0.14771193512182165 0.0030408619422962655 0.0082936889030917268 
1 -0.57430316533825077 -0.21479263986261943 -0.58582841559364718 0.084117215538251217 0.053144439417369876 0.14494687881951318 
1 -0.41028067481905145 0.21447456275496088 0.584960887692621 0.063594719583571518 -0.056185301359665464 -0.15324056772260472 

0.22000000000000006 3 0.0210848
1 0.98307064840515956 0.00034922130795778507 0.00095247102351035597 -0.15493073584539663 0.0031880321627662279 0.008695082997114854 
1 -0.573441390087294 -0.21424811726483714 -0.58434327713211665 0.088240601339308819 0.055762132343052488 0.1520864106961371 
1 -0.40962925831785901 0.21389889595687883 0.58339080610860539 0.066690134506088503 -0.058950164505818144 -0.16078149369325179 

0.23000000000000007 3 0.0217118
1 0.9814851367242392 0.00038183885744151618 0.0010414325789287581 -0.16217615228691493 0.0033355343426029901 0.0090973824817044899 
1 -0.57253829646578713 -0.21367735502787683 -0.58278657231591091 0.092381041517122148 0.058392482203645124 0.15926046327202428 
1 -0.40894684025844524 0.21329551617043502 0.58174513973697994 0.069795110769794097 -0.061728016546247447 -0.16835784575372803 

0.24000000000000007 3 0.0222719
1 0.97982703197075849 0.00041593315264458486 0.001134421831038935 -0.16944958625146969 0.0034833838734089763 0.0095006293361298826 
1 -0.57159370933958398 -0.21308022310476354 -0.58115794645311991 0.096539457623570038 0.06103618747446151 0.16647094157840078 
1 -0.40823332263116802 0.21266428995211914 0.58002352462207651 0.072910128627900889 -0.064519571347869425 -0.17597157091452967 

0.25000000000000006 3 0.0228329
1 0.97809604684562756 0.00045150774410476676 0.0012314484636267067 -0.17675246727070448 0.0036315961631049245 0.0099048655841671718 
1 -0.5706074442524427 -0.21245658437325965 -0.57945702555465262 0.10071679275751305 0.063693964935064587 0.17371980056975853 
1 -0.40748860259318387 0.21200507662915488 0.57822557709102151 0.076035674513192208 -0.067325561098168535 -0.18362466615392317 

0.26000000000000006 3 0.0233977
1 0.97629187960876529 0.00048856633649875514 0.0013325225808785215 -0.18408625430313491 0.0037801866305778565 0.010310133279501968 
1 -0.56957930720350725 -0.21180629444664853 -0.57768341581818106 0.10491401298452382 0.066366550914947309 0.18100904852133601 
1 -0.40671257240525538 0.21131772811015015 0.57635089323730093 0.079172241318611974 -0.070146737545523918 -0.19131918180083393 

0.27000000000000007 3 0.0239606
1 0.97441421377599724 0.00052711278872073384 0.0014376547075957179 -0.19145243750796828 0.0039291706992777529 0.010716474488264929 
1 -0.56850909441024122 -0.2111292014717166 -0.5758367030771474 0.10913210883155951 0.069054702609857591 0.18834075061928524 
1 -0.4059051193657518 0.2106020886829949 0.57439904836955091 0.08232032867641001 -0.072983873309134126 -0.1990572251075465 

0.28000000000000008 3 0.0245194
1 0.97246271779787441 0.00056715111389119021 0.001546855789218596 -0.19885254009789508 0.0040785637896505779 0.01112393126839354 
1 -0.56739659205600501 -0.21042514591318645 -0.57391645221284115 0.11337209686292826 0.071759199474944163 0.19571703276035404 
1 -0.40506612574186951 0.20985799479929498 0.57236959642362129 0.085480443234969075 -0.07583776326459335 -0.20684096402874416 

0.29000000000000009 3 0.0250754
1 0.9704370447195203 0.00060868547928372098 0.001660137191626782 -0.20628812027670182 0.0042283813102825226 0.011532545645478903 
1 -0.56624157602142078 -0.2096939603238227 -0.57192220652734505 0.11763502134443651 0.074480844701440146 0.20314008557941732 
1 -0.40419546869809936 0.20908527484453795 0.57026206933571766 0.088653098932267874 -0.078709226011721423 -0.21467263122489219 

0.3000000000000001 3 0.0256355
1 0.96833683182064523 0.00065172020615627646 0.0017775107006789506 -0.21376077326796189 0.0043786386476176711 0.011942359584721328 
1 -0.56504381159866668 -0.20893546909929922 -0.56985348707499994 0.12192195600322051 0.07722046678422248 0.21061216872485664 
1 -0.40329302022197805 0.20828374889314144 0.56807597637432106 0.09183881726474416 -0.081599105431838653 -0.2225545283095739 

0.31000000000000011 3 0.0263166
1 0.9661617002348124 0.00069625976947181847 0.0018989885214509505 -0.22127213344152225 0.0045293511540953372 0.012353414958575891 
1 -0.56380305318762158 -0.20814948821692594 -0.56770979194977811 0.12623400589143247 0.079978921188261942 0.2181356154036595 
1 -0.40235864704719199 0.20745322844745315 0.56581080342832402 0.095038127550091153 -0.084508272342356389 -0.23048903036223206 

0.32000000000000012 3 0.0275388
1 0.96391125454690163 0.00074230879749172479 0.0020245832771268561 -0.22882387654496777 0.0046805341345368713 0.012765753509624174 
1 -0.56251904397282737 -0.20733582495716849 -0.56549059552574976 0.13057230936269079 0.082757092122739545 0.2257128372201708 
1 -0.40139221057407776 0.20659351615967506 0.56346601224862081 0.09825156718227808 -0.087437626257275636 -0.23847859072979172 

0.33000000000000013 3 0.0286288
1 0.96158508236771034 0.00078987207122356681 0.0021543080074928195 -0.23641772204781777 0.0048322028305934775 0.013179416808156302 
1 -0.56119151558009239 -0.20649427760684785 -0.56319534764760792 0.13493804017104877 0.085555894432450569 0.2333463293347364 
1 -0.40039356678762222 0.20570440553562261 0.56104103964011121 0.10147968187676913 -0.090388097263043324 -0.2465257461428885 

0.34000000000000014 3 0.0297537
1 0.95918275388451257 0.00083895452370276317 0.0022881761669778498 -0.24405543560674764 0.0049843724030444276 0.013594446203891284 
1 -0.55982018771144193 -0.20562463514280269 -0.56082347276786526 0.13933240970314767 0.088376275617065833 0.24103867597105563 
1 -0.39936256617307647 0.20478568061909924 0.55853529660087864 0.10472302590360059 -0.093360648020109793 -0.25463312217494416 

0.35000000000000014 3 0.0303996
1 0.95670382138631582 0.0008895612390855532 0.0024262016221799558 -0.25173883166081018 0.0051370579117121645 0.014010882771197011 
1 -0.55840476775702508 -0.20472667689466881 -0.55837436902711035 0.14375666935525899 0.091219217989869802 0.24879255630396344 
1 -0.39829905362929779 0.20383711565558207 0.55594816740492381 0.10798216230555145 -0.096356275901582147 -0.26280343907515852 

0.36000000000000015 3 0.0309746
1 0.95414781876250099 0.00094169745152808165 0.0025683986488089653 -0.25946977616629285 0.005290274292734448 0.014428767247102193 
1 -0.55694495038249525 -0.20380017218531679 -0.55584740727336002 0.14821211306807094 0.094085740988785346 0.25661075076254397 
1 -0.39720286838001456 0.20285847473378746 0.55327900862454837 0.11125766309822248 -0.099376015281519958 -0.2710395180096446 

0.37000000000000016 3 0.0315807
1 0.95151426097333969 0.00099536854382383292 0.0027147819279702452 -0.26725018948165036 0.0054440363329034801 0.014848139961308271 
1 -0.55544041709016989 -0.20284487994736558 -0.55324193001610744 0.15270008003337004 0.096976903653811411 0.26449614778713121 
1 -0.39607384388317729 0.20184951140354226 0.55052714808813341 0.11455010944828123 -0.10242093998671531 -0.27934428774843861 

0.38000000000000017 3 0.0327427
1 0.94880264349088494 0.0010505800457684537 0.0028653665417049121 -0.27508204941374742 0.005598358640749315 0.015269040757322017 
1 -0.55389083575221931 -0.2018605483140255 -0.55055725031037905 0.15722195758820068 0.099893807286496078 0.27245175108279329 
1 -0.39491180773867191 0.20080996826825731 0.5476918837686704 0.11786009182554928 -0.10549216592724596 -0.28772079184011357 

0.39000000000000018 3 0.0338988
1 0.94601244170853804 0.0011073376322176254 0.0030201679676928063 -0.28296739443760205 0.0057532556140067305 0.015691508903724369 
1 -0.55229586011389686 -0.20084691418235634 -0.54779265056558879 0.16177918431371233 0.10283759830873149 0.28048068741644877 
1 -0.39371658159465328 0.19973957655013938 0.54477248259788869 0.1211882101238911 -0.10859085392273926 -0.29617219632017272 

0.40000000000000019 3 0.0349848
1 0.94314311031750775 0.0011656471207999025 0.0031792020730144711 -0.29090832710278497 0.0059087414030634059 0.01611558299447835 
1 -0.55065512926467564 -0.19980370274687467 -0.54494738127345288 0.16637325335773601 0.10580947134004288 0.28858621500990855 
1 -0.39248798105284766 0.19863805562607528 0.54176817920043085 0.12453507374504956 -0.11171821274310734 -0.30470179800438829 

0.4100000000000002 3 0.0360789
1 0.94019408264818249 0.0012255144692420506 0.0033424851068562444 -0.29890701764080296 0.006064829869939236 0.016541300837048849 
1 -0.54896826707495772 -0.19873062700119631 -0.54202065964879764 0.17100571600215747 0.10881067251466664 0.29677173258691764 
1 -0.39122581557323804 0.19750511253195419 0.53867817454193601 0.12790130163864663 -0.11487550238460685 -0.31331303342396871 

0.42000000000000021 3 0.0372038
1 0.93716476997438491 0.0012869457722597571 0.0035100336920299946 -0.30696570778892263 0.0062215345422935936 0.016968699326960622 
1 -0.54723488159579603 -0.19762738720522036 -0.53901166817632107 0.17567818549848405 0.1118425030621046 0.30504078913880944 
1 -0.38992988837859999 0.19634044143296001 0.53550163448428689 0.13128752229043811 -0.11806403760439996 -0.32200948846577415 

0.43000000000000022 3 0.0382876
1 0.93405456077824212 0.0013499472579612871 0.003681864815164295 -0.31508671484728379 0.0063788685618966032 0.0173978143072595 
1 -0.54545456441880968 -0.19649367031507381 -0.53591955305584471 0.18039234119761033 0.11490632317756495 0.31339709448079928 
1 -0.38859999635944148 0.19514372305711183 0.53223768824067486 0.13469437364967202 -0.12128519173946298 -0.33079490878806311 

0.44000000000000022 3 0.0397267
1 0.93086281997321207 0.0014145252837055107 0.0038579958154075955 -0.3232724359876305 0.0065368446269334513 0.017828680411151498 
1 -0.54362688999318931 -0.19532914937279008 -0.53274342253768836 0.18514993300273752 0.11800355621175768 0.32184453067929386 
1 -0.38723592998003076 0.19391462408908322 0.52888542672227246 0.13812250298489093 -0.12454040083869287 -0.33967321109044812 

0.45000000000000023 3 0.0413058
1 0.92758888808272189 0.0014806863313492266 0.0040384443714657587 -0.33152535283355145 0.0066954749274321032 0.01826133088588712 
1 -0.54175141489646461 -0.19413348285234644 -0.52948234513905157 0.18995278617775552 0.12113569321302928 0.33038716444016664 
1 -0.38583747318626388 0.19265279652099601 0.52544390076757652 0.14157256665579487 -0.12783116814046336 -0.34864849532605668 

0.46000000000000024 3 0.0418649
1 0.9242320803715206 0.0015484370018111425 0.0042232284867757142 -0.3398480363339596 0.0068547710730192191 0.01869579739572251 
1 -0.53982767705522838 -0.19290631395837401 -0.52613534773131188 0.19480280654720211 0.124304297858776 0.33902926055876548 
1 -0.38440440331630549 0.19135787695656226 0.52191211924452852 0.14504522978675696 -0.13115906893179752 -0.35772505795449111 

0.47000000000000025 3 0.0424271
1 0.9207916859267572 0.0016177840088713396 0.0044123664725941357 -0.34824315195347783 0.007014744012109172 0.019132109801514662 
1 -0.53785519491173606 -0.19164726987343503 -0.52270141348703658 0.19970198612825452 0.12751101181761434 0.34777529654477529 
1 -0.38293649101503335 0.19002948586456378 0.51828904701443446 0.14854116582522228 -0.1345257558297262 -0.36690740634629304 

0.48000000000000026 3 0.043359
1 0.91726696668544749 0.0016887341721156599 0.0046058769287537034 -0.35671346520561659 0.0071754039415194999 0.019570295914204699 
1 -0.5358334665318788 -0.19035596094932833 -0.51917947967433564 0.20465240924016567 0.13075756058897806 0.35662997854920225 
1 -0.38143350015357608 0.1886672267772134 0.51457360274557429 0.15206105596544967 -0.13793296453049889 -0.37620027446341087 

0.49000000000000027 3 0.0444419
1 0.91365715640478185 0.0017612944089237077 0.0048037787218111541 -0.3652618475569937 0.0073367602053782564 0.020010381219096582 
1 -0.5337619686494196 -0.189031979837402 -0.51556843528486407 0.20965625914218985 0.13404575987272177 0.36559825873694335 
1 -0.37989518775537334 0.18727068542847886 0.51076465656304504 0.15560558841480396 -0.14138252007810184 -0.385608639956044 

0.50000000000000022 3 0.0455921
1 0.9099614595714357 0.0018354717253870956 0.0050060909602776286 -0.37389128273354577 0.0074988211820435757 0.020452388567440125 
1 -0.53164015564098566 -0.18767490055226829 -0.51186711848018551 0.21471582525756844 0.13737752252816202 0.37468535426693506 
1 -0.37832130393046176 0.18583942882688212 0.50686102751989914 0.15917545747597703 -0.14487634371020824 -0.39513774283437758 

0.51000000000000023 3 0.0466979
1 0.90617905024562151 0.0019112732060310778 0.0052128329665852751 -0.38260487346262551 0.0076615941575910746 0.020896337831378755 
1 -0.52946745842563281 -0.18628427746271042 -0.50807431383955848 0.21983351104860166 0.14075486618976113 0.38389676806330642 
1 -0.37671159181999714 0.18437300425668138 0.50286148087296789 0.16277136241402185 -0.1484164603473544 -0.40479310589468792 

0.52000000000000024 3 0.0478697
1 0.90230907083540568 0.0019887060021970518 0.0054240242454015016 -0.39140584868817718 0.0078250851842350793 0.021342245517805541 
1 -0.52724328328208681 -0.18485964420283452 -0.50418874939019376 0.22501184261639467 0.14417992161576282 0.39323831158555106 
1 -0.37506578755332987 0.18287093820063949 0.49876472514478709 0.16639400607177812 -0.15200500679999895 -0.41458055710335845 

0.53000000000000025 3 0.0484557
1 0.89835063079636612 0.002067777318926474 0.0056396844478559345 -0.40029757129982341 0.007989298921834977 0.021790124336085126 
1 -0.52496701057602624 -0.18340051249570807 -0.50020909339884123 0.23025347810886901 0.1476549418564945 0.40271612983428362 
1 -0.37338362022034943 0.181332735176784 0.49456940895097867 0.17004409319095146 -0.15564424077833025 -0.42450625417037108 

0.54000000000000026 3 0.0490389
1 0.89430280525116201 0.0021484944001665071 0.0058598333311903027 -0.40928354642077053 0.0081542384603906868 0.022239982713926253 
1 -0.52263799338886618 -0.18190637088082068 -0.49613395090102502 0.23556121803206551 0.15118231234118376 0.41233672886216055 
1 -0.37166481186230588 0.17975787648065628 0.49027411756983058 0.17372232838870305 -0.1593365508015758 -0.43457671157608835 

0.55000000000000027 3 0.0496008
1 0.89016463352325459 0.0022308645120959441 0.0060844907132809878 -0.41836743030393619 0.0083199051211490464 0.022691824254915716 
1 -0.52025555603843787 -0.18037668333560933 -0.49196185994140046 0.24093801657320937 0.15476456199621283 0.4221070060979587 
1 -0.3699090774848286 0.17814581882351474 0.48587736922811514 0.17742941373072257 -0.16308446711736282 -0.44479883035287526 

0.56000000000000028 3 0.0501637
1 0.88593511757838705 0.0023148949243439318 0.0063136764214151231 -0.4275530398907707 0.0084862982336174238 0.023145647130342936 
1 -0.51781899248088537 -0.17881088778011953 -0.48769128749533008 0.24638699405953537 0.15840437552415404 0.43203428383659154 
1 -0.3681161250975139 0.17649599285577758 0.48137761107391175 0.18116604583123247 -0.16689067375777225 -0.45517993096693371 

0.57000000000000028 3 0.0507247
1 0.88161322036693146 0.0024005928888459144 0.0065474102346217361 -0.43684436309290936 0.0086534148854093378 0.023601443396924292 
1 -0.51532756458173123 -0.17720839445246381 -0.48332062503808698 0.25191145069512633 0.16210460699211396 0.44212634630014125 
1 -0.36628565578521277 0.17480780156361969 0.47677321480346208 0.18493291239777848 -0.17075802187752276 -0.46572778969706496 

0.58000000000000029 3 0.0512848
1 0.87719786405950817 0.0024879656160477059 0.0067857118187703205 -0.44624556986300601 0.0088212496414147336 0.024059198230865744 
1 -0.51278050024246968 -0.17556858414113938 -0.47884818372365429 0.25751488173937281 0.16586829490042304 0.4523914807364241 
1 -0.36441736381704953 0.17308061852509304 0.4720624719048806 0.1887306881236287 -0.17468954454183677 -0.4764506789672881 

0.5900000000000003 3 0.0518446
1 0.87268792816766227 0.0025770202481313542 0.0070286006535470198 -0.4557610241282562 0.008989794228294757 0.024518889067348604 
1 -0.51017699136742245 -0.17389080625845199 -0.47427218913016628 0.26320099431578164 0.16969867892917923 0.46283852309372647 
1 -0.36251093680024638 0.1713137860103234 0.46724358847661646 0.19256002981247014 -0.17868847315747385 -0.48735741216107215 

0.60000000000000031 3 0.0524087
1 0.86808224754054719 0.0026677638288939492 0.0072760959503013556 -0.46539529666796009 0.0091590371797264213 0.024980484632964893 
1 -0.50751619165345163 -0.17217437673715236 -0.4695907755231416 0.26897372606957709 0.17359921859137648 0.47347690889561417 
1 -0.36056605588710339 0.16950661290826066 0.46231467957283767 0.19642157059838078 -0.18275825577110186 -0.49845739352857898 

0.61000000000000032 3 0.0529697
1 0.86337961022776344 0.0027602032698609692 0.0075282165596234274 -0.47515317902537235 0.0093289634371593582 0.025443943856816 
1 -0.50479721418280799 -0.17041857572990268 -0.46480197958100561 0.2748372659276474 0.17757361405835623 0.48431673004057091 
1 -0.35858239604496134 0.16765837246004381 0.45727376302137901 0.20031591309772459 -0.18690257749551559 -0.50976067389738555 

0.62000000000000033 3 0.0535617
1 0.85857875519746241 0.0028543453121600963 0.0077849808673581726 -0.48503969855408596 0.0094995539000801727 0.02590921464389797 
1 -0.50201912879665989 -0.1686226450883728 -0.45990373351951774 0.28079607725628475 0.18162582946728972 0.49536879837111603 
1 -0.35655962640080857 0.16576829977621441 0.45211875265215595 0.20424362129780255 -0.19112538336737026 -0.52127801301501453 

0.63000000000000034 3 0.0541527
1 0.85367836989787682 0.0029501964836169971 0.008046406677587532 -0.49506013471040949 0.0096707849188853688 0.026376232491954855 
1 -0.49918095922364381 -0.16678578559535942 -0.45489385754262657 0.28685492376205696 0.18576011907278808 0.50664471700009628 
1 -0.35449741067423896 0.16383558911174259 0.44684745086503541 0.20820521094835537 -0.19543090399167357 -0.53302094949205048 

0.64000000000000035 3 0.0547438
1 0.84867708764917338 0.0030477630504601454 0.008312511080909666 -0.50522003671587656 0.0098426277224247707 0.026844918930154258 
1 -0.49628167993401706 -0.16490715391942376 -0.44977005153651328 0.29301889854104951 0.189981056667576 0.51815696055302218 
1 -0.35239540771516015 0.16185939086896303 0.4414575404555981 0.21220113817482694 -0.19982368439000053 -0.54500187948317202 

0.65000000000000036 3 0.0553339
1 0.84357348485126604 0.003147050962936911 0.0085833103061115201 -0.51552524272832734 0.010015047771066821 0.027315179754627269 
1 -0.49332021268564136 -0.16298585925694029 -0.44452988591104797 0.29929345675386376 0.19429356877260923 0.52991896569126162 
1 -0.35025327216562785 0.15983880829400285 0.43594657560492944 0.21623178597446055 -0.20430861654367574 -0.55723414544588856 

0.66000000000000036 3 0.055934
1 0.83836607799173946 0.0032480657940445576 0.0088588195530628685 -0.52598190067616613 0.010188004024718849 0.027786903032057955 
1 -0.49029542272275012 -0.16102095962096108 -0.43917079147800436 0.30568445249092269 0.19870297218814881 0.54194523352935542 
1 -0.34807065526898778 0.15777289382691556 0.43031197192493709 0.22029744818523606 -0.20889097621286609 -0.56973213656140942 

0.67000000000000037 3 0.0565221
1 0.83305332043638725 0.0033508126704660003 0.009139052804349599 -0.53659649092867556 0.010361448113579893 0.028259956837982277 
1 -0.48720611458239726 -0.15901145772989977 -0.43369004823779828 0.31219818049870635 0.20321501660779848 0.55425144586113007 
1 -0.34584720585398648 0.15566064505943217 0.4245509954334421 0.22439831042996319 -0.21357646472137767 -0.58251140269910806 

0.68000000000000038 3 0.0571122
1 0.82763359898309619 0.0034552961946686992 0.0094240226128050851 -0.54737585099606156 0.010535323397455181 0.02873418669114999 
1 -0.48405102745603845 -0.15695629644133377 -0.42808477292557068 0.31884142356694534 0.20783593313215185 0.56685459747649192 
1 -0.34358257152705562 0.1535010002466636 0.41866075031275912 0.22853442742911054 -0.21837125652960601 -0.59558878416764072 

0.69000000000000039 3 0.0577033
1 0.82210523015767012 0.0035615203569718768 0.0097137398616811334 -0.55832720247635759 0.010709563897177069 0.029209412639066918 
1 -0.48082883004503191 -0.15485435366708289 -0.42235190514250709 0.32562150653579836 0.21257248968344003 0.57977314730010954 
1 -0.34127640011263294 0.15129283331010931 0.41263816528081942 0.2327056959405491 -0.22328205358061642 -0.6089825599391735 

0.7000000000000004 3 0.0585194
1 0.81646645622793512 0.0036694884362099603 0.010008213493716236 -0.56945818049316355 0.010884093078978268 0.029685425942478163 
1 -0.4775381148382431 -0.15270443669470693 -0.4164881918682074 0.33254635807816385 0.21743205452535769 0.59302719163624684 
1 -0.33892834138968453 0.14903494825849603 0.4064799783744763 0.23691182241499217 -0.22831614760433444 -0.62271261757871832 

0.71000000000000041 3 0.0593405
1 0.81071544090991299 0.0037792028874130256 0.010307450204793263 -0.58077686589865285 0.011058822469479434 0.030161985297866206 
1 -0.47417739172724283 -0.15050527582734596 -0.41049017011390604 0.33962458165587706 0.2224226693430971 0.60663866348828177 
1 -0.33653804918265673 0.14672607293993228 0.40018271990909804 0.24115228424276483 -0.23348149181257319 -0.63680064878614318 

0.72000000000000042 3 0.0601654
1 0.80485026473684274 0.0038906652146830762 0.010611454097220547 -0.59229182055086771 0.011233650075188546 0.030638812526769761 
1 -0.47074508085911831 -0.14825551723774741 -0.40435414743241538 0.34686553735261699 0.22755313365043359 0.62063156277173337 
1 -0.33410518387769594 0.14436485202306279 0.39374269333518036 0.24542628319824342 -0.23878678372561973 -0.6512703752985044 

0.73000000000000043 3 0.0612874
1 0.79886892005862153 0.0040038758271622784 0.010920226286898578 -0.60401212601410281 0.01140845857592525 0.031115587648506488 
1 -0.46723950460807212 -0.14595371491275666 -0.39807617994748073 0.3542794366686583 0.23283310268139487 0.63503222330539955 
1 -0.33162941545051144 0.14194983908559083 0.38715595366056849 0.24973268934544104 -0.24424156125731922 -0.66614781095391273 

0.74000000000000044 3 0.0629535
1 0.79276930563551218 0.0041188338756586625 0.011233764457728921 -0.61594742607625275 0.011583113256275503 0.031591943238395599 
1 -0.46365887852378168 -0.14359832154070942 -0.39165204749989252 0.3618774528463215 0.23827320141547048 0.64986962380522828 
1 -0.32911042711169913 0.13947948766504886 0.38041828304214431 0.25406997322992325 -0.24985631467174541 -0.68146156704363103 

0.75000000000000044 3 0.0637314
1 0.78654922078579081 0.0042355370671025077 0.011552062355561622 -0.6281079735288565 0.011757459632828654 0.032067457956245785 
1 -0.46000130108588894 -0.14118767816455013 -0.38507722542721901 0.36967184991128643 0.24388515800863986 0.66517575180596544 
1 -0.32654791969986702 0.136952141097445 0.37352516307164307 0.25843612361755841 -0.25564261764146984 -0.69724320976223586 

0.76000000000000045 3 0.0645113
1 0.78020635904212832 0.0043539814535504756 0.01187510921272193 -0.64050468171460806 0.011931320727366157 0.032541649109216884 
1 -0.45626474205833811 -0.13872000238704207 -0.37834685239460192 0.37767613440611719 0.24968196069800491 0.68098603160507587 
1 -0.3239416169837615 0.13436602093348474 0.36647174318185566 0.26282854730847027 -0.26161328142536289 -0.71352768071431505 

0.77000000000000046 3 0.0652912
1 0.77373830126639309 0.0044741611919104632 0.012202889092679147 -0.65314918141503231 0.012104493927085718 0.033013964088351458 
1 -0.45244702919253843 -0.13619337486885927 -0.37145569356942332 0.38590523481655858 0.25567804327102167 0.69733983011403167 
1 -0.32129127207382452 0.1317192136769415 0.35925280447671903 0.26724394659844652 -0.26778253719809969 -0.73035379420240343 

0.78000000000000047 3 0.0660663
1 0.76714250816613005 0.0045960682699169812 0.012535380142670059 -0.66605388372856245 0.012276747362022731 0.033483770488302443 
1 -0.44854583297209832 -0.13360572380307834 -0.36439809827683661 0.39437571502743224 0.26188950551660745 0.71428105811969334 
1 -0.31859667519399948 0.12900965553315424 0.35186271813414527 0.27167816870110378 -0.27416625287862212 -0.7477648286080224 

0.79000000000000048 3 0.0668473
1 0.76041631214928629 0.0047196921931282852 0.012872553740008849 -0.67923204967811801 0.012447815716677392 0.033950344683906099 
1 -0.44455864901992403 -0.13095480697713305 -0.35716795107529448 0.40310602990484562 0.26833437680924588 0.73185888918729614 
1 -0.31585766312932306 0.12623511478399335 0.34429539733526282 0.2761260197732483 -0.28078219252591757 -0.76580923387122857 

0.80000000000000049 3 0.0676274
1 0.7535569084457775 0.0048450196268053913 0.013214373515343745 -0.69269786738930061 0.012617395376973513 0.034412858593934864 
1 -0.44048277769663879 -0.12823819094090766 -0.34975861493930477 0.41211683344144201 0.27503293326439782 0.7501286246744916 
1 -0.31307413074910029 0.12339317131409031 0.3365442414239404 0.28058103394783901 -0.28765032864137352 -0.78454148326845341 

0.8100000000000005 3 0.0683956
1 0.74656134541549724 0.0049720339854544228 0.01356079423317004 -0.70646653779669566 0.012785138794444597 0.03487036430989511 
1 -0.43631530029964966 -0.12545322668075612 -0.34216286491243669 0.4214313530443432 0.28200808194957944 0.76915274163391156 
1 -0.3102460451158004 0.12048119269529148 0.32860207067924163 0.28503518475232903 -0.29479322074402464 -0.80402310594383486 

0.82000000000000051 3 0.0691707
1 0.73942651395206693 0.0051007149615191543 0.013911760506377574 -0.72055436996874589 0.012950647926201033 0.03532177620410689 
1 -0.43205305111644887 -0.12259702104493167 -0.3343728101725934 0.4310758478140243 0.28928582973437611 0.78900217156122554 
1 -0.30737346283557082 0.11749630608340086 0.32046104966619104 0.28947852215468267 -0.30223647766057948 -0.82432394776536999 

0.83000000000000052 3 0.0706577
1 0.73214913588019337 0.005231037983156884 0.014267205317383187 -0.73497888729330807 0.013113466580834199 0.035765850053815641 
1 -0.42769258437930657 -0.1196664029636177 -0.32637980190012417 0.441080174528383 0.29689585994009432 0.80975787315736647 
1 -0.30445655150083456 0.11443536498044933 0.31211259658272028 0.29389871276488411 -0.31000932652093049 -0.84552372321122105 

0.84000000000000052 3 0.0722449
1 0.72472575123106053 0.0053629735891681796 0.014627048313304325 -0.74975894593763426 0.013273071465783978 0.036201158623658074 
1 -0.42323013489302314 -0.11665788323889559 -0.31817432360839065 0.45147849321031663 0.3048722476297594 0.8315127832203294 
1 -0.30149561633798289 0.11129490964971629 0.30354727529506847 0.29828045272727594 -0.31814531909554505 -0.86771394184403539 

0.85000000000000053 3 0.0736008
1 0.7171527042650947 0.0054964867068991721 0.014991193836499623 -0.76491486718997026 0.013428861689371874 0.03662606303336173 
1 -0.41866157073414662 -0.11356760632095836 -0.30974585961754864 0.462310155677226 0.31325435509263566 0.85437425900207464 
1 -0.29849113353088719 0.10807111961404917 0.29475466578103099 0.30260471151271634 -0.32668321678200773 -0.89100032203547541 

0.86000000000000054 3 0.0746667
1 0.70942612809444483 0.0056315358162172613 0.015359528644385573 -0.78046858550598674 0.013580146418885435 0.037038679096235837 
1 -0.41398233590887168 -0.11039129200006513 -0.30108273602436564 0.47362083696952029 0.32208796423322289 0.8784671667018713 
1 -0.2954437921855223 0.10475975618383897 0.28572320737996176 0.30684774853643054 -0.33566811065211449 -0.91550584579813699 

0.87000000000000055 3 0.0758035
1 0.70154192773799118 0.0057680719793693725 0.015731919263457989 -0.79644381432060485 0.01372613033256972 0.037436837640731267 
1 -0.40918738014524586 -0.10712416427446207 -0.29217192669562625 0.48546399357107389 0.33142672434504328 0.90393783014461015 
1 -0.29235454759269308 0.10135609229508287 0.27644000743214919 0.31097982074949165 -0.34515285467761819 -0.94137466778536116 

0.88000000000000056 3 0.0766184
1 0.69349576141982427 0.0059060377125330363 0.016108208911544696 -0.81286623194188024 0.013865896425416259 0.037818037614708581 
1 -0.40427107199031126 -0.10376086372094022 -0.2829988142663809 0.49790276791474758 0.34133402554789111 0.93095914041940686 
1 -0.28922468942946195 0.097854826008399343 0.2668906053548179 0.3149634640270938 -0.3551999219733098 -0.96877717803415497 

0.89000000000000057 3 0.0774395
1 0.68528301989778662 0.0060453656700068239 0.016488213909048505 -0.82976369010919804 0.013998385632953246 0.038179390511085202 
1 -0.39922708993788497 -0.10029533837138715 -0.27354689251511954 0.51101251241442269 0.35188545547213862 0.95973725627439965 
1 -0.28605592995984869 0.094249972701373155 0.25705867860604942 0.3187511776947467 -0.36588384110508676 -0.99791664678554126 

0.90000000000000058 3 0.0785365
1 0.67689880358129928 0.006185977106062516 0.016871719483781314 -0.84716644805873975 0.014122372619946869 0.038517554333604188 
1 -0.394048284196236 -0.096720706189277431 -0.26379739128027657 0.52488418921186653 0.36317206858507289 0.99052052092256393 
1 -0.28285051938501032 0.090534729083208407 0.2469256717964729 0.3222822588468322 -0.37729444120501965 -1.0290380752562349 

0.91000000000000059 3 0.0804486
1 0.66833789716835046 0.0063277800722584317 0.017258474854291765 -0.86510743516505806 0.014236436937562477 0.038828654930473314 
1 -0.38872649853878211 -0.093029079430490422 -0.25372879741948345 0.53962903290831798 0.37530480904134755 1.0236115249851387 
1 -0.27961139862953022 0.086701299358223904 0.23647032256516853 0.32547840225670494 -0.3895412459789141 -1.0624401799156993 

0.9200000000000006 3 0.0825078
1 0.65959474149982378 0.0064706672992033663 0.017648187452560159 -0.8836225453690244 0.014338928578282889 0.03910819204837776 
1 -0.38325233683243171 -0.089211336947028888 -0.24331623378758432 0.55538507624923361 0.38842060541051154 1.0593837293359052 
1 -0.27634240466734966 0.082740669647810974 0.22566804633500151 0.3282374691197667 -0.40275953398881098 -1.0984919213843982 

0.9300000000000006 3 0.0846369
1 0.65066340229725017 0.0066145137010381605 0.018040516117683571 -0.90275096656969755 0.014427926748245029 0.039350926887584334 
1 -0.37761485121697963 -0.08525682397816732 -0.23253064044289201 0.57232649426793147 0.40269094620028406 1.0983048541015354 
1 -0.27304855108018961 0.078642310277123581 0.21449012432518613 0.33042447230178373 -0.41711887294853062 -1.1376557809892414 

0.94000000000000061 3 0.0870378
1 0.64153753541980973 0.0067591734278893336 0.018435063056700677 -0.9225355478022349 0.014501190428764018 0.039550747262744372 
1 -0.37180111656828413 -0.081152948649277121 -0.22133767413242264 0.59067733700596414 0.41833423621246835 1.1409705795583007 
1 -0.26973641885143057 0.074393775221377703 0.20290261107570326 0.33185821079632549 -0.4328354266412453 -1.1805213268211845 

0.95000000000000062 3 0.0891209
1 0.63221034825221045 0.0069044763758755925 0.018831364325935917 -0.94302320607951562 0.014556099014632964 0.039700505698988156 
1 -0.36579563521027869 -0.07688462750750702 -0.2096961960383599 0.61073232496639029 0.43563409460016905 1.1881544525053893 
1 -0.26641471304181785 0.069980151131620982 0.19086483171240023 0.33229088111320315 -0.45019019361481594 -1.2278549582045515 

0.96000000000000063 3 0.0914559
1 0.62267455682494333 0.0070502240455959497 0.019228878535377927 -0.96426537278667857 0.014589581009616029 0.039791824955012545 
1 -0.35957947985380562 -0.072433503761448539 -0.19755613959400259 0.63288945447924061 0.45496732899751685 1.2408841832937414 
1 -0.26309507697102852 0.065383279715839793 0.17832726105861046 0.33137591830755991 -0.46955691000710492 -1.2806760082490016 

0.97000000000000064 3 0.0927219
1 0.61292233828729659 0.0071961846183308366 0.019626973419444953 -0.98631847565746189 0.014598028467965141 0.039814864669706039 
1 -0.35312901717238887 -0.06777681113712733 -0.18485541174895609 0.65770325937771035 0.47684834069819676 1.3005627571238139 
1 -0.25979332111479719 0.060580626518780309 0.16522843832948572 0.32861521627986268 -0.49144636916611795 -1.3403776217937649 

0.98000000000000065 3 0.0942488
1 0.60294527842475021 0.0073420870950165525 0.020024909851543305 -1.0092444451134581 0.014577194688973418 0.039758042332847972 
1 -0.34641392837555196 -0.062885661743686469 -0.17151522327032431 0.68597619442583568 0.50200286099330271 1.3691695435525444 
1 -0.25653135004907923 0.055543574648653136 0.15149031341874469 0.32326825068775872 -0.51658005568226883 -1.4089275858855641 

0.99000000000000066 3 0.0962915
1 0.59273431408629818 0.0074876143184310542 0.02042182281268231 -1.0331112201924317 0.014522072817860391 0.039607702179482 
1 -0.33939398464899284 -0.057722349322486058 -0.15743273358696269 0.71892512348545912 0.53149732732873323 1.4496131588138372 
1 -0.2533403294371766 0.050234735004035677 0.13701091077424851 0.31418609670716524 -0.54601940014656369 -1.4892208609934774 

1.0000000000000007 3 0.0988915
1 0.5822796707496295 0.007632394679427632 0.020816698770934807 -1.057993203492573 0.014426753987515495 0.039347728283757086 
1 -0.33201346133686055 -0.052235860583809281 -0.14246880834721309 0.75850833694305586 0.5669821053159021 1.5463948328936403 
1 -0.25026620941254002 0.044603465904364287 0.12165210957625344 0.29948486654966483 -0.58140885930331132 -1.5857425611777296 

1.0100000000000007 3 0.101686
1 0.57157079618240803 0.0077759923070213205 0.021208348925756793 -1.0839715635046734 0.014284266676557718 0.038959106421882932 
1 -0.32419066487937914 -0.046353853555219149 -0.12642614105529171 0.80813366387509411 0.61119144843062223 1.6669720065240898 
1 -0.24738013130270747 0.038577861248171141 0.10521779212951016 0.27583789962963046 -0.62547571510701139 -1.7059311129465009 

1.0200000000000007 3 0.105336
1 0.56059629264461586 0.0079178955936458646 0.021595377911592634 -1.111134174765003 0.014086407266319519 0.038419461930880652 
1 -0.31579609057587849 -0.039966886683850497 -0.10900623930674813 0.87440870501260037 0.669103092844342 1.8249210261611499 
1 -0.24480020206871259 0.032048991090158338 0.087410861395131864 0.23672546975257824 -0.6831895001107513 -1.8633404880913782 

1.0300000000000007 3 0.108757
1 0.54934385325230162 0.0080575041024356642 0.021976148088635301 -1.1395747324202015 0.013823594956280931 0.037702664002971467 
1 -0.30659935560079332 -0.032892890955160584 -0.089712525554222738 0.97238420468415288 0.75113976181170905 2.0486689713091391 
1 -0.24274449765141443 0.024835386852678911 0.067736377465541397 0.16719052773597823 -0.76496335676884319 -2.0863716353106896 

1.0400000000000007 3 0.112898
1 0.53780021564400382 0.0081941145294776273 0.022348741256044202 -1.169389866413894 0.013484858230107609 0.036778788772692396 
1 -0.296104735381157 -0.024778001788339905 -0.067579864647703741 1.1470624012279054 0.88487043986875802 2.4134078715444582 
1 -0.24169548026370671 0.016583887258794769 0.045231123391395657 0.022327465182839516 -0.89835529809975379 -2.4501866603186642 

1.0500000000000007 3 0.164221
1 0.52595116819291299 0.008326908662820388 0.022710925811277826 -1.2006703212877499 0.013058390081432288 0.035615633647816072 
1 -0.28272074660121049 -0.014677677931123638 -0.040032101716621908 1.6460496666969817 1.1909457229798379 3.2482018303672655 
1 -0.24323042159239477 0.0063507692681988659 0.017321175905084616 -0.44537934541481716 -1.2040041130622232 -3.2838174640173552 

1.0600000000000007 3 8.09868
1 0.51378175037573026 0.0084549641599001857 0.023060186144519747 -1.2334659597361122 0.012538439000119887 0.034197511880118658 
1 -0.24465430211933581 -0.0085962959334724698 -0.023445656377882505 2.4777683348654378 -1.7047607528399258 -4.6495880466460973 
1 -0.26912744825839291 0.00014133177350054966 0.00038547023315165337 -1.2443023751261124 1.6922223138473147 4.61539053475932 

1.0700000000000007 3 8.35705
1 0.50127673932344119 0.0085773804096760803 0.023394065916739683 -1.2677864223579243 0.011928385994242353 0.032533644877457232 
1 -0.22939239529610664 -0.021093501710032578 -0.057530708194408808 1.1552019350634266 -1.013250378917131 -2.7635530922625766 
1 -0.27188434402914641 0.012516121300420596 0.034136642277478209 0.11258448729428616 1.0013219929345036 2.7310194473718248 

1.0800000000000007 3 8.389
1 0.4884210099802318 0.0086931933636718636 0.023709935768715003 -1.3036130844229208 0.011216749491478243 0.030592717640952061 
1 -0.21897517327177737 -0.030163392902393962 -0.082268054829329584 0.963713973838912 -0.82433124232967836 -2.2482924272164126 
1 -0.26944583671048383 0.021470199538938205 0.058558119060191038 0.3398991105844672 0.81311449285105442 2.2176997095557995 

1.0900000000000007 3 8.39358
1 0.47519930347672851 0.0088013542934458379 0.024004935383942386 -1.3409928512760778 0.010396735542641623 0.028356200259703306 
1 -0.20975118589386593 -0.037849678046480026 -0.10323173519892694 0.89099080689317689 -0.72095136027673845 -1.9663327076219987 
1 -0.26544811758456488 0.029048323753325857 0.07922679981429831 0.45000204438436608 0.71055462474880327 1.9379765073446436 

1.1000000000000008 3 8.39597
1 0.46159572178857983 0.0089007398576273437 0.024276000945738927 -1.3800025202553448 0.0094602155893290657 0.025801922791042924 
1 -0.20102671324046831 -0.044692640046604643 -0.12189532436630664 0.85817093090678653 -0.65149416271297911 -1.7768941867002803 
1 -0.26056900854996051 0.035791900189421744 0.097619323419773238 0.52183158934969243 0.64203394713744599 1.7510922638915682 

1.1100000000000008 3 8.39738
1 0.44759350812089849 0.0089901391604558442 0.024519829840267959 -1.4207361259631686 0.00839782323234416 0.022904339188329976 
1 -0.19252561567180113 -0.050937448354037719 -0.13892750088240666 0.84434559630383943 -0.59966189416345372 -1.635526140846423 
1 -0.25506789245083067 0.041947309194151655 0.11440767104114924 0.57639052966067628 0.59126407094480682 1.6126218016405147 

1.1200000000000008 3 8.3988
1 0.43317489494284034 0.0090682417477699947 0.024732847916712403 -1.4633014351844282 0.0071990209192105059 0.019634709185242558 
1 -0.18410383054915588 -0.056720611405322634 -0.15470057974437826 0.84143681664354875 -0.5583516485163017 -1.5228560057300924 
1 -0.24907106439540047 0.047652369658256401 0.12996773182649002 0.62186461854208563 0.55115262761069972 1.5032212965270761 

1.1300000000000008 3 8.4002
1 0.41832097505390464 0.0091336261228945198 0.024911178165405713 -1.5078184260465437 0.0058521466054655864 0.015961225560478808 
1 -0.17567337045520109 -0.062127064009682431 -0.16944621332515994 0.84563490175478606 -0.52386365367263932 -1.42879297177653 
1 -0.24264760460040374 0.052993437887625353 0.14453503515841146 0.6621835242929448 0.51801150708072985 1.4128317461981894 

1.1400000000000008 3 8.40131
1 0.40301158481564114 0.0091847488430232514 0.025050610979078472 -1.5544182317589541 0.0043444910187245347 0.011849224868819388 
1 -0.16717431664470711 -0.067213317795854891 -0.18331853222227942 0.85490435409843679 -0.49403036367658787 -1.3474252441785137 
1 -0.23583726817261064 0.058028568953804122 0.15826792124168229 0.69951387766166129 0.4896858726714704 1.3355760192917951 

1.1500000000000008 3 8.40334
1 0.38722519846673836 0.0092199347434554352 0.025146577490372576 -1.6032418935919615 0.0026624549329855047 0.0072616163932442872 
1 -0.15856237531753473 -0.072018524370029813 -0.19642431906775118 0.86806050083428188 -0.46746693496148239 -1.2749757814457938 
1 -0.2286628231508622 0.062798589627683213 0.17127774157567471 0.73518139275883287 0.46480448004210656 1.267714165034719 

1.1600000000000008 3 8.40686
1 0.37093883794369681 0.0092373693880435474 0.02519412898105591 -1.6544384224445252 0.00079184946682562781 0.0021597011823853013 
1 -0.14980262761631763 -0.076570365570274329 -0.20883907368946183 0.88436847903490212 -0.44322453922042515 -1.2088567361360321 
1 -0.22113621032901001 0.067332996183480209 0.18364494470653253 0.77006994341067081 0.44243268976721456 1.2066970349358079 

1.1700000000000008 3 8.40792
1 0.35412800783038595 0.0092350955981705778 0.02518792741510684 -1.7081616052588975 -0.001281570444792672 -0.0034953729510952326 
1 -0.14086611994540543 -0.08088843173931505 -0.22061622705896813 0.90334694163014451 -0.42061225770426441 -1.1471836869006196 
1 -0.21326188788659287 0.071653336142531734 0.19542829964181549 0.80481466362988097 0.42189382816268078 1.1506790598337513 

1.1800000000000008 3 8.40897
1 0.33676667154852641 0.0092110170143826914 0.025122255152767049 -1.7645648028582872 -0.0035712061862541865 -0.0097401571282569373 
1 -0.1317279104542852 -0.084986259310818893 -0.23179269863262938 0.92466159229729072 -0.39909778464954787 -1.0885048156407224 
1 -0.20503876109584693 0.075775242297961787 0.20667044347764049 0.83990321056211936 0.40266899084943597 1.0982449727510821 

1.1900000000000008 3 8.41002
1 0.31882729388561659 0.009162913277089622 0.024991056354590212 -1.8237926738600985 -0.0060881519613885972 -0.0166049098340194 
1 -0.12236594292435293 -0.088872597154189339 -0.24239235019779828 0.94806106922810407 -0.37824825304713378 -1.0316395148910167 
1 -0.19646135096285547 0.079709683878762413 0.21740129384080462 0.87573160463311917 0.38433640502216437 1.0482444247071008 

1.2000000000000008 3 8.41085
1 0.3002809877643608 0.0090884738162679522 0.024788029139950752 -1.8859683015517836 -0.0088388791359097618 -0.024107281160712996 
1 -0.11276044728235497 -0.092552201208301224 -0.25242815316793421 0.97333322632487085 -0.35769300318236047 -0.97557684222113161 
1 -0.18752054048358871 0.083463727393833148 0.22764012402540271 0.91263507522803378 0.36653188233191053 0.99968412336391055 

1.2100000000000009 3 8.41166
1 0.28109782140333056 0.008985360715194993 0.024506797042454811 -1.951173566033144 -0.011821656399756558 -0.032242549109352717 
1 -0.10289372496944248 -0.096026326524623784 -0.26190353058775007 1.0002705032910275 -0.33709925138178248 -0.91940915883919816 
1 -0.17820409643545479 0.087040965811363377 0.23739673354253313 0.95090306274323766 0.34892090779518015 0.95165170793061737 

1.2200000000000009 3 8.41249
1 0.26124736757187272 0.0088513159783968655 0.024141201574027642 -2.0194197778268492 -0.015021141007627787 -0.040968867664299857 
1 -0.092750263516893583 -0.099293020351158487 -0.27081315649445903 1.0286378722972047 -0.31615612031973384 -0.8622885736290794 
1 -0.16849710405653712 0.09044170437483208 0.24667195491748528 0.99078190553077528 0.33117726134100017 0.90325744127546237 

1.2300000000000009 3 8.41359
1 0.24069961125119221 0.0086843349783329825 0.023685775285796858 -2.0906046224997823 -0.01840042100900537 -0.050185562661396503 
1 -0.082317176554815991 -0.10234728811577427 -0.27914340862295201 1.0581392655847899 -0.29456500476433012 -0.80340066655295317 
1 -0.15838243469791211 0.093662953139640473 0.25545763333401872 1.0324653569162083 0.31296542578698278 0.85358622919643001 

1.2400000000000009 3 8.41469
1 0.21942637618059707 0.0084829355569786789 0.023136475719475847 -2.1644505811064159 -0.021889713545180892 -0.059702307367039492 
1 -0.071584998023309324 -0.10518119262422453 -0.2868726389599297 1.0883800372478838 -0.27203590172739167 -0.7419544794514189 
1 -0.1478413781588073 0.096698257069581947 0.26373616323714277 1.0760705438597782 0.29392561528621719 0.80165678680054075 

1.2500000000000009 3 8.41575
1 0.197403481109514 0.0082465595413751987 0.022491780506418504 -2.2404197887191506 -0.025371130541879085 -0.069197572217600714 
1 -0.060548874798304952 -0.10778394973563107 -0.293971434690461 1.1188249455265213 -0.24829062487869116 -0.6771912830812713 
1 -0.13685460631271107 0.099537390196729233 0.27147965418056946 1.1215948431937446 0.2736617554342044 0.7463888552809993 

1.2600000000000009 3 8.4168
1 0.17461388042902554 0.0079761456586868815 0.021754249944067106 -2.3176020981885581 -0.028659818514504016 -0.078167185263512323 
1 -0.049210192533647439 -0.11014209843448705 -0.30040308205475241 1.1487543493870465 -0.22307486347177768 -0.60841746679663911 
1 -0.12540368789687314 0.10216595277840954 0.27864883210702135 1.1688477488025766 0.25173468199993765 0.68658465204230534 

1.2700000000000009 3 8.41785
1 0.15105204983846737 0.0076748999174272954 0.020932628144364702 -2.3945794161792051 -0.031484048791186575 -0.08587002996834292 
1 -0.037578617487876352 -0.11223984606768748 -0.30612450795236384 1.1772267762560773 -0.19618155886375771 -0.53506829599218475 
1 -0.11347343235207423 0.10456494615300592 0.28519187980412186 1.2173526399242456 0.22766560766860275 0.62093832594269716 

1.2800000000000009 3 8.42151
1 0.12672978283450198 0.0073492435699669357 0.020044428519804456 -2.4692839532178494 -0.033471288723305258 -0.091290055635774789 
1 -0.025674416889869319 -0.11405971176307117 -0.31108803481087194 1.2030641471096126 -0.16748725504467327 -0.4568070550395219 
1 -0.10105536594610867 0.1067104681959898 0.29104360628702031 1.2662198061092864 0.20095854378163389 0.54809711065748168 

1.2900000000000009 3 8.42384
1 0.10168326557163671 0.0070098162516507414 0.019118669758920862 -2.5388945283420643 -0.034154006055232888 -0.09315210832792814 
1 -0.013530711274961938 -0.11558359305515427 -0.31524428971564444 1.2248850008736767 -0.13699960088432891 -0.37365460557188224 
1 -0.088152554298141977 0.10857377680652128 0.29612561995250442 1.3140095274694081 0.17115360695322032 0.46680671388199968 

1.3000000000000009 3 8.42669
1 0.075980677770610572 0.006672240437148624 0.018197960815114964 -2.5998516135287093 -0.033015159666266523 -0.09004600294378412 
1 -0.0011950318974268991 -0.11679432929161726 -0.3185464684663068 1.2412146866552665 -0.10490687403860592 -0.28612445867101516 
1 -0.074785645874644036 0.11012208885762569 0.30034850764679316 1.3586369268743441 0.13792203371853293 0.37617046159698819 

1.3100000000000009 3 8.42902
1 0.049728598247649414 0.0063571547791875715 0.017338591835174333 -2.6480999622784598 -0.029590635571697249 -0.080705908584766353 
1 0.011270685367155074 -0.11767769455823117 -0.32095577110769008 1.2506879105717787 -0.071610366536705411 -0.19531110376544342 
1 -0.060999283616257893 0.11132053978234312 0.30361717926795362 1.3974120517076007 0.10120100212205768 0.27601701233241671 

1.320000000000001 3 8.43093
1 0.0230744598485461 0.0060889486066089188 0.01660708261177727 -2.6796431471524884 -0.023622105540564504 -0.064427257262161711 
1 0.023792510999222298 -0.11822452168104089 -0.32244719496280877 1.2523181400035681 -0.037713990156072096 -0.10286165818646294 
1 -0.046866970849211022 0.11213557307786676 0.3058401123462911 1.4273250071497714 0.061336095710289806 0.16728891543082638 

1.330000000000001 3 8.43203
1 -0.003798002926146949 0.0058929140951464428 0.016072415374694254 -2.691366665455416 -0.015207682706519494 -0.041477644093065848 
1 0.036289634863001324 -0.11843242528940694 -0.32301423413883545 1.2457503435084987 -0.0039532448952527858 -0.01078213479886226 
1 -0.032491631938289238 0.11253951119782919 0.306941818759215 1.4456163219477036 0.019160927615427072 0.052259778874127846 

1.340000000000001 3 8.43314
1 -0.030681902660020056 0.005791272980847144 0.015795197994050332 -2.6818742295431091 -0.0048610712873145279 -0.013258153063123097 
1 0.048681438789342939 -0.11830653524837458 -0.32267087990058752 1.2313818581772022 0.028927182371611355 0.078896397121068079 
1 -0.017999536130749529 0.11251526227123212 0.30687568190142023 1.4504923713667237 -0.024066111070642434 -0.065638244075746338 

1.350000000000001 3 8.43438
1 -0.057367131194576079 0.0057993652887347816 0.015817269066182551 -2.6519434079230044 0.0065839119237348512 0.017957052377676214 
1 0.060894776723578167 -0.11785891297805808 -0.32145002873201489 1.2102787601572451 0.060305636217974731 0.16447842596817822 
1 -0.0035276455304219393 0.11205954769316394 0.30563275966053649 1.4416646477665667 -0.066889548128057807 -0.18243547836366253 

1.360000000000001 3 8.43542
1 -0.083661706166783298 0.0059234789439693673 0.016155778365106063 -2.6043352050521618 0.018191860896490442 0.049616732890284197 
1 0.072869485002347342 -0.11710681531209623 -0.3193987471598207 1.1839200891786525 0.089774387528696889 0.24485190571670115 
1 0.010792221163021516 0.11118333637210837 0.30324296878922535 1.420415115874512 -0.10796624841152902 -0.29446863862479 

1.370000000000001 3 8.43647
1 -0.10940821605544387 0.0061610188577526804 0.016803648009756582 -2.5430511040003738 0.029153941936302094 0.07951486427336478 
1 0.084560950059695536 -0.11607038363750115 -0.31657196908137952 1.1538875626500231 0.11716244214824117 0.31955046454275904 
1 0.024847265994339781 0.10990936478387021 0.29976832106595402 1.3891635413514329 -0.14631638407088993 -0.39906532883391482 

1.380000000000001 3 8.43752
1 -0.13449161014310368 0.0065025485918317879 0.017735140927982205 -2.4724168218222533 0.038922889267464005 0.10615882628401099 
1 0.095939812553815257 -0.1147704153297319 -0.31302641754606725 1.1216182805800008 0.1425004755655665 0.38865776719904643 
1 0.038551797587890492 0.10826786674216191 0.29529127661224752 1.3507985412435273 -0.18142336481939214 -0.49481659350083906 

1.390000000000001 3 8.43864
1 -0.1588385697295297 0.0069345821627157921 0.018913475261963113 -2.3963607250728045 0.04723094075367134 0.12881832076967731 
1 0.10698976270913246 -0.11322664870701163 -0.30881592711591038 1.0882726608078166 0.16595867563445166 0.45263798639084823 
1 0.051848807019011733 0.10629206654869629 0.28990245184790525 1.3080880642659529 -0.21318961637447464 -0.58145630717827557 

1.400000000000001 3 8.44062
1 -0.18241136715153128 0.007442127187419329 0.020297760579066359 -2.3180383866537024 0.054031539120337542 0.14736636677595749 
1 0.11770455592918794 -0.11145668308008705 -0.30398849839434439 1.0547048668976664 0.18778549893329069 0.51216876602521555 
1 0.064706811220969426 0.10401455589720661 0.2836907378090428 1.2633335197569047 -0.24181703803998331 -0.65953513281890808 

1.410000000000001 3 8.44172
1 -0.20519955431923767 0.0080104925565287893 0.021847928144369318 -2.2397558093009291 0.05941825974625136 0.16205818308466258 
1 0.12808507722107854 -0.1094754411367401 -0.29858483172633382 1.0214949679559699 0.20826167579670204 0.56801577389801094 
1 0.077114477096788259 0.10146494858489014 0.27673690357554059 1.2182608413459701 -0.26767993552931391 -0.73007395700043265 

1.420000000000001 3 8.44282
1 -0.22721186111031322 0.008626322624306848 0.023527551585038456 -2.1630669343448803 0.063554705515041374 0.17333998246244994 
1 0.13813687336761005 -0.10729500136502074 -0.29263787014717046 0.98900517658452336 0.22767194507878491 0.62095561069665639 
1 0.089074987741344702 0.098668678745527941 0.26911031855552459 1.1740617577613235 -0.29122665058019809 -0.7942955931768737 

1.430000000000001 3 8.44392
1 -0.24846946693266778 0.0092780387695107335 0.025305051209418242 -2.0889361232445363 0.06662654074594955 0.18171814834054015 
1 0.14786826507624581 -0.1049246374142004 -0.28617290673612855 0.95743696421033131 0.24629117231240291 0.67173794847566981 
1 0.10060120185507702 0.095646598649635969 0.26086785551991409 1.1314991590351173 -0.3129177130447115 -0.85345609683395729 

1.4400000000000011 3 8.44501
1 -0.26900093338077646 0.0099559073453095084 0.027153879334569371 -2.0179006532847388 0.06881388980934576 0.18768395441694 
1 0.1572889878740604 -0.10237094364003856 -0.27920792703026032 0.9268787903535276 0.26438027099521688 0.72107440631576725 
1 0.11171194550538247 0.092415036299813694 0.25205404768871997 1.0910218629320469 -0.33319416079091679 -0.90875836075049887 

1.4500000000000011 3 8.44612
1 -0.2888386356899757 0.010651908879071456 0.029052163539965831 -1.9502056572125841 0.070278141632376681 0.19167757508285568 
1 0.16640925105697535 -0.099637968466392002 -0.27175397275675328 0.89734196610911721 0.28218821165130054 0.76964402986657721 
1 0.12242938463166285 0.088986059592543271 0.24270180920964168 1.0528636911043507 -0.35246635327002379 -0.961321604967173 

1.4600000000000011 3 8.44723
1 -0.30801637619602346 0.011359523022758659 0.030982120138219379 -1.8859057015991072 0.071157470719672183 0.19407586939251076 
1 0.17523909958336273 -0.096727307572669452 -0.26381539599368886 0.86878569032312403 0.29995776478429953 0.81810895475616441 
1 0.13277727661134237 0.08536778455526671 0.23283327584815738 1.0171200112768684 -0.37111523549030667 -1.0121848241663776 

1.4700000000000011 3 8.44805
1 -0.32656786075075556 0.012073494606266342 0.032929416105731309 -1.8249368027073241 0.071566998947567823 0.19519282234304414 
1 0.18378798078227671 -0.093638126156633195 -0.25538991988993809 0.84113333302573934 0.31793384066842362 0.86713715265246116 
1 0.14277987996717431 0.081564631555860287 0.22246050377671334 0.98380346968245536 -0.38950083960232496 -1.062329975013196 

1.4800000000000011 3 8.44912
1 -0.34452577475495028 0.012789613487224204 0.034882568641993641 -1.7671654628648605 0.071601081036436545 0.19528577830330657 
1 0.19206443846389654 -0.090367085865506958 -0.2464684393759603 0.81428191723952537 0.3363742597879717 0.91743180670884283 
1 0.15246133628974826 0.077577472383916948 0.21158587072630125 0.9528835456261745 -0.40797534081072212 -1.1127175850298401 

1.4900000000000011 3 8.4514
1 -0.36192126151581028 0.013504521692867168 0.036832419165660879 -1.7124210629364316 0.071336313062711793 0.19456364647110974 
1 0.20007587387086434 -0.086908149381787883 -0.23703448818852516 0.78810617645525582 0.35556363747662567 0.96976918072134244 
1 0.16184538764363149 0.073403627694693274 0.2002020690150165 0.92431488648204541 -0.42689995052565688 -1.1643328272102462 

1.5000000000000011 3 8.45537
1 -0.3787836631102936 0.014215551118764635 0.038771690651827895 -1.6605167042330988 0.070834557708115017 0.193195151979875 
1 0.2078283230525777 -0.083252224248538051 -0.22706326743487887 0.76245781720966765 0.37583202063415144 1.0250494491675886 
1 0.17095534005642524 0.069036673135684776 0.18829157677503047 0.89805888702423231 -0.44666657832855727 -1.2182446011652441 

1.5100000000000011 3 8.4595
1 -0.39514042807767419 0.014920590156811844 0.040694623871350595 -1.6112622571739685 0.07014567452455682 0.19131628246082213 
1 0.21532620214555817 -0.079386584698450766 -0.21652006868130602 0.73715969808281379 0.39758131622569665 1.0843687786609106 
1 0.17981422593082899 0.064465994547686853 0.17582544480177048 0.87410255909184842 -0.46772699073655311 -1.2756850611395094 

1.5200000000000011 3 8.46288
1 -0.41101712203201674 0.015617975665922006 0.042596682750234288 -1.5644722591514126 0.069309851775967449 0.18903664794062408 
1 0.22257196308820504 -0.075293968813972587 -0.2053578115352355 0.71199332363273382 0.42132501222013258 1.1491276633867562 
1 0.18844515894253 0.059675993154233102 0.16276112877664595 0.85247893551941434 -0.49063486398239253 -1.3381643113450807 

1.5300000000000011 3 8.465
1 -0.42643749930727132 0.016306406236417305 0.044474317805734069 -1.5199704683649333 0.068359537889122426 0.18644474870703934 
1 0.22956557605676842 -0.070951172139977869 -0.19351320784494672 0.68667576421133314 0.447751492733719 1.2212036117013283 
1 0.1968719232492126 0.054644765909883791 0.14903889003068019 0.83329470415429829 -0.51611103060916685 -1.4076483604260956 

1.5400000000000011 3 8.46629
1 -0.44142360867747371 0.016984872932596224 0.04632477725266234 -1.4775922891649678 0.067321014447962985 0.18361226551549392 
1 0.23630369560567016 -0.066326811659777274 -0.18090066313681316 0.66081742761338602 0.47783140425412907 1.3032439782546896 
1 0.20511991307052491 0.049341938733639838 0.134575885875447 0.81677486155229195 -0.54515241868840725 -1.4868562437879305 

1.5500000000000012 3 8.4677
1 -0.4559959162028811 0.017652604207561418 0.048145956763360691 -1.4371858817395031 0.06621566748598412 0.18059752692941444 
1 0.24277823534749832 -0.061377629502904638 -0.16740219529683231 0.63384122085328531 0.51301288948430301 1.3991984474768093 
1 0.21321768085412518 0.043725025301924243 0.11925623852461388 0.80334466088699175 -0.57922855695652808 -1.579795974423605 

1.5600000000000012 3 8.46911
1 -0.47017343496174507 0.018309022266674718 0.049936280452733149 -1.3986125048337619 0.06506101545906369 0.17744831302753822 
1 0.24897376253079639 -0.056042018402662284 -0.15284977581413689 0.60481508447483601 0.55560797047725918 1.5153728602791763 
1 0.2211996724296523 0.037732996142700329 0.10291349535237854 0.79379742035960121 -0.62066898592244402 -1.6928211733238359 

1.5700000000000012 3 8.47071
1 -0.48397385603679249 0.01895370872793033 0.051694607219922521 -1.3617464803425958 0.063871549801860245 0.17420414794913863 
1 0.25486229492192264 -0.050227714973082156 -0.13699176425422141 0.57206352388676196 0.60964595365691032 1.6627568027110333 
1 0.22911156111352823 0.031274006252003023 0.085297157025105166 0.78968295645626974 -0.67351750344493999 -1.8369609506771294 

1.5800000000000012 3 8.47337
1 -0.49741367860158453 0.019586377982178934 0.053420158090554989 -1.3264751025502606 0.062659444146040799 0.17089823422562972 
1 0.26039151539715705 -0.043785501088638941 -0.11942118103847928 0.5321077093708938 0.68306944849616524 1.8630130576580464 
1 0.237022163203123 0.024199123113437297 0.066001022938508139 0.7943673931796722 -0.74572889262813469 -2.0339112919008571 

1.5900000000000012 3 8.4788
1 -0.51050834037411263 0.020206857266420797 0.055112461868494056 -1.2926988868515443 0.061435202133374812 0.1675592196348604 
1 0.26545234923766592 -0.036441979016504172 -0.099392357410676729 0.47594517823207777 0.79487608288683331 2.1679560180882351 
1 0.24505599113390275 0.016235121757280598 0.044279895532613515 0.81675370861735108 -0.85631128500905684 -2.33551523774101 

1.6000000000000012 3 8.48265
1 -0.52327235545208628 0.020815073421600425 0.056771319018597319 -1.2603330415129865 0.060208383282965787 0.16421317694117035 
1 0.26975241498241398 -0.027563606666566817 -0.075177361915014229 0.36819067388428767 1.0107807645093718 2.7568174317687029 
1 0.25351994046565601 0.0067485332523432306 0.018406042886500912 0.89214236762627741 -1.0709891477825217 -2.9210306087299518 

1.6100000000000012 3 8.90141
1 -0.53571948630289146 0.021411049240421965 0.058396791706198214 -1.2293144381967007 0.058989026525259634 0.16088748646215364 
1 0.27129449165866171 -0.014021041674609849 -0.038241182921863764 -0.62702550100474219 2.3221520428213656 6.3334695868031732 
1 0.26442499464077979 -0.007390007558350618 -0.020155608794519692 1.8563399391983586 -2.3811410693375517 -6.4943570732828233 

