0 3 0
1 1 0 0 0 0 0 
1 -0.47213898246006486 0.48867445067926935 -0.28927348301556222 0 0 0 
1 -0.5278610175399352 -0.48867445067926935 0.28927348301556222 0 0 0 

0.01 3 0.00224495
1 0.99996362197357169 5.776847339843951e-07 -3.4196360143712973e-07 -0.0072757135420107527 0.00011553736634315589 -6.8392968640113477e-05 
1 -0.47212213991896607 0.48863499420530893 -0.28925012654248694 0.0033685523685962285 -0.0078914813339316138 0.0046714050395831987 
1 -0.52784148205460812 -0.48863557189004497 0.2892504685060891 0.0039071611734145251 0.007775943967588443 -0.0046030120709431022 

0.02 3 0.00339079
1 0.99985448139826938 2.3107641019621071e-06 -1.3678693029127852e-06 -0.014552726392970129 0.00023107976476712742 -0.0001367889160476658 
1 -0.47207160964656436 0.48851661358907905 -0.28918005049670364 0.006737634588558911 -0.015785201844508465 0.0093441355718872701 
1 -0.52778287175170713 -0.48851892435318156 0.2891814183660088 0.0078150918044111901 0.015554122079741294 -0.0092073466558395736 

0.029999999999999999 3 0.00402975
1 0.99967255877972161 5.1993135345438956e-06 -3.0777617559847549e-06 -0.021832339125615306 0.00034663221385506808 -0.0002051908130000884 
1 -0.47198738369368504 0.48831927522912472 -0.28906323498765263 0.010107776886414213 -0.023683404389802001 0.014019519268873234 
1 -0.52768517508604029 -0.4883244745426602 0.28906631274941036 0.011724562239201056 0.023336772175946957 -0.013814328455873158 

0.040000000000000001 3 0.00466776
1 0.99941782160623127 9.2434585241688488e-06 -5.4717152465808072e-06 -0.029115854843183502 0.00046219970511600746 -0.00027360161424813955 
1 -0.47186944880544462 0.48804292306161573 -0.28889964682804287 0.013479510239251624 -0.031588339205727359 0.018698888169856501 
1 -0.52754837280078626 -0.48805216652014083 0.28890511854329309 0.015636344603931825 0.03112613950061123 -0.018425286555608388 

0.050000000000000003 3 0.00529385
1 0.99909022431711692 1.444337428585536e-05 -8.5498334941782856e-06 -0.036404580451981021 0.00057778718925028142 -0.00034202425038564447 
1 -0.47171778641187129 0.48768747846796179 -0.28868923947917713 0.016853366750610596 -0.039502267632555488 0.023383580887436219 
1 -0.52737243790524435 -0.48770192184224703 0.2886977893126767 0.019551213701370321 0.038924480443305126 -0.023041556637050688 

0.060000000000000005 3 0.00605488
1 0.99868970825829106 2.0799285279481392e-05 -1.2312249369015361e-05 -0.043699827942768575 0.00069339956217644616 -0.00041046161957806012 
1 -0.47153237261475645 0.48725284014495179 -0.28843195297407198 0.020229880027082418 -0.047427465886853468 0.028074944840315186 
1 -0.52715733564353418 -0.4872736394302315 0.28844426522344779 0.023469947915686334 0.046734066324676873 -0.027664483220737203 

0.070000000000000007 3 0.00719881
1 0.99821620162494618 2.8311464590799948e-05 -1.6759124525680057e-05 -0.051002915683961494 0.00080904165073752922 -0.00047891657910122424 
1 -0.47131317817073842 0.48673888393689085 -0.28812771381809371 0.023609585555845861 -0.055366228894526928 0.032774338522290322 
1 -0.52690302345420881 -0.48676719540148289 0.28814447294262335 0.027393330128115626 0.054557187243789419 -0.032295421943189309 

0.080000000000000002 3 0.00830698
1 0.99766961939126397 3.6980233167563817e-05 -2.1890648950929502e-05 -0.058315169729684507 0.00092471819800234634 -0.00054739193664036015 
1 -0.47106016847060439 0.48614546262902159 -0.28777643486666793 0.02699302108334058 -0.063320874201109587 0.037483133816969896 
1 -0.52660945092066069 -0.48618244286219148 0.28779832551562295 0.031322148646343806 0.062396156003107467 -0.036935741880329637 

0.089999999999999997 3 0.00939894
1 0.99704986322693467 4.680595890627613e-05 -2.7707040423088204e-05 -0.065637925145796666 0.0010404338480747546 -0.00061589044129785212 
1 -0.47077330351479363 0.48547240570139166 -0.287378015179589 0.030380726995256208 -0.071293745976033898 0.042202718368122415 
1 -0.52627655971214771 -0.48551921166029821 0.28740572222001382 0.035257198150540264 0.070253312127959572 -0.041586827926824395 

0.099999999999999992 3 0.0105481
1 0.99635682140033599 5.7789055584199358e-05 -3.4208543879843196e-05 -0.072972527357062042 0.0011561931303201605 -0.00068441477425604095 
1 -0.47045253788510683 0.48471951904213118 -0.28693233985128475 0.03377324669799274 -0.079287219128346936 0.046934498015997986 
1 -0.52590428351523566 -0.48477730809771763 0.28696654839516555 0.039199280659069122 0.078131025998026626 -0.046250083241741541 

0.10999999999999999 3 0.0116622
1 0.99559036866808936 6.9929981630319701e-05 -4.1395430690711521e-05 -0.080320333518744 0.0012720004429146222 -0.00075296753903903737 
1 -0.47009782071258333 0.48388658461896156 -0.28643927981636969 0.037171127001711463 -0.087303703552205403 0.051679899310471109 
1 -0.52549254795551115 -0.48395651460059202 0.286480675247059 0.043149206517032267 0.086031703109290758 -0.050926931771431837 

0.11999999999999998 3 0.0127752
1 0.99475036615079881 8.3229238728005679e-05 -4.9267997829875727e-05 -0.087682713915997884 0.0013878600356170287 -0.00082155125131457192 
1 -0.4697090956415389 0.48297336010748437 -0.28589869162960752 0.040574918505057025 -0.095345648521509715 0.056440372112469286 
1 -0.52504127050926075 -0.48305658934621321 0.28594795962743563 0.047107795410940671 0.093957788485892813 -0.055618820861154578 

0.12999999999999998 3 0.0134642
1 0.99383666119461656 9.7687370241067881e-05 -5.7826566944481093e-05 -0.095061053394557823 0.0015037759916592289 -0.00089016832817381255 
1 -0.46928630078974642 0.48197957847472811 -0.28531041721938583 0.043985175981581651 -0.10341554725422965 0.061217392295848765 
1 -0.52455036040486991 -0.48207726584497157 0.28536824378632725 0.051075877412976083 0.10191177126257031 -0.060327223967674704 

0.13999999999999999 3 0.0145934
1 0.99284908721834675 0.00011330495945384721 -6.7071483312846744e-05 -0.10245675282634767 0.0016197522086426606 -0.00095882107682301269 
1 -0.46882936870475783 0.48090494751608881 -0.28467428361360758 0.047402458767850694 -0.11151594166834609 0.066012464562700879 
1 -0.52401971851358597 -0.4810182524755453 0.28474135509691956 0.055054294058496892 0.10989618945970384 -0.06505364348587761 

0.14999999999999999 3 0.0157163
1 0.99178746354568958 0.00013008262761481155 -7.7003114686361503e-05 -0.10987123061379996 0.001735792378322941 -0.0010275116826168594 
1 -0.46833822631631883 0.47974914934366403 -0.28399010263681401 0.050827331153135175 -0.11964942735291931 0.070827125386002068 
1 -0.52344923722936987 -0.47987923197128346 0.28406710575149974 0.059043899460664968 0.11791363497459675 -0.069799613703384819 

0.16 3 0.0168114
1 0.99065159522224688 0.00014802103177191577 -8.7621850008114452e-05 -0.11730592423683164 0.0018518999651554943 -0.0010962421963584754 
1 -0.46781279488489291 0.4785118398237036 -0.28325767057716827 0.054260362770525539 -0.12781865877957499 0.075662946094582573 
1 -0.52283880033735319 -0.47865986085548273 0.28334529242717565 0.063045561466306771 0.12596675881442027 -0.074566703898223827 

0.17000000000000001 3 0.0179455
1 0.98944127281680994 0.00016712086238665488 -9.8928098000521271e-05 -0.12476229184662341 0.0019680781834664372 -0.0011650145207855831 
1 -0.46725298994625108 0.47719264796061062 -0.28247676782182174 0.057702128989209095 -0.13602635478176783 0.080521536116604051 
1 -0.5221882828705533 -0.47735976882300496 0.28257569591982229 0.067060162857414826 0.13405827659830111 -0.079356521595817617 

0.18000000000000002 3 0.0190446
1 0.9881562722064674 0.00018738284071235611 -0.00011092228561338782 -0.1322418139105406 0.0020843299731024304 -0.001233830396156305 
1 -0.46665872125216507 0.4757911752247127 -0.28164715845898142 0.061153211307540853 -0.14427530433147395 0.085404546399106065 
1 -0.52149755095429451 -0.47597855806542955 0.28175808074459302 0.071088602603000664 0.14219097435837158 -0.084170716002949175 

0.19000000000000003 3 0.0201476
1 0.98679635434500101 0.00020880771592070467 -0.00012360485632294303 -0.13974599491278727 0.0022006579734018959 -0.0013026913848412959 
1 -0.46602989270713224 0.47430699482062055 -0.28076858984480912 0.064614197746420687 -0.15256837264561549 0.090313673022736712 
1 -0.52076646163786044 -0.47451580253654557 0.28089219470112875 0.075131797166367906 0.15036771467221327 -0.089010981637894684 

0.20000000000000004 3 0.0212495
1 0.98536126501394705 0.00023139626195889141 -0.00013697626827141078 -0.14727636511562056 0.0023170644953171768 -0.0013715988548212879 
1 -0.46536640230119142 0.47273965089275932 -0.2798407921331289 0.068085683242342071 -0.16090850765747375 0.095250661032538819 
1 -0.51999486271274231 -0.4729710471547211 0.2799777684013961 0.07919068187328028 0.15859144316215562 -0.093879062177716549 

0.21000000000000005 3 0.0227575
1 0.98385073455574212 0.00025514927411796409 -0.00015103699223562698 -0.15483448238623812 0.0024335514915029381 -0.001440553961980752 
1 -0.46466814203880441 0.47108865766416186 -0.27886347776564363 0.071568270039307297 -0.16929874689171576 0.10021730850766096 
1 -0.51918259251692778 -0.47134380693828282 0.27901451475787548 0.083266212346932933 0.16686519540021161 -0.098776754545679205 

0.22000000000000006 3 0.0246685
1 0.9822644775882613 0.00028006756529107784 -0.00016578750941208817 -0.16242193409475755 0.0025501205241702566 -0.001509557631078983 
1 -0.4639349978638298 0.46935349850435792 -0.27783634092015136 0.075062568078607755 -0.17774222478546622 0.10521547089510511 
1 -0.51832947972441745 -0.46963356606965179 0.27800212842955974 0.087359366016151296 0.17519210426129481 -0.10370591326402524 

0.23000000000000007 3 0.0263495
1 0.98060219269995341 0.00030615196189820123 -0.00018122830900456398 -0.17004033908904612 0.0026667727304882558 -0.0015786105352694133 
1 -0.46316684958061533 0.46753362492160128 -0.27675905691399993 0.078569195385241472 -0.18624218050214583 0.1102470656351702 
1 -0.51743534311932771 -0.4678397768835017 0.27694028522299918 0.091471143703805338 0.18357540777165623 -0.1086684550999002 

0.24000000000000007 3 0.0280044
1 0.9788635621248829 0.00033340329945160253 -0.00019735988559905967 -0.17769134975251794 0.0027835087852955127 -0.0016477130740263706 
1 -0.46236357077124618 0.46562845547429821 -0.2756312815596918 0.082088778449469407 -0.19480196628967589 0.11531407710913642 
1 -0.51649999135361935 -0.46596185877375207 0.27582864144528652 0.095602571303049305 0.19201845750437974 -0.11366636403510939 

0.25000000000000006 3 0.0297265
1 0.97704825139666862 0.00036182241773392794 -0.00021418273630945177 -0.18537665415142718 0.002900328860861408 -0.001716865349325648 
1 -0.4615250287090209 0.4636373745958865 -0.27445265046927242 0.085621952601698248 -0.20342505644016298 0.12041856194299927 
1 -0.51552322268762985 -0.4639991970136218 0.27466683320557883 0.099754701549729527 0.20052472757930073 -0.11870169659367262 

0.26000000000000006 3 0.0308304
1 0.97515590898056492 0.0003914101555579609 -0.00023169735767550066 -0.19309797827861788 0.0030172325834138896 -0.0017860671399108482 
1 -0.46065108426819285 0.4615597313268564 -0.2732227783037422 0.089169362378520342 -0.21211505691443111 0.12556265470476322 
1 -0.51450482471235581 -0.46195114148241517 0.27345447566141184 0.10392861590009783 0.2090978243310169 -0.12377658756485167 

0.27000000000000007 3 0.0319393
1 0.97318616588252438 0.00042216734507421821 -0.00024990424229320531 -0.20085708840117755 0.0031342189861224999 -0.0018553178734614787 
1 -0.45974159183014335 0.45939483794690072 -0.27194125796334762 0.092731661877308288 -0.22087571570188352 0.13074857403701959 
1 -0.51344457405236732 -0.45981700529197683 0.27219116220563561 0.10812542652386892 0.21774149671576076 -0.12889325616355718 

0.28000000000000008 3 0.0326092
1 0.97113863523425314 0.00045409480558924239 -0.00026880387515550283 -0.20865579351996494 0.0032512864581961142 -0.0019246165964609998 
1 -0.45879639918604859 0.45714196849948696 -0.2706076597141932 0.096309515096271683 -0.22971093399424855 0.13597862927130147 
1 -0.51234223604819562 -0.45759606330507702 0.27087646358934325 0.11234627842369281 0.22645964753605205 -0.13405401267483896 

0.29000000000000009 3 0.0333853
1 0.96901291185308702 0.00048719333685390092 -0.00028839672967924352 -0.21649594794955918 0.0033684326897209429 -0.0019939619415434728 
1 -0.45781534743625107 0.45480035720023798 -0.26922153024607653 0.099903596256294525 -0.23862477826096917 0.14125522757618234 
1 -0.51119756441682829 -0.45528755053709263 0.26950992697574827 0.11659235169326479 0.23525634557124836 -0.13926126563463703 

0.3000000000000001 3 0.0340242
1 0.96680857177541879 0.00052146371177707066 -0.00030868326339201347 -0.2243794540278031 0.0034856546118276926 -0.0020633520920751288 
1 -0.45679827088650937 0.45236919671965892 -0.26778239165593964 0.10351459010019899 -0.24762149332451461 0.14658088169726977 
1 -0.51001030088889765 -0.45289066043143494 0.26809107491932188 0.12086486392760476 0.24413583871268771 -0.14451752960519276 

0.31000000000000011 3 0.0346582
1 0.96452517176232133 0.00055690666851575992 -0.00032966391324984912 -0.23230826496480145 0.0036029483317350309 -0.0021327847437030123 
1 -0.45574499694140402 0.44984763632964853 -0.26628974035068209 0.1071431921642793 -0.25670551654586166 0.15195821835438592 
1 -0.50878017482090587 -0.45040454299816207 0.26661940426392178 0.12516507280052222 0.25310256821412846 -0.14982543361068007 

0.32000000000000012 3 0.0355022
1 0.96216224877598933 0.00059352290188801986 -0.00035133909055404765 -0.24028438784198494 0.003720309062170476 -0.0022022570625752883 
1 -0.45465534599517848 0.44723477990210719 -0.2647430458624313 0.1107901090160108 -0.26588149324418542 0.15738998736932849 
1 -0.50750690278079957 -0.44782830280399238 0.26509438495297583 0.12949427882597364 0.262161184182016 -0.15518773030674998 

0.33000000000000013 3 0.0362082
1 0.95971931942534461 0.00063131305404964203 -0.00037370917543220371 -0.24830988677268248 0.0038377310446184899 -0.0022717656399075317 
1 -0.45352913132040606 0.44452968374659463 -0.26314174956853037 0.11445605845074348 -0.27515429349052462 0.16287907160697876 
1 -0.50619018810492433 -0.44516099680063836 0.26351545874395133 0.13385382832193771 0.27131656244590696 -0.16060730596706857 

0.34000000000000014 3 0.0368392
1 0.95719587937919104 0.00067027770436998947 -0.00039677451084514501 -0.25638688623652672 0.003955207465787796 -0.0023413064425351743 
1 -0.45236615895492699 0.44173135427252269 -0.2614852633076577 0.11814176963888885 -0.28452903043337685 0.16842849782323424 
1 -0.50482972042424668 -0.44240163197688431 0.26188203781849068 0.1382451165976363 0.28057382296759087 -0.16608719138069583 

0.35000000000000014 3 0.0374722
1 0.95459140274511967 0.00071041735843583264 -0.00042053539607768913 -0.26451757460101755 0.0040727303666264047 -0.002410874759054344 
1 -0.45116622758761599 0.43883874545971324 -0.25977296788251364 0.12184798321358013 -0.29401108033505402 0.17404144852563522 
1 -0.5034251751574883 -0.43954916281814022 0.26019350327857926 0.14266959138743651 0.28993834996842843 -0.17163057376657692 

0.36000000000000015 3 0.0381413
1 0.9519053414121893 0.00075173243610498488 -0.00044499207966694021 -0.27270420784464405 0.0041902905431399715 -0.0024804651411108438 
1 -0.44992912844359473 0.43585075611919255 -0.2580042114383328 0.12557545128698863 -0.3036061045217931 0.17972127496685569 
1 -0.50197621296857353 -0.43660248855529021 0.25844920351798883 0.14712875655765359 0.29941581397865447 -0.17724080982574067 

0.37000000000000016 3 0.0388074
1 0.94913712435527609 0.00079422325852374889 -0.00047014475171719395 -0.28094911349713786 0.0043078774381902002 -0.0025500713393495507 
1 -0.44865464516972264 0.43276622692397326 -0.25617830770523542 0.1293249373813366 -0.31332007347862373 0.18547151140778734 
1 -0.50048247918553423 -0.43356045018248907 0.25664845245694179 0.15162417611579995 0.30901219604043684 -0.18292144006843244 

0.38000000000000017 3 0.0394754
1 0.9462861568989317 0.00083789003401350121 -0.00049599353554541066 -0.28925469481375626 0.0044254790233584198 -0.0026196862334830185 
1 -0.44734255372124421 0.42958393718706767 -0.2542945340909622 0.13309721625811982 -0.32315929335244209 0.19129589080617629 
1 -0.49894360317766917 -0.43042182722107447 0.25479052762649629 0.15615747855563364 0.31873381432908915 -0.18867620457268844 

0.39000000000000018 3 0.0401475
1 0.94335181993818573 0.00088273284272201761 -0.00052253847859549843 -0.29762343520186813 0.0045430816698599392 -0.0026893017558784643 
1 -0.44599262225076014 0.42630260136121506 -0.25235212960885856 0.13689307362605074 -0.33313043516459195 0.19719836210917432 
1 -0.49735919768740727 -0.42718533420392951 0.25287466808744496 0.16073036157581419 0.32858735349473894 -0.19450906035329157 

0.40000000000000019 3 0.0408216
1 0.94033346911377469 0.00092875161992456525 -0.00054977954255330493 -0.30605790291974333 0.0046606700073805393 -0.0027589088079953078 
1 -0.44460461100079179 0.4229208652314847 -0.25035029262408248 0.14071330570464952 -0.34324056707842665 0.20318310935429151 
1 -0.49572885811296186 -0.42384961685140166 0.25090007216662252 0.16534459721509162 0.33857989707105207 -0.20042420054629215 

0.4100000000000002 3 0.0421317
1 0.93723043393892014 0.0009759461378478076 -0.00057771659258716926 -0.31456075606909806 0.0047782267695797567 -0.0028284971689299474 
1 -0.44317827220157108 0.4194373017683336 -0.24828817839877201 0.1445587186161495 -0.35349719011901765 0.20925457281387136 
1 -0.4940521617373313 -0.42041324790617335 0.24886589499134687 0.17000203745294581 0.34871896334944441 -0.20642607564493709 

0.42000000000000021 3 0.0434988
1 0.93404201687463262 0.001024315985876278 -0.00060634938563104875 -0.32313474790487146 0.0048957326248616458 -0.0028980553952396549 
1 -0.44171334997588113 0.4158504066042939 -0.24616489641447498 0.14843012757328039 -0.36390827780292379 0.21541747245414974 
1 -0.4923286668987345 -0.41687472259016045 0.2467712458000941 0.17470462033158715 0.35901254517806769 -0.21251941705890592 

0.43000000000000022 3 0.0445929
1 0.93076749235019585 0.0010738605489865041 -0.0006356775576184722 -0.33178273248779172 0.0050131659908534201 -0.0029675707111221634 
1 -0.44020958025320883 0.41215859309265596 -0.24397950744709304 0.15232835582437146 -0.37448232020751981 0.22167683402232638 
1 -0.49055791209697541 -0.41323245364163264 0.24461518500470014 0.17945437666341618 0.36946915421667276 -0.21870926331120022 

0.44000000000000022 3 0.0453207
1 0.92740610572533033 0.001124578984237267 -0.00066570060956582943 -0.34050767070755478 0.0051305028308493662 -0.0030370288879196117 
1 -0.43866669069584108 0.40836018690074311 -0.2417310203663478 0.15625423330986277 -0.38522837309393115 0.2280380181251597 
1 -0.48873941502947743 -0.40948476588496774 0.24239672097590212 0.18425343739768785 0.38009787026308883 -0.22500098923723552 

0.45000000000000023 3 0.0459888
1 0.9239570721901168 0.0011764701951260965 -0.00069641789239255044 -0.34931263670693058 0.005247716430273503 -0.0031064141117942844 
1 -0.43708440064007403 0.4044534200837443 -0.23941838862774997 0.16020859497543369 -0.39615611279802931 0.23450675272198132 
1 -0.486872671550033 -0.40562989027885732 0.24011480652013104 0.18910404173149134 0.39090839636776364 -0.23140033861018289 

0.46000000000000024 3 0.0466619
1 0.92041957559856313 0.0012295328036015267 -0.00072782859035362311 -0.35820082473994735 0.0053647771509811723 -0.0031757088382862453 
1 -0.4354624210562586 0.40043642457739564 -0.23704050642055932 0.16419227867626479 -0.40727589772334116 0.24108916952576037 
1 -0.48495715454229593 -0.40166595738098448 0.23776833501090142 0.19400854606367701 0.401911120572366 -0.23791346068747032 

0.47000000000000025 3 0.0473349
1 0.91679276723124914 0.0012837651194975007 -0.00075993170294611488 -0.3671755565003022 0.005481652160958736 -0.0032448936323074993 
1 -0.43380045453218635 0.3963072250387088 -0.23459620442981222 0.16820612259388976 -0.41859883741249804 0.24779184489031983 
1 -0.48299231269905524 -0.3975909901581931 0.23535613613274745 0.19896943390640842 0.41311718525154473 -0.24454695125800921 

0.48000000000000026 3 0.048003
1 0.9130757644821812 0.0013391651071304703 -0.0007927260251361423 -0.3762402889595341 0.0055983051366825191 -0.0033139469919518548 
1 -0.43209819528511662 0.39206373095339153 -0.23208424516427306 0.17225096207129301 -0.43013687034504561 0.25462184586316899 
1 -0.48097756919706069 -0.39340289606050621 0.2328769711893989 0.20398932688823559 0.4245385652083663 -0.25130789887121463 

0.49000000000000027 3 0.048667
1 0.9092676494645453 0.0013957303487707766 -0.00082621012573556364 -0.38539862275817938 0.0057146959350620908 -0.0033828451542998448 
1 -0.43035532920882852 0.38770372791611085 -0.22950331779473362 0.17632762575252531 -0.44190285181565353 0.26158678220548998 
1 -0.4789123202557119 -0.38909945826486519 0.23032952792045849 0.20907099700564852 0.43618815588059734 -0.25820393705118766 

0.50000000000000022 3 0.049336
1 0.90536746752957498 0.0014534580046670646 -0.00086038232373820793 -0.3946543111973157 0.00583078023150991 -0.0034515618811722867 
1 -0.42857153396333153 0.38322486797501681 -0.22685203243840218 0.18043693088938775 -0.45391065349623427 0.26869486532846576 
1 -0.47679593356623823 -0.38467832597966872 0.22771241476213011 0.2142173803079189 0.44807987326473209 -0.26524330344729063 

0.51000000000000023 3 0.049969
1 0.90137422569228909 0.0015123447692660828 -0.00089524066240395867 -0.40401126988228853 0.005946509120245992 -0.0035200682225283247 
1 -0.42674647911632152 0.37862465891441754 -0.22412891381472713 0.18457967764848973 -0.46617527658853242 0.27595497527456864 
1 -0.47462774657596313 -0.38013700368366893 0.22502415447712037 0.21943159223378764 0.46022876746829461 -0.27243490705203649 

0.52000000000000024 3 0.0507779
1 0.8972868909573124 0.0015723868232286179 -0.00093078288085432037 -0.41347358707554499 0.0060618286724507617 -0.0035883322549116509 
1 -0.42487982634743071 0.37390045232866753 -0.22133239418566639 0.1887566422158391 -0.47871298084373731 0.28337673709142042 
1 -0.47240706460987575 -0.37547283915188095 0.22226317706650936 0.22471694485969446 0.472651152171297 -0.27978840483650602 

0.53000000000000025 3 0.0518768
1 0.89310438853734408 0.0016335797807958069 -0.00096700638291562755 -0.42304553482091001 0.0061766794473175077 -0.0036563187920153834 
1 -0.42297122972842488 0.36904943031535653 -0.21846080547865415 0.192968568451206 -0.49154143217957513 0.29097060821452669 
1 -0.47013315880891327 -0.37068301009613741 0.21942781186155896 0.23007696636969194 0.4853647527322687 -0.28731428942250997 

0.54000000000000026 3 0.0529678
1 0.88882559995625499 0.0016959186320075429 -0.0010039082029149019 -0.43273158090776315 0.0062909959504130987 -0.0037239890640557 
1 -0.42102033609536083 0.36406859058590713 -0.21551237047273603 0.19721615778843776 -0.50467987218495058 0.2987479788064682 
1 -0.46780526386089089 -0.36576450921789827 0.21651627867564038 0.23551542311931412 0.49838887623455014 -0.29502398974241101 

0.55000000000000027 3 0.054307
1 0.88444936102804028 0.0017593976792149295 -0.0010414849680980649 -0.44253640175030051 0.0064047060330235306 -0.0037913003622112667 
1 -0.41902678553203687 0.35895472975539883 -0.21248519290689491 0.20150005700755708 -0.51814931349613247 0.30672128741088228 
1 -0.46542257549600236 -0.36071412743460579 0.21352667787498367 0.24103634474272589 0.51174460746311656 -0.30292998704866947 

0.56000000000000028 3 0.055182
1 0.87997445970203991 0.0018240104672616873 -0.001079732857300489 -0.45246489626439401 0.0065177302253236749 -0.0038582056438895805 
1 -0.41699021198824276 0.35370442452954309 -0.20937724634356122 0.2058208434157377 -0.5319727658939496 0.314904154791941 
1 -0.46298424771379543 -0.35552843499679709 0.21045697920085296 0.24664405284863691 0.52545503566864427 -0.31104594914804312 

0.57000000000000028 3 0.0560608
1 0.87539963376406815 0.0018897497066330342 -0.0011186475554544563 -0.46252220083279494 0.0066299809952537142 -0.0039246530940145446 
1 -0.41491024406151061 0.34831401045278348 -0.20618636158845982 0.21017900686164842 -0.5461754990563501 0.32331153947210511 
1 -0.4604893897025531 -0.35020376015940508 0.20730500914390548 0.25234319397112825 0.53954551806111006 -0.31938688637807794 

0.58000000000000029 3 0.0569439
1 0.87072356838196718 0.0019566071887838934 -0.0011582242034673717 -0.47271370545827779 0.0067413619238869908 -0.0039905856368812713 
1 -0.41278650597745586 0.34277955781587388 -0.20291021242895879 0.21457492786397098 -0.56078534927184853 0.33195991929285468 
1 -0.45793706240450371 -0.34473616500464199 0.20406843663241572 0.25813877759428772 0.55404398734797355 -0.32796933365596065 

0.5900000000000003 3 0.0578749
1 0.86594489348333659 0.0020245736927602281 -0.001198457342945615 -0.48304507121419282 0.006851766786822807 -0.0040559403923813376 
1 -0.41061861881197936 0.33709684423966374 -0.19954629940489105 0.2190088509501428 -0.57583307916101523 0.34086750435376129 
1 -0.45532627467134573 -0.33912141793240769 0.20074475674782327 0.26403622026402096 0.56898131237420091 -0.33681156396135953 

0.60000000000000031 3 0.0587449
1 0.86106218095166942 0.0020936388821154528 -0.0012393408551737409 -0.49352224911260772 0.006961078529693349 -0.0041206480695490473 
1 -0.40840620200864663 0.33126132335070119 -0.1960919312659084 0.22348085206252519 -0.59135280168328119 0.35005448800557665 
1 -0.45265597894302262 -0.33335496223279543 0.19733127212107049 0.27004139705004859 0.58439172315359855 -0.3459338399360109 

0.61000000000000032 3 0.0596111
1 0.85607394162627726 0.0021637911909968 -0.0012808678936826825 -0.50415150052193503 0.007069168124228949 -0.0041846322894024931 
1 -0.40614887525756105 0.32526808883779562 -0.19254420369458147 0.22799079857756047 -0.60738248258355776 0.35954334427626577 
1 -0.44992506636872304 -0.32743188002876406 0.19382507158825538 0.27616070194434139 0.60031331445935321 -0.35535871198684343 

0.62000000000000033 3 0.060482
1 0.85097862208962227 0.0022350176981315462 -0.0013230308096551578 -0.51493941927855946 0.0071758932894302498 -0.0042478088279350405 
1 -0.40384626081860164 0.31911183301916857 -0.18889997477998788 0.23253830007428863 -0.62396453917434525 0.36935918232327508 
1 -0.44713236127103761 -0.32134685071727348 0.19022300558963506 0.2824011192042315 0.61678864588493842 -0.3651113734953178 

0.63000000000000034 3 0.0613649
1 0.84577460122443526 0.0023073039872779587 -0.0013658210693189925 -0.5258929556506764 0.0072810970602257222 -0.0043100847688238991 
1 -0.4014979863929114 0.31278679884753685 -0.18515583660685855 0.23712264744606684 -0.64114655825720257 0.37953017141106293 
1 -0.44427661483152914 -0.315094102834791 0.18652165767616941 0.28877030820456279 0.63386546119700216 -0.3752200866422159 

0.64000000000000035 3 0.062279
1 0.84046018652117238 0.0023806339925178353 -0.0014092291623670347 -0.53701944232707088 0.0073846061835042137 -0.0043713575539530676 
1 -0.39910368867431334 0.30628672402140517 -0.18130808217197239 0.2417427372237777 -0.6589821624850587 0.39008805375893363 
1 -0.44135649784688147 -0.30866735801390111 0.1827173113343315 0.29527670510324527 0.65159755630159044 -0.3857166962049578 

0.65000000000000036 3 0.0632131
1 0.83503361011481525 0.0024549898265516581 -0.0014532445003156036 -0.54832662261881515 0.0074862293185605742 -0.0044315139181580381 
1 -0.39666301774798696 0.29960477553659265 -0.17735266664155799 0.24639697699880611 -0.67753206315449255 0.40106876774711869 
1 -0.4383705923668591 -0.30205976536311607 0.17880591114186561 0.3019296456199565 0.67004583383596927 -0.39663725382893467 

0.66000000000000036 3 0.0641401
1 0.82949302452758444 0.0025303515899125872 -0.0014978553035677521 -0.55982268107775635 0.0075857550157340213 -0.0044904286926687369 
1 -0.39417564255153426 0.29273347257638682 -0.17328516170572519 0.25108316649605672 -0.69686534915674148 0.41251321091829357 
1 -0.43531738197608144 -0.29526382416627062 0.1747830170092827 0.30873951458164728 0.68927959414105366 -0.40802278222560784 

0.67000000000000037 3 0.0650711
1 0.82383649809257342 0.0026066971587346078 -0.001543048475781383 -0.57151627675130179 0.0076829494432953983 -0.0045479634595289604 
1 -0.39164125767647967 0.28566459506549285 -0.16910070144646097 0.25579834699934617 -0.71706107786194562 0.42446818171013678 
1 -0.43219524041612095 -0.28827129222420284 0.17064374992223169 0.31571792975189467 0.70937812841869408 -0.41992021825059095 

0.68000000000000038 3 0.0660121
1 0.81806201003067402 0.0026840019483904362 -0.0015888094639534985 -0.58341657930842861 0.0077775538284136445 -0.0046039650367622285 
1 -0.38905959187361394 0.27838907445023209 -0.16479391768438117 0.26053860924763877 -0.7382102559139927 0.43698755199750944 
1 -0.42900241815708312 -0.28107307639859791 0.16638272714831989 0.32287797006073149 0.73043270208562061 -0.43238358696073154 

0.69000000000000039 3 0.0677652
1 0.81216744515080774 0.0027622386499494434 -0.0016351221024148935 -0.59553330828511952 0.0078692815732461317 -0.0046582637712264145 
1 -0.38643041874153988 0.27089686224092235 -0.16035886216170003 0.26529884625758327 -0.76041832904909534 0.45013374095403308 
1 -0.42573702640927946 -0.27365910089085455 0.16199398426410186 0.33023446202748219 0.7525490474758928 -0.44547547718279273 

0.7000000000000004 3 0.0692971
1 0.8061505881410862 0.002841376935989444 -0.0016819684386840522 -0.60787677570742105 0.0079578150018330719 -0.0047106716129195142 
1 -0.38375357023803797 0.26317677045320148 -0.15578891209057849 0.2700724322585264 -0.78380834435069946 0.46397958696598607 
1 -0.42239701790305972 -0.26601814738916546 0.15747088052925001 0.33780434344883931 0.77585052934890986 -0.45926891535305475 

0.71000000000000041 3 0.0710671
1 0.80000911741574243 0.0029213831318247751 -0.0017293285388488054 -0.62045793235464763 0.0080428016875107745 -0.0047609799409725128 
1 -0.38102895387788355 0.25521627615039449 -0.15107665445096258 0.27485080122204952 -0.80852501238778207 0.47861075223703542 
1 -0.41898016353786821 -0.25813765928219223 0.15280598298979814 0.34560713113253355 0.80048221070031944 -0.4738497722960463 

0.72000000000000042 3 0.0728011
1 0.79374059848012457 0.0030022198476775952 -0.0017771802698279692 -0.63328841791953217 0.0081238503040552603 -0.0048089571077116694 
1 -0.37825657479958669 0.24700127957506371 -0.14621374281520477 0.27962288700190091 -0.83473999086071893 0.49412885047095195 
1 -0.41548402368055359 -0.25000349942270933 0.1479909230850166 0.35366553091756964 0.82661614055670751 -0.48931989336321768 

0.73000000000000043 3 0.0746753
1 0.78734247677365432 0.0030838455667162043 -0.0018254990555085714 -0.64638061530130242 0.0082005259368367524 -0.0048543456630704557 
1 -0.37543656434401412 0.23851580148391846 -0.14119071818384735 0.28437436969849311 -0.86265885255345898 0.51065557158857688 
1 -0.41190591242966151 -0.24159964705060091 0.14301621723933985 0.3620062456027574 0.85445832661667787 -0.50580122592549326 

0.74000000000000044 3 0.0764244
1 0.78081206994833741 0.003166214183213307 -0.001874257603356077 -0.65974770922264492 0.0082723447831825527 -0.0048968592174413079 
1 -0.37256921746672372 0.22974159967034349 -0.13599678198405787 0.28908664587132193 -0.89253041652327836 0.52833820537608311 
1 -0.40824285248163733 -0.23290781385352177 0.13787103958739752 0.37066106335127091 0.88425807174015458 -0.5234413461586126 

0.75000000000000044 3 0.0774405
1 0.77414655953895972 0.0032492744843332145 -0.0019234255976555224 -0.67340374927946001 0.0083387681644363932 -0.0049361788970812845 
1 -0.36965504232696389 0.2206576763053934 -0.13061950443747808 0.29373539733588572 -0.92465946019428091 0.54735716647738919 
1 -0.40449151721201215 -0.2239069507896907 0.13254293003511539 0.37966835194352822 0.91632069202991306 -0.54242098758026192 

0.76000000000000045 3 0.0795376
1 0.76734298198073481 0.0033329695682544022 -0.0019729693550659985 -0.68736371739268698 0.0083991957667837406 -0.0049719493429819248 
1 -0.36669482696994143 0.21123963504776 -0.12504444399797704 0.2982885632656706 -0.95942437500969202 0.56793644575299917 
1 -0.4006481550107957 -0.21457260461598904 0.12701741335302957 0.38907515412694604 0.95102517924299235 -0.56296449641000335 

0.77000000000000046 3 0.0807304
1 0.76039821893130455 0.0034172361904882442 -0.0020228514376706107 -0.70164359940214105 0.0084529580254191286 -0.0050037742026375551 
1 -0.36368973050829356 0.20145882712071847 -0.11925464186727247 0.30270340246684307 -0.99730223142226171 0.59035844763668788 
1 -0.39670848842304257 -0.20487606331117472 0.12127749330493437 0.39894019693525085 0.98884927339696571 -0.58535467343399716 

0.78000000000000047 3 0.0819454
1 0.75330898685860803 0.0035020040294091387 -0.0020730302182027818 -0.71626046017302269 0.0084993075699102087 -0.0050312110660799495 
1 -0.36064141026971758 0.19128119387110212 -0.11322993684151031 0.30692212730487056 -1.0389052667005387 0.61498558928946101 
1 -0.39266757658893675 -0.19478319790047763 0.11530296705970453 0.40933833286812388 1.0304059591307582 -0.60995437822335097 

0.79000000000000048 3 0.0831463
1 0.7460718258648148 0.0035871948612522953 -0.0021234593916821089 -0.73123252099144731 0.00853740966258674 -0.0050537658058321883 
1 -0.35755220323526477 0.18066566077167667 -0.10694601463222023 0.31086521825993385 -1.0850355654244663 0.64229266901477955 
1 -0.38851962262960293 -0.1842528556328962 0.10906947402388968 0.42036730273148565 1.0764981557620135 -0.6372389032089415 

0.80000000000000049 3 0.0843182
1 0.73868308773336944 0.0036727216342916178 -0.0021740874273687436 -0.74657923706761209 0.0085663315952237643 -0.0050708863002180797 
1 -0.35442539215142693 0.16956184720289211 -0.10037305215929093 0.31442082050136805 -1.1367698356345493 0.67291704995820034 
1 -0.38425769558197642 -0.17323456883716093 0.10254713958664587 0.43215841656624077 1.1282035040393701 -0.6678461636579559 

0.8100000000000005 3 0.0854771
1 0.73113892321530194 0.0037584874318768169 -0.0022248569549274729 -0.76232137139634359 0.0085850310779913997 -0.0050819555601379404 
1 -0.35126560893286379 0.1579066927921127 -0.093473720494204465 0.31742720464999075 -1.1955962570761351 0.70773966816567391 
1 -0.37987331428247567 -0.16166518022396351 0.095698577449118027 0.44489416674634108 1.1870112259981513 -0.70265771260549115 

0.82000000000000051 3 0.0866492
1 0.72343526862018803 0.0038443843149364798 -0.0022757040792416024 -0.7784810585966494 0.0085923437881264483 -0.0050862843584374325 
1 -0.34807947134794581 0.14561928945713692 -0.086200125660290117 0.31964223631077476 -1.2636464226246233 0.74802233156383435 
1 -0.37535579727229906 -0.14946367377204928 0.088475829739522519 0.45883882228587008 1.2550540788365663 -0.74293604720535245 

0.83000000000000052 3 0.0882492
1 0.71556783186176898 0.0039302920373760191 -0.0023265576199845831 -0.79508184780167612 0.0085869705018874355 -0.0050831036125981895 
1 -0.34487663961644638 0.13259257418317608 -0.0784888911271375 0.32068676234474547 -1.3441128348611171 0.7956548593152819 
1 -0.37069119224535596 -0.13652286622052096 0.080815448747109886 0.47439508545697978 1.3355258643591292 -0.79057175570269134 

0.84000000000000052 3 0.0909834
1 0.70753207825399589 0.004016076634239414 -0.0023773382758780211 -0.81214870540548134 0.0085674647323811335 -0.0050715570668846723 
1 -0.34167168582302071 0.11867913737694587 -0.070252756989034826 0.31993082810308315 -1.4420600174088387 0.85363522355938293 
1 -0.36586039243092916 -0.12269521401113655 0.072630095264898928 0.49221787730247213 1.4334925526763724 -0.84856366649244008 

0.85000000000000053 3 0.0936685
1 0.69932321661780683 0.0041015888962042642 -0.0024279577216556611 -0.82970794245119783 0.0085322228102344983 -0.0050506954205405304 
1 -0.33848769295100184 0.10366496837443227 -0.06136503847643094 0.31623935633354022 -1.5661667942249025 0.927100901058027 
1 -0.36083552366663335 -0.10776655727059167 0.063792996198057561 0.51346858611788826 1.5576345714149338 -0.92205020563754636 

0.86000000000000054 3 0.0970564
1 0.69093618675473745 0.0041866627729049803 -0.0024783176629053398 -0.84778699736571739 0.0084794805657283177 -0.005019474363764374 
1 -0.3353640424947224 0.087215271585611681 -0.051627551529788721 0.30731323669332372 -1.7330269571384866 1.0258746765959674 
1 -0.35557214425993638 -0.091401934358514458 0.054105869192660992 0.54047376067288222 1.724547476572752 -1.0208552022329038 

0.87000000000000055 3 0.0995033
1 0.68236565039381336 0.0042711138122861689 -0.0025283089122361017 -0.86641392169749587 0.0084073262713598076 -0.0049767622391247495 
1 -0.33237646529233472 0.068743042552844857 -0.040692815686827796 0.28755672551174921 -1.9802246554845857 1.1722046905645476 
1 -0.34998918510111632 -0.073014156365099503 0.043221124599004498 0.57885719618612574 1.9718173292126318 -1.1672279283260263 

0.88000000000000056 3 0.128017
1 0.67360599023195644 0.0043547379066527468 -0.0025778106469947809 -0.88561616516088215 0.008313756280155191 -0.0049213729769586878 
1 -0.32970640105242721 0.046990998299566648 -0.027816575492366477 0.2378875016313978 -2.4233775588123545 1.434531447518983 
1 -0.34389958917884 -0.051345736206226456 0.030394386139255335 0.64772866353008496 2.4150638025312512 -1.429610074543743 

0.89000000000000057 3 0.234757
1 0.6646513298752762 0.0044373111586435577 -0.002626690329930681 -0.9054170936823438 0.0081968782923158429 -0.0048521864201730193 
1 -0.32813291538295619 0.017517007124652959 -0.010369287070306259 -0.015128128464338989 -3.899472866950398 2.3083140454312057 
1 -0.33651841449252656 -0.021954318283413529 0.012995977400107434 0.92054522214777756 3.8912759886590176 -2.3034618590141958 

