0 3 0
1 1 0 0 0 0 0 
1 -0.64898294126887413 0.26493593296295875 0.50686440503490482 0 0 0 
1 -0.35101705873112587 -0.26493593296295875 -0.50686440503490482 0 0 0 

0.01 3 0.000961065
1 0.9999630995674581 -1.7035903216091514e-06 -3.2592381302477852e-06 -0.0073801964818375311 -0.00034072002926938572 -0.00065185138530547389 
1 -0.64895841248127828 0.2649173991514136 0.50682894691770253 0.0049058522963625175 -0.0037068419775521735 -0.0070917758587811979 
1 -0.35100468708617705 -0.26491569556109273 -0.50682568767957326 0.0024743441854750189 0.0040475620068215539 0.0077436272440866592 

0.02 3 0.00146604
1 0.99985239167079021 -6.8144791725569614e-06 -1.30371780558123e-05 -0.014761712877679521 -0.00068146363396702969 -0.0013037478741394957 
1 -0.6488848204310611 0.26486179293598161 0.50672256341967348 0.0098128422088963017 -0.0074146402298662095 -0.014185381222653708 
1 -0.3509675712397245 -0.26485497845680944 -0.50670952624162235 0.0049488706687832859 0.008096103863833231 0.015489129096793166 

0.029999999999999999 3 0.00197601
1 0.99966785650651768 -1.53330201032829e-05 -2.9334496174685842e-05 -0.022145870373977878 -0.0010222543679171223 -0.0019557345286986437 
1 -0.64876214804812793 0.26476909996732356 0.50654522708826788 0.014722108915952646 -0.011124352422885873 -0.021282648258260053 
1 -0.35090570845838481 -0.26475376694722147 -0.50651589259209862 0.007423761458025294 0.012146606790803016 0.023238382786958774 

0.040000000000000001 3 0.00265789
1 0.99940946104762129 -2.725980200385823e-05 -5.2152319126853861e-05 -0.02953399270496488 -0.0013631157415713658 -0.0026078563282010006 
1 -0.64859036685625837 0.26463929630667632 0.50629689212483042 0.019634794725665899 -0.014836939009868282 -0.028385414464814906 
1 -0.35081909419136065 -0.26461203650467402 -0.50624473980570972 0.0098991979792991177 0.016200054751439655 0.030993270793015941 

0.050000000000000003 3 0.00397182
1 0.99907715901166405 -4.2595648560113324e-05 -8.1492222753779545e-05 -0.036927407433770681 -0.0017040711999104902 -0.0032601581266083288 
1 -0.64836943693392002 0.26447234839094852 0.50597749431785355 0.024552046654437536 -0.018553364637447375 -0.035495525364126944 
1 -0.35070772207773981 -0.26442975274239161 -0.50589600209510621 0.012375360779333289 0.02025743583735785 0.038755683490735646 

0.060000000000000005 3 0.00481296
1 0.99867089081606264 -6.1341617486431962e-05 -0.00011735623063061844 -0.044327447242245646 -0.0020451440998478358 -0.0039126846093955675 
1 -0.64809930685925465 0.26426821298370606 0.50558695094919481 0.029475018021832416 -0.022274599566676694 -0.042614837219279098 
1 -0.35057158395680538 -0.26420687136622162 -0.50546959471856956 0.014852429220413455 0.024319743666524375 0.046527521828674832 

0.070000000000000007 3 0.00533295
1 0.9981905835204069 -8.3498999529377227e-05 -0.00015974681215999849 -0.051735451232443629 -0.0023863576869632588 -0.0045654802490390457 
1 -0.64777991363895304 0.264026837111836 0.50512516067289248 0.034404870067522852 -0.026001621114197831 -0.049745219791811096 
1 -0.35041066988145053 -0.26394333811230741 -0.50496541386073845 0.017330581164920932 0.028387978801160871 0.054310700040850278 

0.080000000000000002 3 0.0161119
1 0.99763615075568912 -0.00010906931723457553 -0.00020866688021287065 -0.059152766242770084 -0.0027277350713908544 -0.0052185892588858095 
1 -0.6474111826208796 0.26374815798767948 0.50459200336621035 0.039342773596067034 -0.029735415118813946 -0.056888559147508101 
1 -0.35022496813480952 -0.26363908867044678 -0.50438333648600575 0.019809992646703588 0.032463150190204716 0.062107148406394183 

0.089999999999999997 3 0.0172799
1 0.99700749264027999 -0.00013805432346748978 -0.00026411978829851424 -0.066580748181859037 -0.0030692992026776877 -0.0058720555450545754 
1 -0.64699302739003894 0.26343210291635838 0.50398733995233314 0.044289910655486667 -0.033476977438917942 -0.06404676052121791 
1 -0.35001446525024427 -0.26329404859289346 -0.50372322016404569 0.022290837526373342 0.036546276641595474 0.069918816066272857 

0.099999999999999992 3 0.0184629
1 0.99630449568248525 -0.00017045599967683978 -0.00032610932724218874 -0.074020763383312774 -0.0034110728434231363 -0.0065259226560035431 
1 -0.64652534964760211 0.26307858918793386 0.50331101219405405 0.049247476255842901 -0.037227315486430497 -0.071221751251516752 
1 -0.34977914603488697 -0.262908133188263 -0.50298490286681874 0.024773287127470421 0.040638388329853677 0.077747673907520493 

0.10999999999999999 3 0.0196099
1 0.99552703266941611 -0.00020627655388750192 -0.00039463972134522798 -0.081474189984524298 -0.0037530785414995414 -0.0071802337293839528 
1 -0.64600803907249915 0.26268752395403522 0.50256284245772576 0.054216680134274109 -0.040987449803152859 -0.078415483796521523 
1 -0.34951899359691874 -0.26248124740015677 -0.50216820273638374 0.027257509850250411 0.044740528344652551 0.085595717525905946 

0.11999999999999998 3 0.02072
1 0.99467496254193288 -0.00024551841840764112 -0.00046971562399842259 -0.08894241933290728 -0.0040953386006439031 -0.0078350314357775938 
1 -0.64544097316509597 0.26225880408847524 0.50174263344661185 0.059198748573275707 -0.044758415685725292 -0.085629938842693626 
1 -0.34923398937684119 -0.26201328567007798 -0.5012729178226214 0.029743670759631757 0.048853754286369101 0.093464970278471199 

0.12999999999999998 3 0.0218382
1 0.9937481302554092 -0.00028818424723269973 -0.00055134211271544681 -0.096426857422962475 -0.0044378750491986894 -0.008490357918892846 
1 -0.64482401707241199 0.26179231603134762 0.5008501679026327 0.064194926279375272 -0.048541264865719726 -0.092867128519122322 
1 -0.34892411318300509 -0.26150413178412663 -0.50029882578992457 0.032231931143587592 0.052979139914918372 0.10135748643801554 

0.13999999999999999 3 0.0269113
1 0.99274636662591909 -0.00033427691312656801 -0.00063952468354865305 -0.10392892636774574 -0.0047807096067653794 -0.0091462547317676755 
1 -0.64415702339418723 0.26128793561602653 0.49988520827536143 0.069206478329772225 -0.052337067251784115 -0.10012909973052329 
1 -0.34858934323173929 -0.26095365870291259 -0.49924568359182103 0.034722448037973593 0.057117776858549657 0.10927535446229156 

0.14999999999999999 3 0.0274172
1 0.99166948816153488 -0.00038379950435779559 -0.00073426924484495471 -0.1114500659084427 -0.0051238636485185472 -0.0098027627684968872 
1 -0.64343983196915655 0.26074552787839705 0.4988474963570671 0.07423469219499669 -0.056146912741187258 -0.10741793762300769 
1 -0.34822965619238627 -0.26036172837405208 -0.49811322711223088 0.037215373713446 0.061270776389705871 0.11722070039150552 

0.16 3 0.0279171
1 0.99051729687833501 -0.00043675532106614355 -0.0008355821102944541 -0.11899173496592136 -0.0054673581669109567 -0.010459922190967717 
1 -0.64267226964063373 0.26016494684759173 0.49773675288236219 0.079280879846180985 -0.059971913108616423 -0.11473576919765591 
1 -0.34784502723770977 -0.25972819152653892 -0.49690117077207591 0.039710855119740401 0.065439271275527872 0.1251956913886246 

0.17000000000000001 3 0.0284262
1 0.98928958010065504 -0.00049314787123193673 -0.00094346999121916247 -0.12655541323830524 -0.0058112137304787183 -0.011117772350047747 
1 -0.64185415000059198 0.25954603531742293 0.49655267709090473 0.084346379956163758 -0.063813203980644662 -0.12208476708798299 
1 -0.34743543010007433 -0.25905288744620369 -0.49560920709969242 0.042209033282142157 0.069624417711123696 0.13320253943803131 

0.18000000000000002 3 0.028928
1 0.9879861102451245 -0.00055298086621766976 -0.0010579399880434196 -0.13414260284881946 -0.0061554504394345129 -0.011776351700627671 
1 -0.64098527311120701 0.25888862459759232 0.49529494625143855 0.089432560204334904 -0.067671946904911448 -0.1294671535186103 
1 -0.34700083713392443 -0.25833564373138734 -0.49423700626340089 0.044710042644484763 0.073827397344346429 0.14124350521923779 

0.19000000000000003 3 0.0294309
1 0.98660664458792779 -0.00061625821584810855 -0.0011789995808812936 -0.14175483004836673 -0.0065000878777102646 -0.01243569770987139 
1 -0.64006542520280041 0.25819253424371691 0.49396321514527264 0.094540819695921346 -0.071549331523785009 -0.13688520446382307 
1 -0.34654121938513494 -0.25757627602788169 -0.492784215564397 0.047214010352445789 0.07804941940149536 0.1493209021736944 

0.20000000000000004 3 0.0299327
1 0.9851509250148035 -0.00068298402299152218 -0.0013066566191696672 -0.14939364697754606 -0.0068451450610830956 -0.013095846757972505 
1 -0.6390943783469627 0.25745757176502687 0.4925571155070736 0.099672591507277419 -0.075446577863062428 -0.14434125402622228 
1 -0.34605654666785057 -0.25677458774204759 -0.49125045888791158 0.049721055470268623 0.082291722924145966 0.15743710078419382 

0.21000000000000005 3 0.0304317
1 0.98361867775304568 -0.00075316257760096514 -0.0014409193102682563 -0.15706063349307448 -0.0071906403809870682 -0.013756834030657573 
1 -0.63807189010353726 0.25668353230856711 0.49107625542069794 0.10482934536975445 -0.079364938747178454 -0.151837699057397 
1 -0.34554678764951596 -0.2559303697309786 -0.48963533611043725 0.052231288123319293 0.086555579128166318 0.16559453308805225 

0.22000000000000006 3 0.0309308
1 0.98200961308493306 -0.00082679835017031907 -0.0015817962069399781 -0.16475739906387887 -0.0075365915435773234 -0.014418693402605879 
1 -0.63699770314004023 0.25587019831856911 0.48952021866749296 0.11001259050581899 -0.083305702353389008 -0.15937700404447963 
1 -0.34501190994490077 -0.25504339996841247 -0.48793842246056091 0.054744808558058626 0.090842293896967755 0.17379569744708392 

0.23000000000000007 3 0.0314319
1 0.98032342504181358 -0.00090389598455528381 -0.001729296193616369 -0.17248558474242262 -0.007883015503575376 -0.015081457310885548 
1 -0.63587154482185793 0.25501733916951486 0.4878885640243163 0.11522387863233136 -0.087270194918535327 -0.16696170628862256 
1 -0.34445188021995904 -0.25411344318497514 -0.48615926783070668 0.057261706110090217 0.095153210422112541 0.1820431635995059 

0.24000000000000007 3 0.031934
1 0.97855979107807334 -0.00098446029010460802 -0.0018834284713433683 -0.18024686521719507 -0.0082299283923802959 -0.015745156617417943 
1 -0.63469312677154788 0.25412471077131749 0.4861808245081663 0.12046480714731343 -0.091259783613260329 -0.17459442140382234 
1 -0.34386666430653023 -0.2531402504812299 -0.48429739603683036 0.059782058069881377 0.099489712005642703 0.19033957802123813 

0.25000000000000006 3 0.0324342
1 0.97671837172415199 -0.0010684962330414184 -0.0020442025412924685 -0.18804295095266158 -0.0085773454398818619 -0.016409820459394635 
1 -0.63346214439524406 0.25319205514485504 0.48439650656411831 0.12573702251809285 -0.09527587959997888 -0.18227784916730358 
1 -0.34325622732891747 -0.2521235589118333 -0.4823523040228333 0.062305928434567934 0.10385322503986322 0.19868766962669562 

0.26000000000000006 3 0.0329413
1 0.97479881021770964 -0.0011560089270286555 -0.0022116281867108362 -0.19587559042336969 -0.0089252808893591044 -0.017075476086464387 
1 -0.63217827637412516 0.25221909996593067 0.4825350891928491 0.13104222389047368 -0.099319941292498312 -0.19001477975568881 
1 -0.34262053384359664 -0.25106309103892227 -0.48032346100614609 0.064833366532894898 0.1082452221818597 0.2070902558421498 

0.27000000000000007 3 0.0334375
1 0.97280073211191986 -0.0012470036228461536 -0.0023857154531720048 -0.20374657244939881 -0.0092737479047869959 -0.017742148683396738 
1 -0.63084118411857637 0.25120555807554656 0.48059602301370691 0.13638216694059035 -0.1033934778369852 -0.197808100404638 
1 -0.3419595479933521 -0.24995855445271994 -0.47821030756054295 0.067364405508807679 0.11266722574177383 0.21555024908803211 

0.28000000000000008 3 0.0339375
1 0.97072374485987845 -0.0013414856970996602 -0.0025664746269744654 -0.21165772864077789 -0.0096227584698089213 -0.018409861176799477 
1 -0.62945051118252848 0.25015112695416691 0.4785787292589091 0.14175866799332482 -0.10749805283600442 -0.2056608025335335 
1 -0.34127323367735712 -0.24880964125708832 -0.47601225463194247 0.069899060647452133 0.11712081130581523 0.2240706637103306 

0.29000000000000009 3 0.0345345
1 0.9685674373740204 -0.001439460639874708 -0.0027539162115214062 -0.21961093595907352 -0.0099723232775562418 -0.019078634024326899 
1 -0.62800588263516877 0.24905548815744477 0.47648259869397064 0.14717360843370647 -0.11163528833963646 -0.21357598938110542 
1 -0.34056155473885585 -0.24761602751759032 -0.47372868248245609 0.072437327525365761 0.12160761161719509 0.23265462340543019 

0.3000000000000001 3 0.0351694
1 0.96633137955925896 -0.0015409340412390333 -0.0029480509014978939 -0.22760811940491213 -0.010322451610417152 -0.019748484984657724 
1 -0.62650690438694934 0.24791830671056406 0.47430699045901553 0.15262893944056274 -0.11580686913024044 -0.22155688420287478 
1 -0.33982447517231218 -0.24637737266934423 -0.47135893955752284 0.074979179964347401 0.12612932074065999 0.24130536918753004 

0.31000000000000011 3 0.0356812
1 0.96401512181860338 -0.0016459115764884534 -0.0031488895546437621 -0.23565125484084293 -0.010673151208762293 -0.020419428866346984 
1 -0.62495316246652377 0.24673923045817175 0.47205123082506761 0.15812668707491789 -0.12001454733035227 -0.22960683908678214 
1 -0.33906195935208361 -0.24509331888170158 -0.46890234127042918 0.077524567765924313 0.13068769853911608 0.2500262679531271 

0.32000000000000012 3 0.0361891
1 0.96161819452982256 -0.0017543989900202217 -0.0033564431609008501 -0.24374237195965037 -0.011024428127533794 -0.021091477253458193 
1 -0.62334422224486796 0.24551788936646185 0.46971461185884983 0.16366895775929532 -0.12426014736648298 -0.23772934444973248 
1 -0.33827397228496559 -0.24376349037645917 -0.46635816869795188 0.080073414200353452 0.13528457549401848 0.25882082170318821 

0.33000000000000013 3 0.0366921
1 0.95914010749166512 -0.0018664020777066366 -0.0035707228086909334 -0.2518835574089654 -0.011376286579490668 -0.021764638205666618 
1 -0.62167962760248197 0.24425389477370027 0.46729638998889739 0.16925794418825021 -0.12854557132531688 -0.24592803928483625 
1 -0.3374604798891922 -0.24238749269601165 -0.46372566718020941 0.082625613220713004 0.13992185790481051 0.2676926774905013 

0.34000000000000014 3 0.037189
1 0.95658034933796732 -0.0019819266676288434 -0.0037917396480563878 -0.26007695808387232 -0.01172872876377451 -0.022438915930278518 
1 -0.6199589000351694 0.24294683858505567 0.46479578446515629 0.17489593171513595 -0.13287280474302116 -0.2542067222372863 
1 -0.33662144930281268 -0.24096491191744418 -0.46100404481710339 0.085181026368734369 0.14460153350679877 0.27664563816756277 

0.35000000000000014 3 0.037688
1 0.95393838691799959 -0.002100978599016833 -0.0040195048503691355 -0.26832478460009623 -0.012081754678318263 -0.023114310423339272 
1 -0.61818153769332318 0.241596292407182 0.46221197570330186 0.18058530526553476 -0.13724392287320167 -0.2625693635959454 
1 -0.33575684922468951 -0.23949531380818309 -0.45819247085293613 0.087739479334559334 0.14932567755152268 0.28568367401928402 

0.36000000000000015 3 0.038183
1 0.95121366464106472 -0.0022235636992260308 -0.0042540295642830945 -0.27662931496135529 -0.0124353619144611 -0.023790817076699153 
1 -0.61634701434925321 0.24020180661752416 0.45954410350416408 0.18632855683388921 -0.14166109748450631 -0.27102011829824285 
1 -0.33486665029182183 -0.2379782429183166 -0.45529007393988502 0.090300758127463174 0.15409645939896971 0.2948109353749423 

0.37000000000000016 3 0.0393119
1 0.9484056037834333 -0.0023496877585634239 -0.0044953248675727942 -0.28499289843552433 -0.012789545431953856 -0.024468426247563069 
1 -0.61445477828633521 0.23876290936275602 0.45679126513759039 0.19212829362690242 -0.14612660424512811 -0.27956334005788958 
1 -0.3339508254971062 -0.23641322160421116 -0.45229594027002151 0.092864604808619258 0.15891614967708398 0.3040317663054547 

0.38000000000000017 3 0.0404449
1 0.94551360175538712 -0.0024793565027576318 -0.0047434017144639398 -0.29341795965546091 -0.013144297312340016 -0.025147122786669453 
1 -0.61250425110321272 0.23727910548018014 0.45395251327890529 0.19798724692531033 -0.15064283075860341 -0.28820359673864632 
1 -0.33300935065218468 -0.23479974897744019 -0.44920911156444648 0.095430712730146458 0.16378712807094656 0.31335071952531807 

0.39000000000000018 3 0.0417578
1 0.94253703132606792 -0.0026125755628452025 -0.0049982708780214507 -0.30190700296158279 -0.013499606488473136 -0.025826885520814438 
1 -0.61049482642544828 0.23574987533520825 0.45102685378484114 0.20390828174487308 -0.15521228532350997 -0.29694568711299718 
1 -0.33204220490063135 -0.23313729977238129 -0.44602858290682412 0.097998721216704429 0.16871189181198656 0.32277257263381331 

0.40000000000000019 3 0.0429919
1 0.93947523980360526 -0.0027493504422226758 -0.0052599428871145546 -0.31046261700478273 -0.013855458447679738 -0.026507686684954672 
1 -0.6084258685162075 0.2341746735672986 0.44801324329428849 0.20989440738809881 -0.15983760649904077 -0.30579465916262588 
1 -0.3310493712874113 -0.23142532312509353 -0.44275330040717642 0.10056820961667802 0.1736930649467251 0.33230234584758211 

0.4100000000000002 3 0.0441067
1 0.93632754816784824 -0.0028896864805869203 -0.0055284279574292312 -0.31908747962970985 -0.014211834905793863 -0.027189491298584334 
1 -0.60629671077652858 0.2325529277358091 0.44491058663763056 0.2159487889904384 -0.16452157356932992 -0.31475583009830593 
1 -0.3300308373913326 -0.22966324125523993 -0.43938215868020258 0.10313869063926603 0.17873340847512767 0.34194532139689182 

0.42000000000000021 3 0.0452065
1 0.93309325015275557 -0.0030335888144575811 -0.0058037359159411189 -0.32778436306021325 -0.014568713448971983 -0.027872256480470696 
1 -0.60410665412469267 0.23088403685629832 0.44171773403643494 0.2220747601789686 -0.16926711801182689 -0.32383480830074246 
1 -0.32898659602807506 -0.22785044804185969 -0.43591399812049375 0.10570960288123904 0.18383583146080329 0.35170706478121666 

0.43000000000000022 3 0.0463176
1 0.92977161127532526 -0.0031810623339422251 -0.006085876118200665 -0.33655613941054913 -0.014926067139838538 -0.028555930695147301 
1 -0.60185496524286264 0.22916736981661906 0.43843347807319633 0.22827583697801621 -0.17407733608957651 -0.33303751741158133 
1 -0.32791664603247661 -0.22598630748269555 -0.43234760195499455 0.1082803024325274 0.18900340322942022 0.36159344810673211 

0.44000000000000022 3 0.0474136
1 0.92636186780769447 -0.0033321116353688908 -0.0063748573577113591 -0.34540578654801662 -0.015283864084108404 -0.029240452923794805 
1 -0.59954087467782691 0.22740226366091032 0.43505655040834007 0.23455573311539316 -0.17895550270396887 -0.34237022283591834 
1 -0.32682099312988128 -0.22407015202555988 -0.42868169305062903 0.11085005343261754 0.1942393667880826 0.37161067575971524 

0.45000000000000023 3 0.0479965
1 0.92286322568871548 -0.0034867409693692922 -0.0066706877666049928 -0.35433639433488817 -0.015642066953377495 -0.02992575175126351 
1 -0.59716357478093918 0.22558802172811818 0.4315856182189246 0.24091837690528251 -0.1839050866640897 -0.35183956095498525 
1 -0.32569965090778658 -0.22210128075876695 -0.4249149304523191 0.11341801742959991 0.19954715361747258 0.38176531270625003 

0.46000000000000024 3 0.0485556
1 0.91927485937110631 -0.0036449541839510694 -0.0069733747067297321 -0.3633511712799567 -0.016000632459257411 -0.030611744360009404 
1 -0.59472221747052412 0.22372391163000588 0.4280192803302435 0.24736792991001094 -0.18892976755157381 -0.36145257139128889 
1 -0.32455264190059013 -0.22007895744607256 -0.42104590562351268 0.1159832413699413 0.20493040001083682 0.39206431575130063 

0.47000000000000025 3 0.0491877
1 0.91559591059989998 -0.0038067546620457905 -0.0072829246501694127 -0.37245345163268512 -0.016359510773448431 -0.031298335420602751 
1 -0.59221591179780353 0.22180916305169415 0.42435606300791429 0.25390880761367118 -0.194033454386487 -0.37121673271939537 
1 -0.32337999880209839 -0.21800240838966564 -0.41707313835774307 0.11854464401900959 0.21039296515994238 0.40251506814000304 

0.48000000000000026 3 0.0502927
1 0.91182548711759326 -0.0039721452529623037 -0.0075993430481033162 -0.38164670295591296 -0.016718644887685201 -0.031985415867201682 
1 -0.58964372129494769 0.21984296535556139 0.42059441537376674 0.26054570237680386 -0.19922030633104512 -0.38114000207542414 
1 -0.32218176582264446 -0.21587082010261718 -0.41299507232566085 0.12110100057910511 0.21593895121873685 0.4131254179426328 

0.49000000000000027 3 0.0513978
1 0.90796266129099479 -0.0041411281971110714 -0.0079226341867914569 -0.39093453421627217 -0.017077969906742894 -0.032672861544962149 
1 -0.58700466108084981 0.21782446496680472 0.41673270440399507 0.26728360898405584 -0.20449475570476233 -0.39123085918867972 
1 -0.32095800021014409 -0.21368333676971168 -0.40881007021720128 0.12365092523221222 0.22157272561151228 0.42390372073364846 

0.50000000000000022 3 0.0525699
1 0.90400646865443546 -0.0043137050432921053 -0.0082528010293336229 -0.40032070443504364 -0.017437412266842665 -0.033360531714722669 
1 -0.58429769469701343 0.215752762515974 0.41276920946238521 0.27412785314750443 -0.20986153362809826 -0.40149835544199619 
1 -0.31970877395742153 -0.2114390574726997 -0.4045164084330487 0.12619285128753424 0.22729894589494859 0.43485888715672683 

0.51000000000000023 3 0.0537169
1 0.89995590636345046 -0.0044898765577586017 -0.0085898450416935657 -0.40980913194604901 -0.017796888870831321 -0.034048267398466683 
1 -0.58152173064187196 0.21362690971043355 0.40870211631491632 0.28108412338863381 -0.21532569866316126 -0.41195216866595691 
1 -0.31843417572157506 -0.20913703315269261 -0.40011227127321847 0.1287250085574094 0.23312258753400139 0.44600043606442996 

0.52000000000000024 3 0.055059
1 0.89580993155264022 -0.0046696426241762349 -0.0089337660013051826 -0.41940390431148433 -0.01815630613041417 -0.034735889546962377 
1 -0.57867561856738337 0.21144590590265674 0.40452951056436881 0.28815850679403299 -0.22089266888129039 -0.42260266448923811 
1 -0.31713431298525746 -0.20677626327849696 -0.39559574456305857 0.13124539751744535 0.23904897501171321 0.45733855403620799 

0.53000000000000025 3 0.0561762
1 0.89156745959087769 -0.0048530021334947408 -0.0092845617863797393 -0.42910928895129496 -0.018515558904470708 -0.03542319700859186 
1 -0.57575814509628898 0.20920869431865374 0.40024937043471148 0.29535752922631064 -0.22656825786044035 -0.43346096520732746 
1 -0.31580931449459143 -0.20435569218517483 -0.3909648086483275 0.13375175972497994 0.24508381676492097 0.46888416221592771 

0.54000000000000026 3 0.0576851
1 0.88722736222636278 -0.0050399528626322194 -0.0096422281438093699 -0.43892974454681638 -0.018874529321057376 -0.036109964275656936 
1 -0.57276802921220682 0.20691415790435702 0.39585955882457219 0.30268820067571955 -0.23235871520294207 -0.44453902729941047 
1 -0.31445933301415918 -0.20187420504174017 -0.38621733068075947 0.13624154387109386 0.25123324452401052 0.48064899157507635 

0.55000000000000027 3 0.0581851
1 0.88278846561352653 -0.0052304913407401673 -0.010006758433311256 -0.44886993328514696 -0.019233085469077708 -0.036795938981335326 
1 -0.56970391716717084 0.20456111474137476 0.39135781453685597 0.31015806656386108 -0.23827077226961665 -0.45584972892496722 
1 -0.31308454844635752 -0.19933062340064969 -0.38135105610354131 0.13871186672128549 0.25750385773870343 0.49264566790631203 

0.56000000000000028 3 0.0586941
1 0.87824954821298451 -0.0054246127016683542 -0.010378143345169042 -0.45893473401686014 -0.019591079943737905 -0.037480839116907881 
1 -0.56656437684243222 0.20214831297595032 0.38674174257703792 0.31777526596356248 -0.24431169395363361 -0.46740696897537826 
1 -0.31168517137055285 -0.19672370027429842 -0.37636359923186347 0.14115946805329826 0.26390277389738065 0.5048878080922935 

0.57000000000000028 3 0.059195
1 0.87360933855498946 -0.0056223105210787914 -0.010756370588606599 -0.46912925640651026 -0.019948348227782919 -0.038164349934806809 
1 -0.5633478914877621 0.19967442519598749 0.3820088033955123 0.32554859788557472 -0.25048933747215074 -0.47922577955162521 
1 -0.31026144706723008 -0.19405211467492475 -0.3712524328069009 0.1435806585209366 0.27043768569994192 0.51739012948644203 

0.58000000000000029 3 0.059695
1 0.86886651285610672 -0.0058235766364672006 -0.011141424547460428 -0.47945885616283707 -0.020304706888067486 -0.038846120498369517 
1 -0.56005285275193339 0.19713804218028877 0.37715630092891389 0.33348759701135444 -0.25681221934230619 -0.49132245409999686 
1 -0.30881366010417938 -0.19131446554383671 -0.36601487638144881 0.14597125915148187 0.27711692623038042 0.53016857459837452 

0.5900000000000003 3 0.0601921
1 0.8640196924777559 -0.0060284009481312104 -0.011533285899400067 -0.48992915144372862 -0.020659951564224371 -0.039525759833843023 
1 -0.55667755290184673 0.19453766593140459 0.37218136927084283 0.34160262053317503 -0.26328959193925106 -0.50371469387971268 
1 -0.30734213957591588 -0.1885092649832884 -0.36064808337143861 0.14832653091055359 0.28394954350348178 0.54324045371356189 

0.60000000000000031 3 0.0606961
1 0.85906744121440604 -0.0062367711988770133 -0.011931931194472171 -0.50054604053986673 -0.02101385472298168 -0.040202832634037851 
1 -0.55322017610950902 0.19187170188811883 0.36708095777311756 0.34990494811216222 -0.26993153131849057 -0.51642177598098404 
1 -0.30584726510490357 -0.18563493068925743 -0.35514902657864272 0.15064109242770318 0.29094538604147951 0.55662460861502416 

0.61000000000000032 3 0.0613902
1 0.85400826239809213 -0.0064486727299731747 -0.012337332388201623 -0.51131572095065358 -0.021366163147996949 -0.040876854455981104 
1 -0.54967878866384123 0.1891384501950695 0.36185181434318059 0.35840689740043979 -0.27674903833729692 -0.52946474678626154 
1 -0.30432947373424685 -0.18268977746511234 -0.34951448195497609 0.15290882355020774 0.29811520148529824 0.57034160124224431 

0.62000000000000033 3 0.0620892
1 0.8488405958046561 -0.006664088210540123 -0.012749456323870511 -0.52224470997649441 -0.021716595130828568 -0.041547286346803339 
1 -0.54605132793730982 0.18633609588458613 0.3564904666603862 0.36712195811989251 -0.2837541555490411 -0.54286664560767439 
1 -0.30278926786735649 -0.17967200767406161 -0.34374101033651533 0.15512275185658525 0.30547075067986723 0.5844139319545002 

0.63000000000000034 3 0.0627782
1 0.84356281434600078 -0.0068829973371922716 -0.013168264157886462 -0.53333986696275637 -0.022064837323796143 -0.04221352882275687 
1 -0.54233558990383646 0.18346269779835259 0.35099320098140069 0.37606494837910687 -0.29096010289412083 -0.55665276428522081 
1 -0.30122722444218181 -0.17657970046117641 -0.33782493682351056 0.15727491858363254 0.31302494021791222 0.59886629310800488 

0.64000000000000035 3 0.0634673
1 0.838173220530957 -0.0071053765003347832 -0.013593710721354731 -0.54460841734297305 -0.022410541209843617 -0.042874915115509026 
1 -0.5385292149639398 0.18051617604304304 0.34535603814084087 0.38525219778635983 -0.29838143590517185 -0.57085094985841311 
1 -0.29964400556702447 -0.17341079954272332 -0.33176232741948458 0.15935621955659901 0.32079197711501622 0.61372586497393944 

0.65000000000000036 3 0.0652373
1 0.83267004267608091 -0.007331198413032528 -0.014025743810046199 -0.55605797864154982 -0.022753319138053445 -0.043530703587454152 
1 -0.53462967178156662 0.17749429773259279 0.33957470627398495 0.39470176303701954 -0.30603423102446187 -0.58549195910774599 
1 -0.29804037089451424 -0.17016309931957485 -0.325548962463937 0.16135621560450705 0.32878755016251432 0.62902266269522278 

0.66000000000000036 3 0.0667903
1 0.82705143084594646 -0.007560431697820902 -0.014464303393901104 -0.56769658860981886 -0.023092739865987668 -0.044180069203498561 
1 -0.53063423877371585 0.174394660718447 0.33364460969014309 0.40443368309875305 -0.31393630375734749 -0.6006098759169225 
1 -0.29641719207223555 -0.16683422902063713 -0.31918030629624405 0.16326290551104319 0.3370290436233298 0.64478994512044741 

0.67000000000000037 3 0.0684564
1 0.82131545250057436 -0.007793040426197168 -0.014909320736002572 -0.57953273568371533 -0.023428323541421252 -0.044822093930329619 
1 -0.52653998281360825 0.17121467494488432 0.32756079320247561 0.4144702829959071 -0.32210746683597258 -0.61624260518082397 
1 -0.29477546968697854 -0.16342163451869846 -0.31265147246646963 0.16506245268778591 0.3455357903773838 0.66106469911118348 

0.68000000000000038 3 0.0691564
1 0.81546008782591628 -0.0080289836048079623 -0.015360717409572292 -0.59157539196502185 -0.023759536046127912 -0.045455755915175561 
1 -0.52234373460653505 0.16795154098587062 0.32131790106554747 0.42483653765563306 -0.33056983745076823 -0.63243246058807245 
1 -0.29311635321939178 -0.15992255738107367 -0.30595718365596969 0.16673885430937155 0.35432937349688798 0.67788821650328801 

0.69000000000000039 3 0.0698614
1 0.80948322472092604 -0.0082682146015209106 -0.015818404199954682 -0.6038340489428945 -0.024085782612949774 -0.046079917274252709 
1 -0.51804206006721309 0.16460222521743043 0.31491012947617575 0.43556051053372058 -0.33934820507423868 -0.64922686832616128 
1 -0.29144116465372222 -0.15633401061592248 -0.29909172527621708 0.16827353840916065 0.36343398768718688 0.69530678560045711 

0.7000000000000004 3 0.0705564
1 0.80338265341280779 -0.0085106805036140824 -0.016282279876731479 -0.61631875618532184 -0.024406400614273852 -0.046693310295980568 
1 -0.51363122685967 0.16116343094884925 0.30833117134282667 0.4466738860853578 -0.34847047466234204 -0.66667921499591276 
1 -0.28975142655315139 -0.15265275044524437 -0.29204889146609359 0.16964487009995896 0.37287687527661795 0.71337252529192674 

0.71000000000000041 3 0.0712545
1 0.79715606066948919 -0.0087563213992274107 -0.016752229819024078 -0.62904016324204126 -0.024720651404980632 -0.047294521835244373 
1 -0.50910716504228082 0.15763156466738976 0.30157415170644186 0.45821262101194293 -0.35796820437150084 -0.68484987634929195 
1 -0.2880488956272238 -0.14887524326817192 -0.28482192188741573 0.17082754223009738 0.38268885577647743 0.73214439818458199 

0.72000000000000042 3 0.0719535
1 0.79080102357601612 -0.0090050695719647508 -0.017228124474640599 -0.64200956500885409 -0.025027711085727974 -0.047881975642100547 
1 -0.50446542047336529 0.15400269633202887 0.29463155177602524 0.47021774721857817 -0.36787726280084926 -0.70380747469797922 
1 -0.28633560310267409 -0.14499762676007602 -0.27740342730138179 0.17179181779027461 0.39290497388656637 0.7516894503401238 

0.73000000000000043 3 0.0726485
1 0.78431500283885636 -0.009256848597098034 -0.017709817630971847 -0.65523895080706007 -0.025326660032869139 -0.048453912330846324 
1 -0.49970109925089395 0.15027251236359992 0.28749511899137459 0.48273637046809509 -0.37823863877982128 -0.7236304281652246 
1 -0.28461390358798749 -0.14101566376651348 -0.26978530136040341 0.17250258033896024 0.40356529881267927 0.77208434049611885 

0.74000000000000044 3 0.0733454
1 0.77769533557981463 -0.0095115723261831459 -0.018197144472397248 -0.6687410574276661 -0.025616471019179934 -0.049008366653090073 
1 -0.49480880094750901 0.14643625959630466 0.28015575979342872 0.49582292417525181 -0.38909944778399996 -0.74440887611880024 
1 -0.28288653463232866 -0.13692468727013479 -0.26195861532103476 0.17291813325241012 0.41471591880316871 0.79341724277192693 

0.75000000000000044 3 0.0740345
1 0.77093922757874822 -0.0097691437450093434 -0.018689919395365993 -0.6825294263745848 -0.025895995724834614 -0.049543141691114512 
1 -0.48978253770424379 0.14248867794170603 0.27260341079981892 0.50954075971013479 -0.40051419454329662 -0.7662470947404445 
1 -0.28115668987453268 -0.13271953419670826 -0.25391349140444786 0.17298866666446255 0.42641019026811966 0.81579023643160586 

0.76000000000000045 3 0.0747294
1 0.76404374492192628 -0.010029453687675926 -0.019187933548217007 -0.69661846550827344 -0.026163949410788444 -0.05005577953562669 
1 -0.48461563528454482 0.13842391881732741 0.26482688274585875 0.52396418615406837 -0.41254637338425265 -0.78926655873421203 
1 -0.27942810963741332 -0.12839446512965938 -0.24563894919763157 0.17265427935420674 0.43871032279503092 0.83932233826988734 

0.77000000000000046 3 0.0754244
1 0.75700580501136294 -0.010292379387151841 -0.019690952058174276 -0.7110235152337766 -0.026418893497266355 -0.050543527955648405 
1 -0.47930061084475689 0.13423544542795052 0.25681366970688307 0.53918111868042695 -0.42527051953953204 -0.81360986580639871 
1 -0.27770519416664191 -0.1239430660408069 -0.23712271764869769 0.17184239655334022 0.4516894130367835 0.86415339376208122 

0.78000000000000047 3 0.0761266
1 0.7498221668892846 -0.010557782839961002 -0.020198710902728487 -0.72576091928341702 -0.026659215759341454 -0.051003302509522924 
1 -0.47382902026412749 0.12991590963812172 0.24854971353584304 0.5552965636538777 -0.43877487114588382 -0.83944582948933844 
1 -0.2759931466251882 -0.11935812679816943 -0.22835100263310942 0.17046435562954548 0.46543408690521043 0.89044913199889597 

0.79000000000000048 3 0.0768206
1 0.74248942083208946 -0.010825508959593831 -0.020710913376821887 -0.74084809999720536 -0.026883107821350023 -0.05143164348816278 
1 -0.46819126510981024 0.12545699825339965 0.24001910977498356 0.57243727336427142 -0.45316487114067039 -0.8669761788241489 
1 -0.27429815572231658 -0.11463148929381319 -0.21930819639815707 0.16841082663291596 0.48004797896201185 0.91840782231234197 

0.80000000000000049 3 0.0775175
1 0.7350039771702862 -0.011095383489929406 -0.021227226100893396 -0.75630363778058451 -0.027088539605310557 -0.051824667030827755 
1 -0.4623763452295826 0.12084923874378554 0.23120373597398314 0.59075806628767391 -0.46856784431888387 -0.89644450631160288 
1 -0.27262763194073442 -0.10975385525386337 -0.20997650987308716 0.16554557149289545 0.49565638392418404 0.94826917334245731 

0.8100000000000005 3 0.0782187
1 0.72736205429546286 -0.011367210646406547 -0.021747274508065722 -0.77214735408297042 -0.027273230371172439 -0.052178009720537953 
1 -0.45637153681077125 0.11608175032487159 0.2220827754687823 0.61045056844201251 -0.48513935044897832 -0.92814842242907314 
1 -0.27099051748470138 -0.10471453967847412 -0.20033550096071318 0.16169678564095599 0.51241258082013863 0.98032643214963289 

0.82000000000000051 3 0.0791347
1 0.71955966582441189 -0.011640770449045034 -0.022270637741791947 -0.78840039673819751 -0.027434615988181265 -0.05248676596900987 
1 -0.45016196624089921 0.11114192008280691 0.21263209775731234 0.63175555665654237 -0.5030719798113491 -0.96245638288883695 
1 -0.26939769958352572 -0.099501149633775252 -0.19036146001552479 0.15664484008162075 0.53050659579951887 1.0149431488579022 

0.83000000000000052 3 0.0803356
1 0.71159260690576143 -0.011915815707956344 -0.022796842888660913 -0.80508532575831582 -0.027569812113224373 -0.052745417570991271 
1 -0.44373003502785735 0.10601497416282639 0.20282343811528344 0.65498080282058146 -0.52260779553291103 -0.99983149279495187 
1 -0.26786257187790069 -0.094099158454885104 -0.18002659522663086 0.1501045229376651 0.55017760764609758 1.0525769103660301 

0.84000000000000052 3 0.0813837
1 0.70345643967813631 -0.012192068619170115 -0.02332535846567552 -0.82222619654839013 -0.027675573051746429 -0.052947754998684732 
1 -0.43705462636518866 0.10068339860380023 0.19262328956087069 0.68052757463239977 -0.54405637402598239 -1.0408660208605185 
1 -0.26640181331293367 -0.088491329984645831 -0.16929793109519839 0.14169862191594448 0.57173194707770225 1.0938137758592177 

0.85000000000000053 3 0.0823298
1 0.6951464779282871 -0.012469216927303399 -0.023855587078824295 -0.83984863580696234 -0.027748246288296655 -0.05308679041148788 
1 -0.43010998210714207 0.095126138921796513 0.18199137153131895 0.70893123662416468 -0.56782171759625166 -1.0863328874892666 
1 -0.26503649582109662 -0.082656921994506402 -0.15813578445250509 0.1309173991827402 0.59556996388446481 1.1394196779008043 

0.86000000000000054 3 0.0832686
1 0.68665777105555315 -0.012746909613278987 -0.024386857173012838 -0.8579799027577677 -0.027783723083159798 -0.05315466313950655 
1 -0.42286406506717911 0.0893174638612039 0.17087845605888935 0.7409257618210201 -0.59444376040227431 -1.1372650722509665 
1 -0.26379370598831647 -0.076570554247932313 -0.14649159888587499 0.11705414093668441 0.62222748348536328 1.1904197353904473 

0.87000000000000055 3 0.0842125
1 0.67798508754323639 -0.013024752072725647 -0.024918413807577623 -0.87664892424419927 -0.027777386296111629 -0.053142539862150326 
1 -0.41527608474063449 0.083225300423869525 0.15922318241780412 0.77755076699271386 -0.62466495402934197 -1.1950830026309811 
1 -0.26270900280252918 -0.0702005483511534 -0.1343047686102278 0.099098157251374483 0.65244234032538417 1.2482255424930966 

0.88000000000000056 3 0.0851517
1 0.66912289828128102 -0.013302300768645681 -0.025449408425982582 -0.89588628555237826 -0.02772405801733006 -0.05304051441775532 
1 -0.40729259619238273 0.076808699293198252 0.14694720807913719 0.8203386314077431 -0.65954228057049291 -1.2618088527970093 
1 -0.26183030208878744 -0.063506398524567007 -0.12149779965314866 0.075547654144542412 0.68726633858770125 1.3148493672146919 

0.89000000000000057 3 0.0863626
1 0.66006536031787333 -0.013579057379681599 -0.025978887660538574 -0.91572414759918075 -0.027617952259740397 -0.052837517296562796 
1 -0.3988410176549449 0.070013791616640092 0.13394747339525281 0.87166342955719645 -0.70064701525364825 -1.3404487211466605 
1 -0.2612243426628158 -0.056434734236983169 -0.10796858573471636 0.044060718041785171 0.72826496751322134 1.3932862384431814 

0.90000000000000058 3 0.0875745
1 0.65080630200152645 -0.013854462540995817 -0.026505781357712477 -0.93619604113700472 -0.027452643193853089 -0.052521254868916657 
1 -0.38981811930926569 0.062766948019873939 0.12008311371033747 0.93544718173294583 -0.75044822835776914 -1.4357263302187531 
1 -0.26098818269210611 -0.048912485478911631 -0.093577332352632561 0.00074885940376902282 0.77790087155136678 1.4882475850876467 

0.91000000000000059 3 0.0887773
1 0.64133921113581471 -0.014127889427015266 -0.027028890300893331 -0.95733645037349524 -0.027221070270622288 -0.052078219186122938 
1 -0.38006772455254206 0.054962283001166914 0.10515155328756332 1.0187523142550177 -0.81312343688405186 -1.5556339317464773 
1 -0.26127148658327554 -0.040834393574181539 -0.078122662986666244 -0.061415863881711767 0.84034450715447939 1.6077121509325389 

0.9200000000000006 3 0.0918343
1 0.63165722900005494 -0.014398637745009431 -0.027546874719147466 -0.97918001735417259 -0.026915626449590686 -0.051493856774834111 
1 -0.36933202250765373 0.046436325874798352 0.088840046811756057 1.1359530111613021 -0.89651377083564254 -1.7151728494433955 
1 -0.26232520649269997 -0.032037688129809373 -0.061293172092564803 -0.15677299380733567 0.92342939728516404 1.7666667062173886 

0.9300000000000006 3 0.0952251
1 0.62175315560592537 -0.01466592944392037 -0.028058246077596286 -1.0017599999750544 -0.026528442009328378 -0.050753111611450435 
1 -0.35712461247671934 0.03690828670764703 0.070611398664284661 1.322428416520449 -1.0178492585494583 -1.9473068567190759 
1 -0.26462854312962369 -0.02224235726374215 -0.042553152586666851 -0.3206684165444037 1.0443777005592618 1.998059968329956 

0.94000000000000061 3 0.12084
1 0.61161947764862856 -0.014928909450520389 -0.02856136848568434 -1.0251050097526251 -0.026052203977115999 -0.049841992820771161 
1 -0.34228326968482742 0.025799941414966589 0.049359374581627917 1.7012578861597756 -1.2268810874735285 -2.3472178556395535 
1 -0.26933620796447932 -0.010871031964476677 -0.020798006095944906 -0.67615287640531119 1.2529332914501981 2.3970598484615411 

0.95000000000000062 3 0.235456
1 0.601248450267859 -0.015186662582965117 -0.029054491055604984 -1.0492303108593155 -0.025483180531474376 -0.048753360837172299 
1 -0.31971942720658386 0.011346947844233504 0.021708508557917314 3.4158533450462154 -1.7832394905403581 -3.4116196066779239 
1 -0.28152902306238275 0.0038397147387333368 0.0073459824976523855 -2.3666230341887595 1.8087226710708113 3.4603729675052848 

0.96000000000000063 3 4.00305
1 0.59063224655557578 -0.015438324125451023 -0.029535959448968113 -1.074154794571424 -0.024838060978946468 -0.047519144947845419 
1 -0.27576511991824898 0.018709364228682163 0.03579397729207396 1.5457317550288232 1.7783282729551539 3.4022236695155241 
1 -0.31486712663839955 -0.0032710401032418376 -0.0062580178436187333 -0.47157696046317188 -1.7534902119640619 -3.3547045245940903 

0.97000000000000064 3 4.03412
1 0.5797625149268425 -0.015683146408869381 -0.030004343256459065 -1.0999291138579956 -0.024112234273264317 -0.0461305234908111 
1 -0.26464268308881361 0.033463184214104963 0.064020371897232489 0.87706156344388242 1.2721527048711545 2.4338296306546807 
1 -0.31511983183841319 -0.017780037805097088 -0.034016028641495909 0.22286755040418002 -1.2480404705876089 -2.3876991071785056 

0.98000000000000065 3 4.05566
1 0.56863092024157735 -0.015920290018110291 -0.030458036543956599 -1.1265277891611849 -0.023302721236275113 -0.044581796825976579 
1 -0.25682756593251599 0.045038224099219482 0.086165256658789532 0.71278022608775338 1.0642147497723222 2.0360113856252822 
1 -0.31180335430958173 -0.029117934080899775 -0.055707220115630132 0.41374756306349048 -1.040912028526231 -1.9914295888134637 

0.99000000000000066 3 4.05906
1 0.5572291644220424 -0.016148927748907874 -0.030895456738694427 -1.153965325907919 -0.022411252690191435 -0.042876276290685023 
1 -0.25008733635254532 0.055014103109634831 0.10525069336327134 0.64387435874052379 0.93952874281794507 1.7974673043277918 
1 -0.30714182806994428 -0.038865175360390969 -0.07435523662553431 0.51009096715790747 -0.91711749011895372 -1.7545910280510313 

1.0000000000000007 3 4.0621
1 0.54554872007209498 -0.016368244612644026 -0.031315044638349027 -1.1822712407936355 -0.0214386310755969 -0.041015497080843698 
1 -0.24383557833545189 0.06395139222689622 0.12234914309184931 0.61033990160657492 0.8523792217367917 1.6307364662030475 
1 -0.30171314173725428 -0.047583147613833719 -0.091034098454584683 0.57193133917773353 -0.83094059065235881 -1.5897209691358789 

1.0100000000000007 3 4.0633
1 0.5335807179223504 -0.016577430961158202 -0.031715251257711387 -1.2114838872192131 -0.020385180634739826 -0.039000079523259117 
1 -0.23782405513949328 0.072130247930857636 0.13799658956653815 0.59404970435722027 0.78605519365024623 1.5038480948901989 
1 -0.29575666278356683 -0.055552816969208801 -0.10628133831006191 0.61743418285273155 -0.76567001300666415 -1.4648480153806094 

1.0200000000000007 3 4.06451
1 0.52131586968350185 -0.016775679244172028 -0.032094531625211108 -1.2416485320055684 -0.019251036950839111 -0.036830283010112701 
1 -0.23192217232259618 0.079715461194973344 0.15250830402206553 0.58759615036028712 0.73272948902144941 1.4018275752585752 
1 -0.28939369736165343 -0.062939781950210827 -0.12041377239823109 0.65405238163606372 -0.71347845206160521 -1.3649972922620501 

1.0300000000000007 3 4.06572
1 0.5087444030442817 -0.016962183255002532 -0.032451343339774598 -1.2728166468744104 -0.018036367603802513 -0.034506428148307795 
1 -0.22605151442208507 0.086813826615406417 0.16608860143704121 0.58737828990320917 0.68815358123322401 1.3165468029320211 
1 -0.28269288862293007 -0.069851643359740034 -0.13363725809882304 0.68543835696213229 -0.67011721362067056 -1.2820403747973048 

1.0400000000000007 3 4.06666
1 0.49585600098725102 -0.017136139481432108 -0.032784149155231972 -1.3050456889048976 -0.01674157911388427 -0.032029292675469431 
1 -0.22016044255449904 0.093499112433813272 0.17887861214241937 0.59143484215535547 0.64978028533222132 1.2431326096258846 
1 -0.27569555843357824 -0.076362972951632427 -0.1460944629888779 0.71361084674055097 -0.63303870620956304 -1.2111033169639536 

1.0500000000000007 3 4.0676
1 0.48263974200493093 -0.017296750595164112 -0.033091423656260555 -1.3383991133088047 -0.015367542129043484 -0.029400542279069679 
1 -0.21421247297414872 0.099824577818592025 0.19098022936345513 0.59860854469340596 0.61596739351599872 1.1784431916921805 
1 -0.26842726903170283 -0.082527827222593123 -0.15788880570902675 0.73979056860642955 -0.60059985137823457 -1.1490426494266446 

1.0600000000000007 3 4.06854
1 0.46908403954552991 -0.017443231387579763 -0.033371664614402961 -1.3729465002465684 -0.013915859414926972 -0.026623243303658436 
1 -0.20818032223560698 0.10582989351632038 0.2024693495221635 0.60817510928731588 0.58559481911062716 1.1203356459042355 
1 -0.26090371731092565 -0.088386662127819288 -0.16909768490973243 0.76477139095029678 -0.57167895968695293 -1.093712402614115 

1.0700000000000007 3 4.06946
1 0.45517657992782884 -0.017574817699679258 -0.033623410072444043 -1.4087637240376294 -0.012389200976988276 -0.023702503892598308 
1 -0.20204259110393524 0.11154525341603039 0.21340373831088386 0.61966051833998825 0.55786270055215259 1.0672797103940743 
1 -0.25313398882498495 -0.093970435715345565 -0.17978032824055304 0.78910320568865588 -0.54547349956639313 -1.0435772065149591 

1.0800000000000007 3 4.07039
1 0.44090425859853405 -0.017690779153975461 -0.033845262702564917 -1.4459331056057725 -0.010791734534671074 -0.020646297553343362 
1 -0.19578179698325207 0.1169939540389342 0.22382796566482077 0.6327435538710261 0.5321770121154602 1.0181389198570272 
1 -0.24512246161646495 -0.099303174883864101 -0.18998270296449576 0.81318955172577445 -0.52138527757203301 -0.99749262231714042 

1.0900000000000007 3 4.07134
1 0.42625311521048842 -0.017790436811628379 -0.034035923587227158 -1.4845434840340854 -0.0091296867741692527 -0.017466536922876943 
1 -0.18938314798118761 0.12219408197289061 0.23377663409141847 0.64720028470960522 0.50808089161922299 0.97203922457409841 
1 -0.23686996723056744 -0.10440364516008202 -0.19974071050656883 0.83734319931553158 -0.4989512048362667 -0.95457268766471204 

1.1000000000000008 3 4.07204
1 0.41120826872147076 -0.017873187282621418 -0.034194238345746045 -1.5246901250076366 -0.0074120814815566028 -0.014180485933310363 
1 -0.18283375063321194 0.12715965338070989 0.24327655873027254 0.66287060396602115 0.48521137178972334 0.92828621065760319 
1 -0.22837451808961917 -0.10928646609682083 -0.2090823203870342 0.86181952103268167 -0.47779929029937168 -0.91410572473775653 

1.1100000000000008 3 4.07273
1 0.39575385468228236 -0.017938535348022134 -0.034319259545865365 -1.5664743519489519 -0.0056517154686911691 -0.010812626912717765 
1 -0.17612208558178338 0.13190140137362175 0.25234827372325991 0.67963694425290466 0.4632709559147925 0.88631071977426878 
1 -0.2196317691019509 -0.11396286602424427 -0.2180290141800387 0.88683740768709884 -0.45761924043730273 -0.87549809287502678 

1.1200000000000008 3 4.07343
1 0.37987296825666544 -0.017986137857517279 -0.034410330686681048 -1.6100027358805094 -0.0038664531556147639 -0.0073971373263279558 
1 -0.16923765816757155 0.13642732793966222 0.26100708814099899 0.69740994656064814 0.44200823876002265 0.84563177388865052 
1 -0.21063531009062753 -0.11844119008070367 -0.22659675745709101 0.91259278931091203 -0.43814178559561645 -0.83823463657578878 

1.1300000000000008 3 4.07412
1 0.36354761850319622 -0.01801586259967718 -0.034467198826786477 -1.655385605541855 -0.0020809469655261345 -0.0039811811646149374 
1 -0.16217077040791777 0.1407430927494113 0.26926382982977731 0.71611814521587636 0.42120424187212868 0.80583043253386244 
1 -0.2013768480969044 -0.12272723014820644 -0.23479663100589815 0.93926746031700514 -0.41912329489781397 -0.80184925138271523 

1.1400000000000008 3 4.07482
1 0.34675870234832917 -0.018027867076190467 -0.034490165291861302 -1.7027345294624749 -0.00032892444399809163 -0.00062928456463461015 
1 -0.15491238369782503 0.14485228524829372 0.27712536596725607 0.73569990887432846 0.40066248256225928 0.76653079320373219 
1 -0.1918463186522226 -0.12682441817048556 -0.24263520067843999 0.96703462057917222 -0.4003335581094708 -0.76590150865254747 

1.1500000000000008 3 4.07552
1 0.32948601091476742 -0.018022703722276288 -0.03448028697798413 -1.7521582612382967 0.0013437753430363762 0.0025708550796683968 
1 -0.14745405572032969 0.14875661086603181 0.284594959310636 0.75609650286785202 0.3802015741893871 0.72738583452270367 
1 -0.18203195519624329 -0.1307339071420506 -0.25011467233583384 0.9960617583614586 -0.38154534952363012 -0.72995668961581206 

1.1600000000000008 3 4.07622
1 0.31170828704824827 -0.018001460176953737 -0.034439644710878778 -1.8037564069221754 0.0028751856792211482 0.0055006856245041619 
1 -0.13978794454282784 0.1524560127123101 0.29167250101972908 0.77724547531349231 0.35964963195504429 0.68806671364512884 
1 -0.17192034250732041 -0.13445455253356459 -0.25723285631216952 1.0265109315996852 -0.36252481762547284 -0.6935673992830852 

1.1700000000000008 3 4.07692
1 0.29340336186070676 -0.017965945754749274 -0.034371699995825712 -1.8576097413292609 0.004181938220177971 0.0080007102217040851 
1 -0.13190687984437652 0.15594874454771965 0.29835465026194913 0.79907375278976445 0.33884007534933858 0.64825473566959491 
1 -0.16149648201832376 -0.13798279879109365 -0.26398295026957669 1.0585359885304786 -0.3430220135607262 -0.65625544590474727 

1.1800000000000008 3 4.07761
1 0.27454841103934868 -0.017918938230007349 -0.034281767155141092 -1.9137656352254477 0.0051524224961105886 0.0098574003636803745 
1 -0.12380450678551244 0.15923140795981067 0.30463490533597676 0.82148993884022292 0.31760865572295288 0.60763566691332271 
1 -0.15074390425592049 -0.1413124697278387 -0.27035313818442508 1.0922756963762386 -0.32276107821027622 -0.61749306729045972 

1.1900000000000008 3 4.07854
1 0.25512039004512066 -0.017864508080868723 -0.034177633658265753 -1.9722164278385865 0.0056380942968253444 0.010786567447239838 
1 -0.11547551266311823 0.16229896600132354 0.3105036297638496 0.8443753972804412 0.29579174377222478 0.56589645859992055 
1 -0.13964487738417841 -0.14443445791840109 -0.27632599610930542 1.1278410305491937 -0.30142983806027329 -0.57668302606060484 

1.2000000000000008 3 4.07947
1 0.23509673282329155 -0.017808439567560262 -0.034070365711222711 -2.0328677856027011 0.0054428031435938273 0.010412944536749694 
1 -0.10691595009056952 0.16514474691543762 0.31594805941800586 0.86757383115465581 0.27322611733746605 0.52272484088376137 
1 -0.12818078273499331 -0.14733630734573591 -0.28187769371062665 1.165293954439039 -0.27866892047230696 -0.53313778543399881 

1.2100000000000009 3 4.0804
1 0.21445643263455974 -0.017758767487867234 -0.033975335154874366 -2.0954932101449533 0.0043104373106139984 0.008246549333193659 
1 -0.098123672240082338 0.16776045506185028 0.32095232342453167 0.89087931477758253 0.24975070941062033 0.47781266706585329 
1 -0.11633276039684182 -0.15000168757176305 -0.28697698827361712 1.20461389535842 -0.25406114671247515 -0.48605921641256294 

1.2200000000000009 3 4.08146
1 0.1931816657199226 -0.017726441302256458 -0.033913490041465981 -2.1596701900155568 0.0019121313776670405 0.0036582101961026175 
1 -0.089098893987213573 0.17013621188847999 0.32549752254852854 0.9140232094917119 0.2252110009891474 0.43086431781886791 
1 -0.10408277173515595 -0.15240977058391991 -0.29158403251115889 1.2456469805150381 -0.22712313235804901 -0.43452252802847874 

1.2300000000000009 3 4.0836
1 0.17126016340553829 -0.017726107629700227 -0.033912851673089245 -2.2246937840743768 -0.0021638868377449778 -0.0041398582834858691 
1 -0.079844884660263335 0.17226065760967352 0.32956192372069754 0.93666123357528586 0.19946692199616906 0.38161181689891499 
1 -0.091415278747812967 -0.15453454997757166 -0.29564907205182012 1.2880325504904384 -0.1973030351496658 -0.3774719586289389 

1.2400000000000009 3 4.08564
1 0.14868856917048875 -0.017776956899600956 -0.034010134380908372 -2.2894662924995215 -0.0084135977675767384 -0.016096545234156524 
1 -0.070368779145731905 0.17412115313669907 0.33312134636226881 0.95836329691183419 0.17240512922909382 0.32983832080610753 
1 -0.078319790027372466 -0.15634419623461623 -0.29911121198572793 1.3311029955791174 -0.16399153145275677 -0.31374177558548172 

1.2500000000000009 3 4.08768
1 0.12547699502609369 -0.017903496040552653 -0.034252223801173168 -2.352370027309719 -0.017398866949383168 -0.033286788427552817 
1 -0.060682459108591769 0.17570412894805398 0.33614982982925534 0.97861055851865464 0.14395612620552642 0.27541087176154189 
1 -0.06479453592019381 -0.15780063290493948 -0.3018976060325802 1.3737594687824941 -0.12655725924737954 -0.24212408334750588 

1.2600000000000009 3 4.08971
1 0.10165484160397732 -0.01813597614808863 -0.034696995071346978 -2.4111480914829393 -0.029693844933143702 -0.056809028810012034 
1 -0.050803401398642548 0.17699562723540035 0.33862067062341156 0.99680614226905784 0.11411553372017375 0.21832109165183608 
1 -0.050851440208114343 -0.15885965108465816 -0.30392367555669364 1.414341949205361 -0.08442168877826009 -0.16151206285533531 

1.2700000000000009 3 4.09124
1 0.077277556546732545 -0.018510035766429036 -0.035412630371596213 -2.462848168437624 -0.045779256050901135 -0.087582968174428302 
1 -0.040755319932372608 0.1779820666279629 0.3405078854311504 1.01230691681976 0.082966609422586379 0.15872826554840874 
1 -0.036522236617227019 -0.1594720308587792 -0.30509525506430479 1.4505412516093148 -0.037187353362920103 -0.071145297387485845 

1.2800000000000009 3 4.09217
1 0.05243327400850329 -0.019064991657722852 -0.036474348895603727 -2.5039201369207378 -0.065878527681145951 -0.12603605848627161 
1 -0.030568360272689145 0.17865121466390937 0.34178807161542968 1.0244816205348748 0.050698001864202306 0.096993308011679602 
1 -0.021864913738763699 -0.15958622300333983 -0.30531372272472379 1.4794385163773847 0.015180525825709081 0.029042750461088954 

1.2900000000000009 3 4.09311
1 0.027247265002418981 -0.019840289079639035 -0.037957615669334401 -2.5305717288964167 -0.08976182706134761 -0.17172859326576384 
1 -0.020278585752812283 0.17899327802106127 0.34244249299968654 1.0327931071193999 0.017607964165202189 0.033686824503182979 
1 -0.006968679252639211 -0.15915298893849064 -0.30448487733536905 1.4977786217684756 0.072153862904915947 0.1380417687490825 

1.3000000000000009 3 4.09405
1 0.0018813058470784655 -0.020870128949459658 -0.039927862464904873 -2.5394255571198432 -0.11659428003755751 -0.22306332601406498 
1 -0.0099265772938729093 0.17900193006197626 0.34245904572433905 1.0368896515198336 -0.015913532563536833 -0.03044510847138835 
1 0.0080452714436769265 -0.1581318011094843 -0.30253118326459361 1.5025359055915086 0.13250781260986466 0.25350843447196492 

1.3100000000000009 3 4.09497
1 -0.02347460105917952 -0.022177256946164695 -0.042428605369066889 -2.5283524473299548 -0.14493807412615026 -0.27728949370352296 
1 0.0004448134091129363 0.17867503353402925 0.34183364088658302 1.0366777383300005 -0.049427536941433647 -0.094562707392040091 
1 0.023029787646863246 -0.15649777658474645 -0.29940503552282738 1.491674708991344 0.19436561107636144 0.37185220108209027 

1.320000000000001 3 4.09593
1 -0.048618416932432983 -0.023767875156740659 -0.045471709956622086 -2.497154179481718 -0.17297782280777196 -0.33093397436923988 
1 0.01079322036575954 0.17801483994166287 0.34057058597106266 1.0323471461380502 -0.082505763077582187 -0.15784659350992225 
1 0.03782519656338551 -0.15424696478172059 -0.29509887601991752 1.4648070333351959 0.25548358589414022 0.48878056786568375 

1.330000000000001 3 4.09703
1 -0.073356743741320243 -0.025629752114246326 -0.049033775493873104 -2.4477295111742112 -0.19891335523409126 -0.38055275603507172 
1 0.021079466679808621 0.17702757844069719 0.33868179833954953 1.0243351912631571 -0.1147897350602823 -0.21961094562413494 
1 0.05227727705813949 -0.1513978263231692 -0.28964802285132524 1.4233943199025079 0.31370309030316013 0.60016370164574184 

1.340000000000001 3 4.09876
1 -0.097523916817049555 -0.027734394803377665 -0.053060290329310825 -2.383602875802314 -0.22134604307620617 -0.42347004116805703 
1 0.031269650819236869 0.1757225337932812 0.3361850412127107 1.013243311870295 -0.14603136200854969 -0.27938112658233183 
1 0.06625426599435999 -0.14798813898654062 -0.28312475088917205 1.3703595639234711 0.36737740509355737 0.7028511677369117 

1.350000000000001 3 4.10209
1 -0.12099408610475808 -0.030042309091101248 -0.057475695930651854 -2.3090570954162155 -0.23949029594462631 -0.45818287091724486 
1 0.041336289610026611 0.17411085320776382 0.33310164096582801 0.99973764421379185 -0.17610620966317039 -0.33691907393648834 
1 0.079657796491191576 -0.14406854411321718 -0.275625945041095 1.3093194511938695 0.41559650561661904 0.79510194484024499 

1.360000000000001 3 4.10303
1 -0.1436843559765269 -0.032509250340029099 -0.062195345298317037 -2.228277035498655 -0.25316450958767239 -0.48434380758345996 
1 0.051258520450840325 0.17220434649440719 0.32945419163654793 0.98446441321097922 -0.20500297812132656 -0.39220316918263398 
1 0.092425835522053329 -0.13969509615083686 -0.26725884634429048 1.2438126222790706 0.45816748771782212 0.87654697675260596 

1.370000000000001 3 4.10397
1 -0.16555069739782241 -0.035091561104323252 -0.06713571482316838 -2.1447880103005712 -0.26263557479551886 -0.50246345552321514 
1 0.061021605113828488 0.17001446700669773 0.3252646053043019 0.96799603440645432 -0.23279982827477944 -0.44538294648723931 
1 0.104529092280273 -0.13492290589874212 -0.25812889048733201 1.1767919758855181 0.49543540307912143 0.94784640199699088 

1.380000000000001 3 4.10489
1 -0.18658001773870636 -0.037749678418953929 -0.072221114286416088 -2.0612409701843935 -0.26842446666691844 -0.51353852262187782 
1 0.07061605328199913 0.16755154933064906 0.3205526536691134 0.95080799052758813 -0.25963820711779001 -0.49672901635521416 
1 0.11596396445290329 -0.1298018709079701 -0.24833153938900182 1.1104329796481442 0.52806267379354543 1.010267538963646 

1.390000000000001 3 4.10583
1 -0.20678143311141023 -0.040449824606864762 -0.077386921641541706 -1.9794458078342192 -0.27114502052712092 -0.51874337308679841 
1 0.080036634566537895 0.164824291312404 0.31533497708833524 0.93327794397808839 -0.2857008977560675 -0.54659107182024236 
1 0.12674479854097864 -0.12437446670171406 -0.23794805545323558 1.0461678638473892 0.55684591829204255 1.0653344448935891 

1.400000000000001 3 4.10677
1 -0.22617856872963654 -0.043164366516206587 -0.082580270292015631 -1.9005242444000308 -0.27139956766621942 -0.519230362083973 
1 0.089281451014450619 0.16183942224357056 0.30962444976277881 0.9156972210362091 -0.311196903849698 -0.59536896998968547 
1 0.13689711771120283 -0.11867505572345599 -0.22704417947733679 0.984827023355063 0.58259647152473659 1.1145993320602074 

1.410000000000001 3 4.1077
1 -0.24480357886808979 -0.045871395590307201 -0.087759245698669802 -1.8250894458774465 -0.26972510369851682 -0.51602684728251558 
1 0.0983511538573867 0.15860148725112755 0.30342976724024845 0.89828719753636366 -0.33635320763007609 -0.64349696382577992 
1 0.14645242500663533 -0.1127300916568203 -0.21567052154828095 0.9268022483322863 0.60607831133742474 1.1595238110949071 

1.420000000000001 3 4.10863
1 -0.26269288401982088 -0.048553955462981489 -0.092891407647120353 -1.7534051633941377 -0.26657384244073523 -0.50999798534351293 
1 0.10724832920628949 0.1551126836225846 0.29675513327978609 0.88121620091182817 -0.36141244411385842 -0.69143925254828853 
1 0.15544455480938266 -0.10655872815551183 -0.20386372563951408 0.8721889624735073 0.62798628656338906 1.2014372378783895 

1.430000000000001 3 4.10983
1 -0.27988432418225528 -0.051199183035497753 -0.097952146992013725 -1.6855090098792294 -0.26231322831950504 -0.50184675565755765 
1 0.11597704635228777 0.15137269494642094 0.28959994253608418 0.86461495036906255 -0.38663553649879506 -0.73969502356415751 
1 0.16390727782571599 -0.1001735119067482 -0.19164779555105463 0.8208940595012586 0.6489487648270662 1.2415417792082664 

1.4400000000000011 3 4.11172
1 -0.29641536533483176 -0.053797501902595024 -0.1029231425531984 -1.6213006713127955 -0.25723506161805593 -0.49213141838704455 
1 0.12454255076626966 0.14737847627214506 0.28195836953650089 0.84859006331311326 -0.41230883750544967 -0.78881211498543646 
1 0.17187281456421755 -0.093580974365289948 -0.17903522699042299 0.77271060799074731 0.66954389913226253 1.2809435333589794 

1.4500000000000011 3 4.11266
1 -0.31232203988703161 -0.056341925867355272 -0.10779102862938165 -1.5606017720216427 -0.25156766889409188 -0.48128879840325534 
1 0.13295108379896545 0.14312394444849721 0.2738187762491352 0.83323599775597423 -0.43875607694379232 -0.8394098732167139 
1 0.17937095608362597 -0.086782018576795045 -0.16602774762701181 0.72736577425677595 0.69032374584662759 1.3206986716064799 

1.4600000000000011 3 4.1136
1 -0.32763837573702631 -0.058827485580587195 -0.11254629806841476 -1.5031949177938191 -0.24548801919894545 -0.46965746553296722 
1 0.14120981740518537 0.13859952001257572 0.265162835644076 0.81864629134069644 -0.46635642612591788 -0.89221371303798946 
1 0.18642855832733368 -0.079772034427555594 -0.15261653758305554 0.68454862644427172 0.71184444533362112 1.3618711785574478 

1.4700000000000011 3 4.11454
1 -0.34239613884769188 -0.061250770022173391 -0.1171824250485201 -1.4488482858185499 -0.23913245146494763 -0.45749825774947728 
1 0.14932690286921296 0.13379144702417378 0.25596423042881095 0.80492537676214948 -0.49557147501464199 -0.94810672916288885 
1 0.19306923597388959 -0.072540676997486148 -0.13878180538782089 0.64392290904761662 0.73470392648835114 1.4056049868988298 

1.4800000000000011 3 4.11548
1 -0.35662477003658422 -0.063609566418686453 -0.12169517618363294 -1.3973305484856622 -0.23260561625727996 -0.44501138816043179 
1 0.15731164811196524 0.12868077802555261 0.24618671111544133 0.79220287433994863 -0.52698640440279243 -1.00820846513952 
1 0.19931312191992331 -0.06507121160226749 -0.12449153493947529 0.6051276741369116 0.75959202066885978 1.4532198532864324 

1.4900000000000011 3 4.11642
1 -0.37035143724156272 -0.065902580749693268 -0.12608207580768949 -1.3484195067014919 -0.22598768035225486 -0.43235022850717886 
1 0.1651748625099915 0.12324183787318302 0.235781157087496 0.7806534767589548 -0.56137526661421777 -1.073999805671628 
1 0.20517657472679426 -0.057339257118798184 -0.10969908128759606 0.56776602993376224 0.78736294697528852 1.5063500341652505 

1.5000000000000011 3 4.11735
1 -0.38360115258263427 -0.068129222528699157 -0.13034199422650056 -1.3019067249070773 -0.2193400215225772 -0.41963220419099534 
1 0.17292945061921863 0.11743983983855551 0.22468101582319805 0.77052814260494018 -0.5998096881155256 -1.147530941933103 
1 0.21067170195855364 -0.049310617305075702 -0.094339021604628481 0.531378582293348 0.81914970964694367 1.5671631461104953 

1.5100000000000011 3 4.11828
1 -0.3963969223708157 -0.070289440126482208 -0.13447483266519319 -1.2575996888978138 -0.21270968814144117 -0.40694732620218299 
1 0.18059141887332214 0.11122704482143334 0.21279495486203798 0.76220825829958727 -0.64385102572270936 -1.2317889968283979 
1 0.21580550349251512 -0.040937604690083167 -0.078320122204924569 0.49539143058942009 0.85656071387299404 1.6387363230169598 

1.5200000000000011 3 4.11948
1 -0.40875991063090389 -0.072383595627464159 -0.13848128384858763 -1.2153224838679357 -0.20613288807892705 -0.39436486593143566 
1 0.18818163811655367 0.10453624190393669 0.19999438907203085 0.75630917809194587 -0.69591613813569619 -1.3313978038755812 
1 0.22057827250931553 -0.032152646271527148 -0.061513105231689763 0.45901330576765365 0.90204902622334826 1.7257626697934292 

1.5300000000000011 3 4.12069
1 -0.42070960484429487 -0.074412370719187923 -0.14236265195297479 -1.1749156489421475 -0.1996377435734257 -0.38193862567539488 
1 0.19572913766955288 0.097268863895146954 0.18609074380411852 0.75390056706380826 -0.76004316681502826 -1.4540829673219791 
1 0.22498046716967479 -0.02285649317091391 -0.043728091859549408 0.42101508187011899 0.95968091039723646 1.8360215929834072 

1.5400000000000011 3 4.12224
1 -0.43226397805338396 -0.076376697359586743 -0.14612071996128523 -1.1362356592456624 -0.1932465270143234 -0.36971121604266755 
1 0.20327791095333828 0.089271061861664294 0.17078968167935205 0.75704434381195884 -0.8437156539225662 -1.6141616886980712 
1 0.22898606709459696 -0.012894364496996678 -0.02466896172659969 0.3791913154255987 1.0369621809451006 1.9838729047268633 

1.5500000000000012 3 4.1246
1 -0.44343964545132036 -0.078277709122120578 -0.14975765657942916 -1.0991544028755365 -0.1869776024925357 -0.35771777044802894 
1 0.21090327226120606 0.080277996735073173 0.15358452361005318 0.77039476816933306 -0.96310964619669726 -1.8425813076685729 
1 0.23253637318459394 -0.0020002876078000741 -0.0038268670392257583 0.32875963469864078 1.1500872486976024 2.2002990781021197 

1.5600000000000012 3 4.12682
1 -0.45425201755797245 -0.080116711784253544 -0.15327595996682813 -1.0635591283102863 -0.18084741105858498 -0.3459897432256781 
1 0.21876227224364173 0.069749529630065393 0.13344189835147174 0.80780276867740786 -1.1637253201153221 -2.2263908689658232 
1 0.23548974530848854 0.010367182159447123 0.019834061606078465 0.2557563596225309 1.344572731180935 2.5723806121773767 

1.5700000000000012 3 4.16869
1 -0.46471545978145967 -0.081895177278667422 -0.15667844616339105 -1.0293541810779336 -0.17487344691058515 -0.33456060354706668 
1 0.22735677324167208 0.05607753778224378 0.10728521233290282 0.9497900417954005 -1.6837840831229725 -3.2213456587712557 
1 0.2373586865338726 0.025817639501802863 0.049393233821154688 0.079564139270792408 1.8586575300416974 3.5559062623085178 

