0 3 0
1 1 0 0 0 0 0 
1 -0.51859269694015875 -0.15181017136300295 0.46325516891092822 0 0 0 
1 -0.48140730305984125 0.15181017136300295 -0.46325516891092822 0 0 0 

0.01 3 0.0020709
1 0.99996175700030443 1.3018063840349709e-07 -3.9725173281269193e-07 -0.0076487274736746977 2.6035948339398537e-05 -7.9449799294963107e-05 
1 -0.51857197971502755 -0.15179195600651887 0.46319958397897709 0.004143525881636384 0.0036432036748026749 -0.011117390347396269 
1 -0.4813897772852761 0.15179182582588002 -0.4631991867272432 0.0035052015920382907 -0.0036692396231420687 0.011196840146691254 

0.02 3 0.00322485
1 0.99984702034832029 5.2071178769408308e-07 -1.5889740785901259e-06 -0.015298985664294015 5.2069742581802966e-05 -0.0001588930252716948 
1 -0.51850982318758798 -0.15173730199236993 0.46303280493954702 0.008288022292360064 0.0072879966255380256 -0.022239630437626199 
1 -0.48133719716072881 0.15173678128058277 -0.46303121596546676 0.0070109633719339258 -0.0073400663681198334 0.022398523462897973 

0.029999999999999999 3 0.00436187
1 0.99965576707714188 1.1715610952229903e-06 -3.575068311854e-06 -0.022952306927692682 7.8099217642666746e-05 -0.00023832307108297444 
1 -0.51840621279452204 -0.15164618546624278 0.46275475900018415 0.012434461196488594 0.010935972176173198 -0.033371582366272204 
1 -0.48124955428261751 0.15164501390514992 -0.46275118393187337 0.010517845731204175 -0.011014071393815876 0.033609905437355182 

0.040000000000000001 3 0.00552297
1 0.99938795888127907 2.0826744566008658e-06 -6.3553693307681205e-06 -0.030610226901540763 0.00010412218641187913 -0.00031773326266965675 
1 -0.51826112423969184 -0.15151856660338897 0.46236532463398294 0.016583817434975542 0.014588731772058369 -0.044518133011660833 
1 -0.48112683464158484 0.1515164839289351 -0.46235896926465569 0.014026409466565219 -0.014692853958470297 0.044835866274330283 

0.050000000000000003 3 0.00672102
1 0.99904354207557589 3.2539757398518427e-06 -9.9296448153830929e-06 -0.038274286156414594 0.00013013642861458506 -0.00039711682476897131 
1 -0.51807452345811567 -0.15135438950684088 0.46186433126898269 0.020737070179225985 0.018247889104194122 -0.055684206620239908 
1 -0.48096901861745667 0.15135113553110374 -0.46185440162417052 0.017537215977188665 -0.018378025532808821 0.05608132344500822 

0.060000000000000005 3 0.00781488
1 0.99862244753757812 4.6853663974559231e-06 -1.4297594043766853e-05 -0.045946031859102725 0.00015613967951936774 -0.00047646684645705705 
1 -0.51784636656531746 -0.1511535820640294 0.46125155885061914 0.024895204403672645 0.021915074310610502 -0.066874777627263432 
1 -0.48077608097225499 0.15114889669763407 -0.4612372612565771 0.02105082745543017 -0.022071213990129925 0.067351244473719929 

0.070000000000000007 3 0.00941181
1 0.99812459063319781 6.3767249644920717e-06 -1.9458846360567387e-05 -0.053627019452301243 0.00018212961844140966 -0.00055577624606588719 
1 -0.51757659979183734 -0.15091605576087674 0.46052673727443988 0.029059212383642823 0.025591938281943723 -0.078094883795443035 
1 -0.48054799084135685 0.15090967903591576 -0.46050727842807904 0.024567807068658538 -0.025774067900385098 0.078650660041508405 

0.080000000000000002 3 0.0105069
1 0.99754987112546489 8.3279064405646855e-06 -2.5412959290935119e-05 -0.061318814354928412 0.00020810385698689229 -0.00063503773531053335 
1 -0.51726515940259343 -0.15064170545221156 0.45968954568549208 0.033230095225287984 0.029280157099515924 -0.089349639757936153 
1 -0.48028471172286885 0.15063337754577438 -0.45966413272620221 0.028088719129640359 -0.029488260956502772 0.089984677493246137 

0.089999999999999997 3 0.0118728
1 0.99689817306615813 1.0538741552649936e-05 -3.2159416291066982e-05 -0.069022993687373455 0.0002340599269831581 -0.00071424378245758542 
1 -0.51691197160077507 -0.15033040908699918 0.45873961163987981 0.037408864434662036 0.03298143663578857 -0.10064425105682281 
1 -0.47998620146538379 0.15031987034544972 -0.45870745222359049 0.031614129252711454 -0.033215496562771528 0.10135849483928006 

0.099999999999999992 3 0.0130157
1 0.99616936467005313 1.3009035895434288e-05 -3.9697624124912663e-05 -0.076741148026100048 0.0002599952680372138 -0.00079338657435937038 
1 -0.51651695241579187 -0.14998202738663785 0.457676510123049 0.041596543533413327 0.036697517348996012 -0.11198402877413557 
1 -0.47965241225426325 0.14996901835074589 -0.45763681249892763 0.035144604492686596 -0.036957512617033138 0.11277741534849424 

0.10999999999999999 3 0.0141058
1 0.99536329817143909 1.5738568945130297e-05 -4.8026909854793833e-05 -0.084474883192151365 0.00028590721466255586 -0.00087245797717089768 
1 -0.51608000757483241 -0.14959640347419118 0.45649976241838292 0.045794169729030103 0.040430179306126718 -0.12337440485969549 
1 -0.47928329059661101 0.14958066490524977 -0.45645173550853069 0.038680713463120991 -0.040716086520789174 0.12424686283686626 

0.11999999999999998 3 0.0153387
1 0.99447980966257865 1.8727092942142937e-05 -5.7146517431810443e-05 -0.092225822078250239 0.00031179298291156911 -0.00095144949555808647 
1 -0.51560103235737986 -0.14917336245209542 0.45520883481855273 0.05000279564812557 0.044181247471222311 -0.1348209482685867 
1 -0.47887877730520156 0.14915463535915716 -0.45515168830112612 0.04222302643012435 -0.044493040454133846 0.13577239776414432 

0.12999999999999998 3 0.0164948
1 0.99351871891367505 2.1974331637313104e-05 -6.7055603869950735e-05 -0.099995606519351188 0.00033764965644737062 -0.001030352230195386 
1 -0.51507991143207477 -0.14871271092548957 0.4538031371709555 0.054223491141907471 0.047952597299301673 -0.14632938203124621 
1 -0.47843880748160195 0.14869073659385709 -0.45373608156708872 0.045772115377443023 -0.048290246955749308 0.14735973426144131 

0.13999999999999999 3 0.0175877
1 0.99247982917389088 2.5479978895787913e-05 -7.7753234985742601e-05 -0.10778589921169189 0.00036347417198525549 -0.0011091568333397581 
1 -0.51451651867508841 -0.14821423646790371 0.45228202124721023 0.058457345173744027 0.051746160680117323 -0.15790560139109311 
1 -0.47796331049880431 0.14818875648901245 -0.45220426801222835 0.049328554037947552 -0.052109634852102946 0.15901475822443265 

0.14999999999999999 3 0.0186877
1 0.99136292695292916 2.9243697151846042e-05 -8.9238380683087079e-05 -0.11559838568560371 0.00038926330402963831 -0.0011878534622547909 
1 -0.51391071696918833 -0.14767770702554658 0.4506447789253481 0.062705467799628073 0.055563932280527785 -0.16955569315854488 
1 -0.47745220998373922 0.14764846332839937 -0.45055554054466773 0.052892917885975319 -0.055953195584557566 0.17074354662079946 

0.16 3 0.0199938
1 0.9901677817825788 3.3265115707243829e-05 -0.00010150990976059065 -0.12343477633756726 0.00041501364882758025 -0.001266431730244206 
1 -0.51326235798248676 -0.14710287025596644 0.44889064017168284 0.066968992253379836 0.059407976339603583 -0.1812859564465695 
1 -0.4769054238000946 0.14706960514026418 -0.44878913026192668 0.056465784084186725 -0.059822989988431434 0.18255238817681463 

0.17000000000000001 3 0.0213399
1 0.98889414595762237 3.7543828864830812e-05 -0.00011456658421621192 -0.13129680852727355 0.00044072160745460131 -0.0013448806550374909 
1 -0.51257128192572443 -0.14648945279623787 0.44701877080767743 0.071249077149634049 0.063280433976787981 -0.19310292497185211 
1 -0.47632286403189894 0.14645190896737831 -0.44690420422346688 0.060047731377638969 -0.063721155584243197 0.19444780562689071 

0.18000000000000002 3 0.022505
1 0.98754175425542146 4.2079393888310269e-05 -0.00012840705302138788 -0.13918624874572913 0.00046638336794250335 -0.0014231886042522033 
1 -0.51183731728693238 -0.14583715945523423 0.44502827004509199 0.075546908819048866 0.067183531080664882 -0.20501339112769779 
1 -0.47570443696848935 0.145795080061352 -0.44489986299207651 0.063639339926680721 -0.067649914448608198 0.20643657973195093 

0.19000000000000003 3 0.0236239
1 0.98611032363345996 4.6871328778089008e-05 -0.00014302984533393946 -0.14710489486075767 0.00049199488635227699 -0.0015013432376371411 
1 -0.51106028054197594 -0.1451456723237835 0.4429181677706277 0.0798637037917906 0.071119586854286612 -0.21702443206046765 
1 -0.47505004309148313 0.14509880099501135 -0.44277513792529799 0.067241191068967907 -0.071611581740639751 0.21852577529810741 

0.20000000000000004 3 0.0251019
1 0.98459955290398271 5.1919109852148186e-05 -0.00015843336311600239 -0.1550545784466015 0.00051755186668760156 -0.0015793314457775388 
1 -0.51023997583945035 -0.14441464979574725 0.44068742155867946 0.084200711447227489 0.075091023102816526 -0.22914343801121276 
1 -0.47435957706453252 0.14436273068590125 -0.44052898819556835 0.070853866999375417 -0.075608574969505099 0.23072276945699249 

0.21000000000000005 3 0.0262489
1 0.983009122384913 5.7222169119786882e-05 -0.00017461587311989098 -0.16303716720471007 0.000543049739536377 -0.0016571392849188116 
1 -0.5093761946581743 -0.1436437254921058 0.43833491338815322 0.088559216849942723 0.079100374360646139 -0.24137814321899514 
1 -0.4736329277267376 0.1435865033229935 -0.43816029751503865 0.074477950354768854 -0.079643424100183963 0.24303528250391676 

0.22000000000000006 3 0.0273471
1 0.9813386935260725 6.2779891434917206e-05 -0.00019157549820126164 -0.17105456748319728 0.00056848363931844633 -0.0017347519075369942 
1 -0.50846871543530903 -0.14283250707912576 0.43585944603603416 0.092940543794703775 0.083150298968483416 -0.25373665972309722 
1 -0.47286997809076248 0.1427697271876987 -0.4356678705378374 0.078114023688495085 -0.083718782607803771 0.25547141163063825 

0.23000000000000007 3 0.0280862
1 0.97958790850967059 6.8591611414324424e-05 -0.00020931020791504495 -0.17910872690291968 0.00059384838000764526 -0.0018121534882535554 
1 -0.50751730316284893 -0.14198057497047861 0.43325973911686999 0.097346058085993281 0.087243591226504852 -0.26622751444888082 
1 -0.47207060534681644 0.14191198335907179 -0.4330504289089569 0.081762668816929229 -0.087837439606514314 0.26803966793713785 

0.24000000000000007 3 0.0288222
1 0.9777563898239745 7.4656610104926295e-05 -0.00022781780834545481 -0.1872016370986028 0.00061913842918509792 -0.0018893271446579305 
1 -0.50652170895005655 -0.14108748090186418 0.43053442473315934 0.10177717108114689 0.091383194767947817 -0.27885969001786853 
1 -0.47123468087390646 0.14101282429176659 -0.43030660692481559 0.085424466017460204 -0.0920023331971353 0.28074901716252981 

0.25000000000000006 3 0.0295532
1 0.97584373980894634 8.0974111382580013e-05 -0.00024709593111679041 -0.19533533658396521 0.00064434788026834691 -0.0019662548525635312 
1 -0.50548166954899243 -0.14015274636511321 0.42768204269695109 0.10623534353019612 0.095572217319028513 -0.29164266978825731 
1 -0.47036207025993981 0.14007177225373788 -0.42743494676583649 0.089099993053774418 -0.096216565199298859 0.29360892464082389 

0.26000000000000006 3 0.0302842
1 0.97384954017258596 8.7543278063360571e-05 -0.00026714202152683928 -0.20351191375038463 0.00066947042274722809 -0.0020429173551812815 
1 -0.50439690684000404 -0.13917586088696737 0.42470103527747505 0.11072208975026947 0.099813947036387032 -0.30458648770932834 
1 -0.46945263333256748 0.13908831760891147 -0.42443389325595171 0.092789824000119939 -0.10048341745913572 0.30662940506451425 

0.27000000000000007 3 0.0310121
1 0.97177335147655508 9.4363207706471764e-05 -0.00028795332573928486 -0.21173351000924254 0.00069449931024242496 -0.0021192940656489067 
1 -0.50326712727363487 -0.13815628013569739 0.42158974142340216 0.11523898217800581 0.10411187064323672 -0.31770178366467283 
1 -0.46850622420290433 0.13806191692799963 -0.42130178809766627 0.096494527831241475 -0.10480636995348 0.31982107773032636 

0.28000000000000008 3 0.031738
1 0.96961471258963761 0.00010143292808602867 -0.00030952687696565295 -0.22000232308877607 0.00071942732618593733 -0.0021953629623034411 
1 -0.50209202126490549 -0.13709342383631148 0.41834639040100691 0.11978765635006795 0.10846969362089579 -0.33099986508750617 
1 -0.46752269132471408 0.13699199090823366 -0.41803686352404612 0.10021466673871249 -0.10918912094708302 0.33319522804981266 

0.29000000000000009 3 0.0324662
1 0.96737314010739439 0.00010875139230684778 -0.00033185948056094097 -0.22832061049695923 0.00074424674690448992 -0.0022711004760286777 
1 -0.50087126253541692 -0.13598667347233817 0.41496909478108085 0.12436981636972842 0.11289136275464411 -0.34449277576030413 
1 -0.46650187757195727 0.13587792208003935 -0.41463723530052571 0.1039507941272359 -0.11363560950155059 0.34676387623633631 

0.3000000000000001 3 0.0331862
1 0.96504812773630966 0.00011631747353709687 -0.00035494769795007782 -0.23669069316273228 0.00076894930186662458 -0.002346481368947525 
1 -0.49960450739807039 -0.13483536974895971 0.41145584269755525 0.12898724092686073 0.11738109138330209 -0.35819337286496133 
1 -0.46544362033822217 0.13471905227543096 -0.41110089499961078 0.10770345223587656 -0.11815004068517088 0.36053985423391055 

0.31000000000000011 3 0.0339072
1 0.96263914564059305 0.00012412995932815815 -0.00037878782929474746 -0.24511495926870666 0.00079352613083206406 -0.0024214786036614528 
1 -0.49829139397849898 -0.13363880978843942 0.40780448928924162 0.13364178994993423 0.12194338776239511 -0.37211541353419014 
1 -0.46434775166207598 0.13351467982911866 -0.40742570145995305 0.1114731693187782 -0.12273691389322929 0.37453689213785296 

0.32000000000000012 3 0.0346813
1 0.96014563974961087 0.00013218754548931523 -0.00040337589480172776 -0.2535958682893788 0.00081796773761744429 -0.0024960632021646606 
1 -0.49693154136645595 -0.13239624402437902 0.40401274722252462 0.13833541198207583 0.12658308702352597 -0.38627365237690714 
1 -0.46321409838314037 0.13226405647889677 -0.40360937132772889 0.1152604563073103 -0.12740105476114569 0.38876971557907508 

0.33000000000000013 3 0.0357695
1 0.95756703102389495 0.00014048882948188601 -0.00042870761456481935 -0.26213595524981009 0.00084226394016553971 -0.0025702040934781449 
1 -0.49552454868937074 -0.131106872756065 0.4000781761768003 0.14307015238958595 0.13130538730047628 -0.4006839517185497 
1 -0.46204248233451034 0.13096638392659024 -0.39964946856224126 0.11906580286023126 -0.13214765124064465 0.40325415581203028 

0.34000000000000014 3 0.0368614
1 0.9549027146773349 0.00014903230329415173 -0.00045477838682237765 -0.27073783522075484 0.00086640381657549555 -0.0026438679489587946 
1 -0.49406999409912217 -0.12976984231794705 0.39599817115547459 0.14784816253106037 0.13611589069921046 -0.41536340662278154 
1 -0.46083272057819602 0.12962081001466047 -0.39554339276865852 0.12288967268970176 -0.13698229451578858 0.41800727457174347 

0.35000000000000014 3 0.0379515
1 0.95215205935320713 0.000157816345754847 -0.00048158326450160817 -0.27940420806727023 0.00089037564671915924 -0.0027170190041390751 
1 -0.49256743366171485 -0.12838424081189515 0.39176994946277821 0.15267171003934094 0.14102064991898122 -0.43033048715778305 
1 -0.45958462569147618 0.12822642446614754 -0.39128836619828233 0.12673249802793671 -0.14191102556570348 0.43304750616192506 

0.36000000000000015 3 0.0390475
1 0.94931440625137387 0.00016683921423904548 -0.00050911692990873085 -0.2881378634689743 0.00091416684903281595 -0.0027896188658442797 
1 -0.49101640013780806 -0.12694909334103899 0.38739053615960978 0.15754319039810225 0.14602622149100503 -0.44560520085630562 
1 -0.45829800611354926 0.12678225412680857 -0.38688141922970765 0.13059467307087949 -0.14694038834004086 0.44839481972215112 

0.37000000000000016 3 0.0401475
1 0.94638906820381941 0.00017609903571598617 -0.00053737366741102549 -0.29694168623127204 0.00093776391203458738 -0.002861626303215133 
1 -0.48941640164012651 -0.12546335667338532 0.38285674777934853 0.16246514003121162 0.15113972679721646 -0.46120927891700381 
1 -0.45697266656367402 0.12528725763767759 -0.38231937411194483 0.13447654620006802 -0.15207749070925447 0.46407090522021988 

0.38000000000000017 3 0.0412614
1 0.94337532869555329 0.00018559379708366704 -0.00056634733394246204 -0.30581866190811596 0.00096115232007517822 -0.002932997021132866 
1 -0.48776692015133671 -0.12392591325060096 0.37816517404539973 0.1674402511681185 0.15636892227432478 -0.47716639043506837 
1 -0.45560840854419776 0.12374031945352608 -0.37759882671146477 0.13837841074000329 -0.1573300745944031 0.48009938745620656 

0.39000000000000018 3 0.0432084
1 0.94027244082762873 0.00019532133472987208 -0.00059603132714870885 -0.31477188275807011 0.00098431647278301266 -0.0030036834144027643 
1 -0.48606740988308667 -0.12233556444186081 0.37331215728502426 0.17247138880471663 0.16172228051040677 -0.49350238987194112 
1 -0.45420503094452613 0.12214024310713854 -0.37271612595788112 0.1423004939533638 -0.16270659698319251 0.49650607328633706 

0.40000000000000019 3 0.0448124
1 0.93707962621886143 0.00020527932325375642 -0.00062641855097056854 -0.32380455405681596 0.0010072395976140622 -0.003073634300896242 
1 -0.48431729545334889 -0.1206910229237755 0.36829376917636347 0.17756161014968316 0.16720908431965428 -0.5102456041283564 
1 -0.45276233076548739 0.12048574360052937 -0.36766735062539474 0.14624294390714404 -0.16821632391726815 0.51331923842925375 

0.4100000000000002 3 0.0459504
1 0.93379607384245644 0.00021546526327569286 -0.0006575013784452375 -0.33292000079028705 0.0010299036548626526 -0.0031427946316872402 
1 -0.48251596985496598 -0.11899090404420778 0.3631057843947616 0.18271418703524867 0.17283953635713969 -0.52742716703847692 
1 -0.45128010398747592 0.11877543878093803 -0.36244828301632048 0.15020581375505135 -0.17386944001199811 0.53056996167017223 

0.42000000000000021 3 0.0472903
1 0.93042093879386256 0.00022587646825667911 -0.00068927161148514657 -0.34212167475413147 0.0010522892344298699 -0.0032111051760366108 
1 -0.48066279218278973 -0.11723371599935678 0.35774365063773217 0.18793263188476039 0.17862488744040603 -0.54508141094864937 
1 -0.44975814661106112 0.11700783953110591 -0.35705437902625048 0.15418904286938223 -0.17967717667483327 0.54829251612468344 

0.43000000000000022 3 0.0488112
1 0.9269533409852867 0.00023651005024106779 -0.0007217204373712948 -0.35141316208601686 0.0010743754435834051 -0.0032785021788866099 
1 -0.4787570850804248 -0.11541784861805418 0.35220245439974879 0.19322072797450426 0.18457758751661121 -0.563246327400033 
1 -0.44819625590485945 0.11518133856782009 -0.35148073396237761 0.15819243411153497 -0.18565196296019351 0.56652482957891881 

0.44000000000000022 3 0.0503733
1 0.92339236376275169 0.00024736290442838287 -0.0007548383816735095 -0.36079819125856838 0.0010961397848766672 -0.0033449169883259266 
1 -0.47679813185905712 -0.11354156050309473 0.34647688173345992 0.19858256491467641 0.19071146420797838 -0.58196411196759668 
1 -0.44659423190370001 0.11329419759867317 -0.34572204335178103 0.16221562634391026 -0.19180760399285293 0.58530902895593051 

0.45000000000000023 3 0.0519063
1 0.91973705244076609 0.00025843169247140492 -0.00078861525728380439 -0.37028064156109131 0.0011175580233245407 -0.0034102756502709481 
1 -0.47478517323068037 -0.11160296422391892 0.34056117306455341 0.20402258051871083 0.19704193515761892 -0.60128181224242327 
1 -0.44495187921009599 0.11134453253145453 -0.33977255780727073 0.16625806104240595 -0.19815949318093987 0.60469208789270568 

0.46000000000000024 3 0.0534334
1 0.91598641274954762 0.00026971282438825435 -0.00082304010922042842 -0.3798645520990595 0.0011386040418618162 -0.0034744984673907436 
1 -0.47271740358459896 -0.10960000918472035 0.33444907091306703 0.20954561055088078 0.20358626208487926 -0.62125210309235768 
1 -0.44326900916497297 0.10933029636033822 -0.33362603080384878 0.17031894154820729 -0.20472486612673543 0.62472660155975102 

0.47000000000000025 3 0.0549743
1 0.91213940918969361 0.00028120243896618592 -0.00085810115482909443 -0.38955413133972028 0.0011592496840383878 -0.003537499519085188 
1 -0.47059396671932507 -0.10753046170232428 0.32813375910017001 0.21515694826794651 0.21036385668670712 -0.641934220132931 
1 -0.44154544247039307 0.10724925926336458 -0.32727565794534769 0.17439718307180213 -0.21152310637074265 0.64547171965203687 

0.48000000000000026 3 0.0564964
1 0.90819496328837057 0.00029289638252384892 -0.00089378571897522963 -0.39935376723173349 0.0011794645828357116 -0.0035991861391106274 
1 -0.46841395091998045 -0.10539188171269108 0.32160779166707831 0.22086241624090444 0.21739665149102466 -0.66339509140220765 
1 -0.43978101236841088 0.10509898533017457 -0.32071400594811061 0.1784913509908525 -0.21857611607385427 0.66699427754134233 

0.49000000000000027 3 0.0579064
1 0.90415195175144347 0.00030479018588745559 -0.00093008016378567145 -0.4092680379244385 0.001199215974425563 -0.0036594583472572949 
1 -0.46617638324293204 -0.10318159537486173 0.31486300927483629 0.22666845371569314 0.22470955276842466 -0.68571071943999184 
1 -0.43797556850853209 0.10287680518898089 -0.31393292911105475 0.18259958420877312 -0.22590876874284374 0.6893701777872846 

0.50000000000000022 3 0.0589964
1 0.90000920450529831 0.00031687903942413279 -0.00096696981246195874 -0.41930172310939762 0.0012184684956412352 -0.0037182082313239927 
1 -0.46388022283162778 -0.10089666264426793 0.30789044025288842 0.23258222383075497 0.23233099805830595 -0.70896788260244525 
1 -0.43612898167368674 0.1005797836048521 -0.30692347044043261 0.18671949927867018 -0.23354946655394251 0.71268609083381274 

0.51000000000000023 3 0.0600214
1 0.89576550262202881 0.00032915776596330348 -0.0010044388666487897 -0.42945981600117977 0.0012371839639001296 -0.0037753192755423442 
1 -0.46152435303764106 -0.098533838626241044 0.30068018266770558 0.2386117464791141 0.24029364838008449 -0.73326624737388413 
1 -0.43424114958440047 0.09820468086028597 -0.29967574380105894 0.19084806952209657 -0.24153083234397871 0.73704156664947496 

0.52000000000000024 3 0.0610423
1 0.89141957612162337 0.00034162079142429773 -0.0010424703168028376 -0.43974753596666089 0.0012553211383180181 -0.0038306656316071446 
1 -0.45910757205321195 -0.096089527170349964 0.29322126271389959 0.24476606467001966 0.24863525569845735 -0.75872101547383886 
1 -0.43231200406842163 0.095747906378934197 -0.29217879239710326 0.19498147129667512 -0.24989057683676713 0.76255168110549865 

0.53000000000000025 3 0.0620623
1 0.88697010164459822 0.00035426211295596879 -0.0010810458449695562 -0.45017034180009063 0.0012728354608069195 -0.0038841113286253478 
1 -0.45662858166916076 -0.09355972469049588 0.28550146327889969 0.25105545519650835 0.25739976108821122 -0.78546627495347687 
1 -0.43034151997544895 0.093205462577548748 -0.28442041743393148 0.19911488660362417 -0.2586725965490097 0.78935038628214793 

0.54000000000000026 3 0.0630684
1 0.88241569998872749 0.00036707526438263982 -0.0011201457193399328 -0.46073394562437087 0.0012896787760737819 -0.0039355094186801593 
1 -0.454085973643997 -0.090939951540844916 0.27750711453366556 0.25749169869585697 0.26663870045362464 -0.81365928980785085 
1 -0.4283297263447442 0.090572876276472133 -0.27638696881432318 0.20324224692855486 -0.26792837922969376 0.81759479922658129 

0.55000000000000027 3 0.0640814
1 0.87775493350376954 0.00038005327874087081 -0.0011597486799299374 -0.47144432737474895 0.0013057990296746432 -0.0039847010554307366 
1 -0.45147821298964103 -0.088225167362559642 0.26922283560968202 0.26408843050825581 0.27641302599553247 -0.84348605825986889 
1 -0.42627672051414445 0.087845114083830597 -0.26806308692975106 0.2073558968665333 -0.27771882502519762 0.84747075931533622 

0.56000000000000028 3 0.0651424
1 0.87298630333882543 0.00039318864768497764 -0.0011998318147046145 -0.48230774978694169 0.0013211399436804457 -0.0040315145043925502 
1 -0.44880361722084022 -0.085409665516600619 0.2606312124561872 0.27086160324508068 0.2867954983518245 -0.87516861247836741 
1 -0.42418268611797777 0.085016476868928423 -0.25943138064148213 0.21144614654189955 -0.28811663829549161 0.87920012698277894 

0.57000000000000028 3 0.0668514
1 0.86810824653769147 0.00040647327753774693 -0.0012403704254650156 -0.49333077376319606 0.0013356406701541914 -0.0040757640855082636 
1 -0.44606033023873953 -0.082486939838375101 0.25171239123630229 0.27783010658680185 0.29787387547488769 -0.90897474957264823 
1 -0.42204791629893518 0.082080466560849746 -0.25047202081084247 0.21550066717643127 -0.29920951614503721 0.91305051365819356 

0.58000000000000029 3 0.0683725
1 0.86311913297953802 0.00041989844176941525 -0.0012813378828359814 -0.50452027392103738 0.0013492354236429058 -0.0041172490516811254 
1 -0.44324628895748214 -0.079449514177241248 0.24244355815964269 0.28501661281296703 0.3097552350972847 -0.94523122177967378 
1 -0.41987284402204034 0.079029615735486169 -0.24116222027681145 0.21950366110809791 -0.31110447052092211 0.94934847083138951 

0.5900000000000003 3 0.0703614
1 0.85801726216432594 0.00043345472970731026 -0.0013227054697512281 -0.51588345403119895 0.0013618530954261033 -0.0041557524116385457 
1 -0.44035917992770934 -0.076288721001180754 0.23279826388507344 0.29244875368412471 0.32257194463196326 -0.98434195386744316 
1 -0.41765808223662249 0.075855266271491487 -0.23147555841533612 0.22343470034709112 -0.32393379772739711 0.98849770627912104 

0.60000000000000031 3 0.0723944
1 0.85280085984609855 0.00044713199131667553 -0.0013644422129496265 -0.52742786191031188 0.0013734168546097323 -0.0041910397126522277 
1 -0.43739638187240204 -0.072994408877057174 0.22274553088434099 0.30016079603543522 0.33649008334927888 -1.0268137437648917 
1 -0.41540447797372854 0.072547276885757184 -0.22138108867141329 0.22726706587489029 -0.337863500203895 1.031004783477546 

0.61000000000000032 3 0.0744164
1 0.84746807452270256 0.0004609192779607517 -0.0014065147022023024 -0.53916140312730643 0.0013838437447326801 -0.0042228578095670714 
1 -0.43435488789546517 -0.069554548341181605 0.21224865073943269 0.30819608962770195 0.35172161591145756 -1.0732934106180101 
1 -0.41311318662728247 0.069093629063245302 -0.21084213603723798 0.23096531349963534 -0.35310545965620416 1.0775162684275505 

0.62000000000000033 3 0.0759373
1 0.84201697379807983 0.00047480477916071555 -0.0014488868973328401 -0.55109235257811218 0.0013930442900558092 -0.0042509336633747988 
1 -0.43123119753340738 -0.065954688750982829 0.20126352670234934 0.31661075055391763 0.36854248759190145 -1.12462301311826 
1 -0.41078577626474883 0.065479883971849756 -0.19981463980503369 0.23448160202426133 -0.36993553188196143 1.1288739467815432 

0.63000000000000034 3 0.0773604
1 0.83644554064511145 0.00048877575555681622 -0.0014915199236453542 -0.56322936252126032 0.0014009221342680821 -0.0042749732387101788 
1 -0.42802116260533629 -0.062177189827374843 0.18973632871418247 0.32547939791406694 0.38732041483473495 -1.181924653572042 
1 -0.40842437803987119 0.061688414071844083 -0.18824480879055486 0.2377499646073038 -0.38872133696901312 1.1861996268107391 

0.64000000000000035 3 0.0792985
1 0.830751669614329 0.00050281846856255012 -0.0015343718572609678 -0.57558146495050666 0.0014073737479461078 -0.0042946606111523454 
1 -0.42471975955899127 -0.058200100107184564 0.17760007095517164 0.33490445863369028 0.40855924768719704 -1.2467358517427145 
1 -0.40603191005542538 0.057697281638649713 -0.17606569909793615 0.24067700631691244 -0.4099666214351621 1.2510305123538599 

0.65000000000000036 3 0.0806553
1 0.82493316306004216 0.00051691810766846475 -0.0015773975032828224 -0.58815806503080903 0.0014122882632987325 -0.0043096574629398997 
1 -0.42132073949551668 -0.053995457837049711 0.1647694269504027 0.34503201379777021 0.43297315567135497 -1.3212359261806317 
1 -0.40361242356461668 0.053478539729405944 -0.16319202944714992 0.2431260512331655 -0.43438544393468725 1.3255455836434364 

0.66000000000000036 3 0.0822072
1 0.81898772749753834 0.00053105871710868824 -0.0016205481720153469 -0.60096892040165673 0.0014155475322946589 -0.0043196032603502986 
1 -0.41781606318931469 -0.049526596547918772 0.15113250741629911 0.3560804474927074 0.46161796996802701 -1.4086467904612017 
1 -0.40117166430832801 0.048995537830834247 -0.14951195924431473 0.24488847290910087 -0.46303351750033322 1.4129663937214287 

0.67000000000000037 3 0.0848753
1 0.81291297027159137 0.00054522312486391376 -0.0016637714623141773 -0.614024097757214 0.0014170265710467863 -0.0043241166097572779 
1 -0.41419493152554537 -0.044743620075423776 0.13653705209355999 0.36839628867701979 0.49614103752609257 -1.5139953935842181 
1 -0.39871803874611061 0.044198396950580372 -0.13487328063130841 0.24562780908033593 -0.49755806409717651 1.5183195101935956 

0.68000000000000038 3 0.0866113
1 0.80670639683106404 0.00055939287916700192 -0.0017070110678305275 -0.62733389169874909 0.0014165946800561995 -0.0043227986761049325 
1 -0.41044198480367239 -0.039575217009410586 0.1207654511932009 0.38257426913916454 0.53930313855060552 -1.6457063732973123 
1 -0.39626441202736362 0.039015824130254055 -0.11905844012547903 0.24475962255987441 -0.54071973323055311 1.6500291719733262 

0.69000000000000039 3 0.0889094
1 0.80036540911288334 0.00057354820171952509 -0.001750206634248496 -0.64090867755144376 0.0014141177930878286 -0.0043152403505945921 
1 -0.40653358086313801 -0.03391228468727981 0.10348477331858408 0.39975246327723385 0.59621720491749663 -1.8193820578156668 
1 -0.39383182824991075 0.033338736485578835 -0.10173456668444346 0.24115621427397388 -0.59763132271051256 1.8236972981659201 

0.7000000000000004 3 0.0913644
1 0.79388730595572832 0.00058766797498350782 -0.0017932937205075181 -0.6547586384241465 0.0014094632284898372 -0.0043010367495492207 
1 -0.40242881347979453 -0.027570033029028742 0.084131123712309602 0.4224957555948412 0.67789283827736146 -2.06861871296366 
1 -0.39145849247562237 0.026982365054066548 -0.082337829991877026 0.23226288282881877 -0.67930230150569204 2.0729197497130492 

0.71000000000000041 3 0.124931
1 0.78726928741854274 0.00060172979986709157 -0.0018362039748285759 -0.66889321667202728 0.0014025097987260793 -0.0042798180640660488 
1 -0.39804164625032301 -0.020177069643559288 0.061571182760159195 0.45846775966360281 0.8150582474665331 -2.4871847697167353 
1 -0.38922764116828507 0.019575339843703389 -0.059734978785401113 0.2104254570084664 -0.8164607572646273 2.4914645877783919 

0.72000000000000042 3 0.188228
1 0.78050846774902694 0.00061571021651274534 -0.0018788658084655642 -0.68331977355099782 0.0013931734965068601 -0.0042513279423310249 
1 -0.39309429421586017 -0.010648212661346608 0.032493472016484969 0.55256369908519787 1.1654419593388765 -3.5563955094900472 
1 -0.38741417353475555 0.010032502444772797 -0.030614606208214379 0.13075607446482435 -1.1668351328375035 3.5606468374271922 

