0 3 0
1 1 0 0 0 0 0 
1 -0.61853765393555593 -0.11884399673679598 0.12240503213186983 0 0 0 
1 -0.38146234606444407 0.11884399673679598 -0.12240503213186983 0 0 0 

0.01 3 0.00227785
1 0.99995561533101263 8.2450403978802232e-07 -8.4920943635566965e-07 -0.0088770758915902286 0.00016482919346029679 -0.00016976812692071921 
1 -0.61835354034643231 -0.11867685255275903 0.12223287964811436 0.036838484400164261 0.033444154733180485 -0.034446273662476649 
1 -0.38160207498458104 0.1186760280487197 -0.12223203043867986 -0.027961408508574405 -0.033608983926640371 0.034616041789397638 

0.02 3 0.0040257
1 0.99982245279847659 3.2937194057936558e-06 -3.3924122443680568e-06 -0.017755856885864299 0.00032879905589987805 -0.00033865117387029488 
1 -0.61780025068071021 -0.11817449809100737 0.12171547266315268 0.073867233988842526 0.067073165251576805 -0.069082942119393087 
1 -0.382022202117757 0.11817120437160222 -0.12171208025091036 -0.05611137710297831 -0.06740196430747504 0.069421593293263056 

0.029999999999999999 3 0.00516558
1 0.9996004868265197 7.3947570504760966e-06 -7.6163331697397789e-06 -0.026638047902141911 0.00049105050440141217 -0.00050576431641511928 
1 -0.61687490889294816 -0.11733413897778612 0.12084993307275906 0.11128242080321461 0.10107765208496036 -0.10410633764425289 
1 -0.38272557793357204 0.11732674422073584 -0.12084231673959163 -0.084644372901072962 -0.10156870258935935 0.10461210196066689 

0.040000000000000001 3 0.00679159
1 0.99928967479181185 1.3106139607721581e-05 -1.3498851299665313e-05 -0.03552535348624819 0.00065072502022212031 -0.00067022331120103658 
1 -0.6155726215024212 -0.11615102026415332 0.11963136345095009 0.1492924831504506 0.13566020559519448 -0.13972512100608492 
1 -0.3837170532893952 0.11613791412454777 -0.11961786459965223 -0.11376712966420183 -0.13631093061541263 0.14039534431728576 

0.050000000000000003 3 0.00772762
1 0.99888995702824712 2.0397809167624108e-05 -2.1009008070575039e-05 -0.044419477606805903 0.00080696510524464588 -0.00083114496608129018 
1 -0.61388631933836491 -0.11461827201050821 0.11805268800760257 0.18812545499315056 0.17104253458313254 -0.17616764427683093 
1 -0.38500363768988599 0.11459787420134143 -0.11803167899953564 -0.14370597738634416 -0.17184949968837304 0.17699878924291096 

0.060000000000000005 3 0.00905347
1 0.99840125683390313 2.9231140653193782e-05 -3.0107021045660357e-05 -0.053322123431039439 0.00095891496063041782 -0.00098764783910499005 
1 -0.61180651846935363 -0.11272667607056684 0.11610441238437653 0.22803792744482468 0.20747420186037538 -0.21369094815530376 
1 -0.38659473836453401 0.11269744492990796 -0.11607430536333609 -0.17471580401377834 -0.20843311682100418 0.21467859599441716 

0.070000000000000007 3 0.0102255
1 0.99782348048012726 3.9558963491807235e-05 -4.074430623569603e-05 -0.062234993072951515 0.0011057214850276091 -0.0011388532666354156 
1 -0.60932097966375387 -0.11046433399871783 0.11377428161124774 0.2693265647340467 0.24524384223250656 -0.25259231608556548 
1 -0.38850250081636623 0.11042477503522276 -0.11373353730501967 -0.2070915716610936 -0.24634956371754482 0.25373116935220724 

0.080000000000000002 3 0.0114033
1 0.99715651722363408 5.1325595358244645e-05 -5.286351285313262e-05 -0.07115978730639845 0.0012465357133538367 -0.0012838868452441294 
1 -0.60641423447620901 -0.10781620508717588 0.11104680430144055 0.31234354180334134 0.28469418877347519 -0.29322475077769072 
1 -0.39074228274745504 0.10776487949181734 -0.11099394078859838 -0.241183754496924 -0.28594072448682939 0.2945086376229526 

0.089999999999999997 3 0.0125751
1 0.99640023932147548 6.4466893140561904e-05 -6.6398575805127046e-05 -0.080098205234792344 0.0013805148523368296 -0.0014218805282447539 
1 -0.60306692892453939 -0.1047634669359611 0.10790259406155388 0.35751803105272462 0.32624296833948674 -0.33601849583392168 
1 -0.39333331039696168 0.10469900004282247 -0.10783619548575377 -0.27741982581790492 -0.32762348319182416 0.33744037636218888 

0.099999999999999992 3 0.0139551
1 0.9955545020495542 7.8910328085647112e-05 -8.1274793090741336e-05 -0.08905194390786321 0.0015068251211841216 -0.0015519755514799816 
1 -0.59925490843400797 -0.10128262454212811 0.1043174518855783 0.40538719425322228 0.370413010190214 -0.38151204654291465 
1 -0.39629959361555278 0.10120371421404246 -0.10423617709249627 -0.31633525034533788 -0.37191983531139283 0.38306402209440121 

0.10999999999999999 3 0.0151651
1 0.99461914372535976 9.4575094530170131e-05 -9.7408937789926307e-05 -0.09802269787364952 0.0016246456842448614 -0.0016733264838219501 
1 -0.59494792236864302 -0.097344250040118624 0.10026106813290975 0.4566425385769165 0.41787722907497382 -0.43039848083686144 
1 -0.39967122135671945 0.097249674945590614 -0.10016365919512174 -0.3586198407032648 -0.41950187475920991 0.43207180732069833 

0.11999999999999998 3 0.0163531
1 0.9935939857356163 0.00011137226505085175 -0.00011470941786265788 -0.10701215864928286 0.0017331740833880825 -0.001785106822325528 
1 -0.59010774764481921 -0.092911159118960959 0.09569514430379622 0.51220203919511198 0.46952851976711435 -0.48359744814210437 
1 -0.40348623809080419 0.092799786853914878 -0.095580434885939577 -0.40518988054581184 -0.47126169385051181 0.48538255496444943 

0.12999999999999998 3 0.017518
1 0.99247883256965841 0.00012920500982920019 -0.00013307650208675809 -0.1160220140862928 0.0018316337699741064 -0.0018865167498875615 
1 -0.5846853869411196 -0.087935691342551733 0.090570591867284486 0.57332750068575111 0.52659332032710371 -0.54237213544595686 
1 -0.40779344562857189 0.087806486332725614 -0.090437515365200546 -0.4573054865994523 -0.52842495409708223 0.54425865219587921 

0.13999999999999999 3 0.0186801
1 0.99127347185974035 0.00014796890547702027 -0.00015240263813700512 -0.1250539475905251 0.0019192846546028362 -0.0019767940011072974 
1 -0.5786167182251476 -0.082355493317579936 0.084823189076197375 0.64182596826338778 0.59082615991733467 -0.60852964453221858 
1 -0.41265675363462939 0.082207524412104882 -0.0846707864380635 -0.51677202067284311 -0.59274544457192846 0.61050643853340747 

0.14999999999999999 3 0.0206642
1 0.98997767443026052 0.00016755237025769615 -0.00017257290084738382 -0.13410963712682503 0.0019954381479037656 -0.0020552293537578329 
1 -0.57181539300928552 -0.076086647331654142 0.078366503712134467 0.72041871976318983 0.66486532879345361 -0.68478731924989134 
1 -0.418162281421052 0.075919094961395261 -0.078193930811294041 -0.58630908263635129 -0.66686076694135077 0.68684254860373561 

0.16 3 0.0226262
1 0.98859119435876752 0.00018783728197469844 -0.00019346562861395863 -0.14319075387641519 0.0020594791985575284 -0.0021211893271537658 
1 -0.56416046604218628 -0.069011728605825065 0.071079592486123708 0.81347592796862633 0.75293922022343818 -0.77550025222504215 
1 -0.42443072831675799 0.06882389132383121 -0.070886126857497858 -0.67028517409221855 -0.75499869942194353 0.77762144155225654 

0.17000000000000001 3 0.024128
1 0.98711376905256476 0.00020869986901643926 -0.00021495334113892946 -0.15229896027843734 0.0021108999249860689 -0.0021741508215798256 
1 -0.55547289418969692 -0.060957179282949928 0.062783697062314583 0.92865058640213816 0.86243231346300486 -0.88827419086932435 
1 -0.43164087486306685 0.060748479413914203 -0.062568743721172243 -0.7763516261237623 -0.86454321338809059 0.89044834169079567 

0.18000000000000002 3 0.0264168
1 0.98554511935069466 0.00023001203125498323 -0.00023690409990871015 -0.16143590685572956 0.0021493541717414813 -0.0022137573094042884 
1 -0.54546509536014653 -0.05164492150133964 0.053192407268340472 1.0811272981355537 1.007940576771402 -1.0381424562827599 
1 -0.44008002399117929 0.051414909470088088 -0.052955503168439569 -0.91969139127956467 -1.0100899309432207 1.0403562135917752 

0.19000000000000003 3 0.0306566
1 0.98388494966886875 0.00025164339279035299 -0.00025918362244624181 -0.17060322629747871 0.002174754928107525 -0.0022399191727226759 
1 -0.53361050748297756 -0.040567861319531461 0.041783434625976924 1.3077039406404387 1.2246345964999488 -1.2613294844546812 
1 -0.45027444218817064 0.040316217926774631 -0.041524251003515381 -1.1371007143429408 -1.2268093514281582 1.2635694036275094 

0.20000000000000004 3 0.0589254
1 0.98213294823485131 0.00027346477659764953 -0.00028165886107369721 -0.17980251994179608 0.0021874801355485367 -0.0022530256776238065 
1 -0.51867231037867978 -0.026543769534384271 0.027339125677030555 1.7402754163847882 1.6373158232251965 -1.6863762701968696 
1 -0.46346063785969588 0.026270304757750437 -0.027057466815996543 -1.5604728964409711 -1.6395033033633408 1.688629295871013 

0.21000000000000005 3 0.649974
1 0.9802887875825731 0.00029535532937055825 -0.00030420534124241561 -0.18903531055410325 0.002189027344514339 -0.0022546192470802237 
1 -0.49324033819371838 -0.0027203253613570103 0.0028018370502374055 6.1771320394113785 5.5867666692670133 -5.7541682578879012 
1 -0.48704844939091319 0.0024249700319342307 -0.0024976317090802049 -5.9880967288588201 -5.588955696617985 5.7564228771321266 

