0 3 0
1 1 0 0 0 0 0 
1 -0.96080946519887289 -0.16772502913656251 0.2102706951865187 0 0 0 
1 -0.039190534801127108 0.16772502913656251 -0.2102706951865187 0 0 0 

0.01 3 0.0075829
1 0.999945344201984 5.6984627970650362e-06 -7.1439530522172801e-06 -0.010931389617731307 0.0011396959037513381 -0.0014287948031173161 
1 -0.96075889775652579 -0.16771014500786616 0.21025203550224481 0.010113714532595082 0.0029768699321426977 -0.0037319922574098391 
1 -0.039186446445460543 0.16770444654506811 -0.21024489154919407 0.0008176750851362389 -0.0041165658358940415 0.0051607870605271562 

0.02 3 0.00886512
1 0.99978136300527909 2.2794051742399535e-05 -2.8576063636211472e-05 -0.021865540064942398 0.0022794319006339001 -0.0028576398695174731 
1 -0.96060718186384986 -0.16766548996998457 0.21019605312497353 0.020230142500993399 0.0059542702602269071 -0.0074646494526880757 
1 -0.0391741811414286 0.1676426959182403 -0.21016747706133862 0.0016353975639490223 -0.0082337021608608306 0.010322289322205594 

0.029999999999999999 3 0.0124991
1 0.99950801498400077 5.1287367435971486e-05 -6.4297084702055494e-05 -0.032805215757222131 0.0034192478711780401 -0.0042865851959533819 
1 -0.96035427680529895 -0.16759105606527941 0.21010273807850355 0.030352001079503865 0.008932731833543572 -0.011198637092050495 
1 -0.039153738178697731 0.1675397686978404 -0.21003844099380392 0.0024532146777183589 -0.01235197970472161 0.015485222288003949 

0.040000000000000001 3 0.0136333
1 0.99912523103519058 9.1179407329502148e-05 -0.00011430826671825597 -0.043753188293164783 0.0045591832693610088 -0.0057156802444240243 
1 -0.96000011465926249 -0.16748683002346029 0.20997207372636251 0.04048201493140427 0.011912786408802022 -0.014934621819310085 
1 -0.039125116375921837 0.16739565061612649 -0.2098577654596458 0.0032711733617605859 -0.016471969678163112 0.020650302063734128 

0.050000000000000003 3 0.0145833
1 0.99863291428893164 0.00014247156038043948 -0.00017861135096963938 -0.054712240072898564 0.0056992769059413442 -0.0071449736705488445 
1 -0.9595446002043424 -0.16735279325023486 0.20980403675757062 0.050622919983390365 0.014894967105639716 -0.018673271986932454 
1 -0.039088314084580973 0.16721032168985023 -0.20962542540660151 0.0040893200895082598 -0.020594244011581112 0.025818245657481403 

0.060000000000000005 3 0.0156803
1 0.99803093998209758 0.00020516559951995735 -0.00025720856011475718 -0.065685167949206757 0.0068395667276963962 -0.0085745130468056936 
1 -0.95898761078769401 -0.16718892181139583 0.20959859716669124 0.060777467236171688 0.0178798088642932 -0.022415258229801466 
1 -0.039043329194392094 0.16698375621187089 -0.20934138860657708 0.004907700713035157 -0.024719375591989667 0.030989771276607327 

0.070000000000000007 3 0.0182383
1 0.99731915529539394 0.00027926367188695918 -0.00035010258594262035 -0.076674786922379001 0.0079800895911458832 -0.010004344578856827 
1 -0.95832899615504363 -0.16699518641231112 0.20935571822812496 0.070948426623588495 0.020867848906154056 -0.026161254042601102 
1 -0.038990159140340055 0.16671592274041899 -0.20900561564218151 0.0057263602987902241 -0.028847938497299972 0.036165598621457934 

0.080000000000000002 3 0.0189734
1 0.99649737915319081 0.00036476828676567741 -0.00045729657425050413 -0.087683933890160493 0.0091208810293013833 -0.011434512813130796 
1 -0.95756857824179986 -0.16677155237279823 0.20907535646459985 0.081138590932898186 0.023859627197934264 -0.02991193636172209 
1 -0.038928800911381387 0.16640678408602658 -0.20861805989034859 0.0065453429572622044 -0.032980508227235639 0.04134644917485282 

0.089999999999999997 3 0.0197124
1 0.99556540198552124 0.00046168230114961896 -0.00057879410674600059 -0.098715471464474264 0.010261975009924099 -0.012865060333759571 
1 -0.9567061509246314 -0.16651797959732859 0.20875746160983172 0.091350779799234394 0.026855686920167529 -0.033667986152605453 
1 -0.038859251060883331 0.16605629729617263 -0.2081786675030835 0.0073646916652397414 -0.037117661930091646 0.046533046486364991 

0.099999999999999992 3 0.0204597
1 0.99452298545153639 0.00057000890283902847 -0.00071459917985693968 -0.10977229186694351 0.011403403683705604 -0.014296027446881736 
1 -0.95574147973264101 -0.16623442254053011 0.20840197656526238 0.10158784378767835 0.029856574940776343 -0.037430089003436154 
1 -0.038781505718887881 0.16566441363768467 -0.20768737738540349 0.0081844480792645051 -0.041259978624482163 0.051726116450317758 

0.10999999999999999 3 0.0211778
1 0.99336986212355016 0.00068975159096288383 -0.00086471618031252204 -0.12085732091567998 0.012545197120702834 -0.01572745185022071 
1 -0.9546743015172553 -0.16592083016791964 0.20800883735083855 0.11185266857688821 0.032862842294436229 -0.041198935726103468 
1 -0.038695560606287954 0.16523107857695093 -0.2071441211705245 0.0090046523387916043 -0.045408039415139323 0.056926387576323977 

0.11999999999999998 3 0.0219109
1 0.99210573513070943 0.0008209141537991961 -0.0010291498573374472 -0.13197352211631222 0.013687383033263027 -0.017159368285726229 
1 -0.95350432407966934 -0.16557714591181116 0.20757797304973619 0.12214817925883487 0.035875044668470628 -0.044975222965350121 
1 -0.038601411051031848 0.16475623175800713 -0.20654882319239518 0.009825342857477281 -0.049562427701733962 0.062134591251076475 

0.12999999999999998 3 0.0232489
1 0.99073027776118594 0.00096350064374924212 -0.0012079052912780286 -0.14312390087078791 0.014829986483562329 -0.018591808172926015 
1 -0.95223122575469077 -0.16520330762233296 0.20710930574694394 0.13247734476988823 0.038893742896010879 -0.048759653817029146 
1 -0.038499052006479975 0.1642398069785779 -0.20590140045566349 0.010646556100899747 -0.053723729379573378 0.067351461989955078 

0.13999999999999999 3 0.0243509
1 0.98924313302162381 0.0011175153493019551 -0.0014009878584549734 -0.15431150881817052 0.01597302957375268 -0.02002479922047436 
1 -0.95085465494954735 -0.1647992475134635 0.20660275046162752 0.14284318246928043 0.041919503457158315 -0.052552938456391793 
1 -0.038388478072060972 0.1636817321641563 -0.20520176260316969 0.01146832634889082 -0.057892533030910964 0.072577737676866011 

0.14999999999999999 3 0.0250859
1 0.9876439131524527 0.0012829627638039154 -0.0016084031920115083 -0.1655394483223781 0.017116531116565442 -0.021458365013200007 
1 -0.94937422963604823 -0.1643648921040296 0.20605821507314123 0.15324876288187153 0.044952898988884396 -0.056355794777331131 
1 -0.038269683516388646 0.16308192934022098 -0.20444981188112751 0.012290685440507827 -0.062069430105449915 0.077814159790530926 

0.16 3 0.026341
1 0.98593219909753804 0.0014598475508280943 -0.0018301571384973976 -0.17681087712266433 0.018260506284053395 -0.022892524571747216 
1 -0.9477895367944994 -0.1639001621535405 0.20547560024059969 0.16369721462315784 0.047994508804401856 -0.060168949043497968 
1 -0.038142662303025314 0.16244031460270858 -0.20364544310210078 0.013113662499506138 -0.066255015088455826 0.083061473615244935 

0.17000000000000001 3 0.0274458
1 0.98410753992643696 0.0016481745059103495 -0.0020662557098994178 -0.18812901316357278 0.019404966231964988 -0.024327291881667035 
1 -0.94610013180732666 -0.16340497259279291 0.20485479931587447 0.17419172952559234 0.051044919422737728 -0.06399313655220637 
1 -0.038007408119096898 0.1617567980868784 -0.20278854360597354 0.013937283637979778 -0.070449885654702837 0.088320428433873069 

0.18000000000000002 3 0.0286579
1 0.98216945220736707 0.0018479485143965712 -0.0023167050307959063 -0.19949713962217627 0.020549917697030788 -0.025762675388550583 
1 -0.94430553780036319 -0.16287923244911415 0.20419569824987382 0.18473556798655524 0.05410472510923154 -0.067829102312038148 
1 -0.037863914406992799 0.16103128393471355 -0.20187899321907737 0.014761571635621123 -0.074654642806262161 0.093591777700588671 

0.19000000000000003 3 0.0297639
1 0.98011741932885943 0.0020591745051150518 -0.0025815112802774673 -0.21091861015153834 0.021695362564205137 -0.027198677455495885 
1 -0.94240524492944766 -0.16232284476615316 0.20349817549199009 0.19533206455973606 0.057174528427673281 -0.071677601735037788 
1 -0.0377121743994051 0.16026367026103377 -0.2009166642117117 0.01558654559180327 -0.078869890991878147 0.098876279190533795 

0.20000000000000004 3 0.030894
1 0.97795089076780628 0.0022818573995577393 -0.002860680628237371 -0.22239685436068252 0.022841297400635192 -0.028635293778861783 
1 -0.94039870960980798 -0.16173570651808136 0.20276210188253407 0.20598463381327359 0.060254940804783268 -0.075539401344377616 
1 -0.037552181157995523 0.15945384911851854 -0.19990142125429466 0.016412220547410039 -0.083096238205418324 0.1041746951232398 

0.21000000000000005 3 0.0320511
1 0.97566928130144204 0.0025160020562201907 -0.0031542191655926886 -0.23393538355277169 0.023987712952829265 -0.030072512757886097 
1 -0.93828535368542554 -0.16111770851808688 0.20198734053801862 0.21669677647975 0.063346583107710686 -0.079415279498348812 
1 -0.037383927616010386 0.15860170646186175 -0.1988331213724229 0.017238607073022997 -0.087334296060540009 0.10948779225623512 

0.22000000000000006 3 0.0329711
1 0.97327197016053135 0.0027616132097132988 -0.0034621328279508057 -0.24553779674481771 0.025134593603155765 -0.031510314813319076 
1 -0.93606456353532308 -0.16046873532102718 0.20117374672911806 0.22747208592509599 0.066450086235211953 -0.083306027131499899 
1 -0.037207406625197212 0.15770712211130983 -0.19771161390116496 0.018065710819721782 -0.09158467983836778 0.11481634194481902 

0.23000000000000007 3 0.0339611
1 0.97075830012087305 0.0030186954042191526 -0.0037844273121855209 -0.2572077869940006 0.026281916781428563 -0.032948671649749087 
1 -0.93373568911344584 -0.15978866512009784 0.2003211677511261 0.23831425496565203 0.069566091723130816 -0.087212448513703356 
1 -0.037022611007415843 0.15676996971587506 -0.19653674043893821 0.018893532028348287 -0.095848008504559212 0.12016112016345175 

0.24000000000000007 3 0.034688
1 0.96812757652989834 0.0032872529208188088 -0.0041211079853306076 -0.26894914805766929 0.02742965232690197 -0.034387545455759741 
1 -0.93129804291850171 -0.15907736963737351 0.19942944278672681 0.24922708306503163 0.072695252364761348 -0.09113536202788261 
1 -0.036829533611385745 0.15579011671654996 -0.19530833480139451 0.019722064992636491 -0.10012490469166299 0.12552290748364184 

0.25000000000000006 3 0.0354471
1 0.9653790662648577 0.0035672896981708935 -0.0044721797851373854 -0.28076578141624103 0.028577761795527585 -0.035826888035462294 
1 -0.92875089888979712 -0.15833471400806309 0.19849840276089908 0.26021448394514679 0.075838232846626455 -0.095075600967065493 
1 -0.03662816737505184 0.15476742430988738 -0.19402622297575994 0.020551297471092588 -0.10441599464215359 0.13090248900252713 

0.26000000000000006 3 0.0361741
1 0.96251199661884379 0.0038588092459656519 -0.0048376471115753267 -0.29266170369064232 0.029726197706783149 -0.03726663986427399 
1 -0.92609349122472506 -0.15756055665833735 0.19752787018774251 0.27128049364870682 0.078995710400130967 -0.099034014351335631 
1 -0.036418505394113426 0.15370174741236678 -0.19269022307616535 0.021381210041934075 -0.10872190810691411 0.13630065421560877 

0.27000000000000007 3 0.0369051
1 0.95952555411054508 0.0041618145505191075 -0.0052175137084788849 -0.304641054488618 0.030874902723785087 -0.038706729061054067 
1 -0.92332501311322523 -0.15675474917655233 0.19651765900904258 0.28242927909387544 0.08216837546947639 -0.10301146776517298 
1 -0.03620054099731139 0.1525929346260276 -0.19130014530056233 0.022211775394738734 -0.11304327819326125 0.14171819682622633 

0.28000000000000008 3 0.0376372
1 0.95641888321320012 0.0044763079718060797 -0.0056117825344616703 -0.3167081047171515 0.03202380875971679 -0.040147070267867478 
1 -0.92044461538404077 -0.15591713617771225 0.19546757442435056 0.29366514716543551 0.085356932396112029 -0.10700884421552646 
1 -0.035974267829147671 0.15144082820590068 -0.18985579188988738 0.023042957551712713 -0.11738074115582843 0.14715591448339271 

0.29000000000000009 3 0.0383673
1 0.95319108499795169 0.0048022911311572571 -0.0060204556221262924 -0.32886726540157118 0.033172836002846109 -0.041587563427682939 
1 -0.91745140505717016 -0.15504755516100807 0.19437741271238243 0.30499255439092554 0.088562100119890491 -0.11102704501082607 
1 -0.035739679940775433 0.15024526402984417 -0.18835695709025424 0.023874711010644697 -0.12173493612273582 0.15261460843850758 

0.3000000000000001 3 0.0390913
1 0.94984121568631108 0.0051397647887639905 -0.0064435339244965839 -0.34112309705548788 0.034321891851547048 -0.043028092449250648 
1 -0.91434444379641555 -0.15414583636025422 0.19324696104352093 0.31641611725482932 0.091784612896928949 -0.1150669906609388 
1 -0.035496771889887209 0.14900607157148388 -0.18680342711902156 0.024706979800657128 -0.12610650474847576 0.15809508311018811 

0.31000000000000011 3 0.0398133
1 0.94636828510593007 0.0054887287100438692 -0.006881017147485278 -0.35348031964981652 0.035470869749776292 -0.044468523747181472 
1 -0.91112274625539547 -0.15321180258706996 0.19207599728321476 0.32794062320903289 0.095025221034011148 -0.11912962179786041 
1 -0.03524553885052361 0.14772307387701947 -0.18519498013572619 0.025539696440781735 -0.13049609078378702 0.16359814554503982 

0.32000000000000012 3 0.0406165
1 0.94277125504349857 0.0058491815198196753 -0.0073329035670832493 -0.36594382323353902 0.036619647912368422 -0.045908704643895945 
1 -0.90778527830966149 -0.15224526906663263 0.19086428978607042 0.33957104244339076 0.098284691639131699 -0.12321590011664775 
1 -0.034985976733828014 0.14639608754680647 -0.18353138621898488 0.026372780790148265 -0.13490433955149922 0.16912460476054125 

0.33000000000000013 3 0.0420506
1 0.9390490374879279 0.0062211205431513088 -0.0077991898298166345 -0.37851867926392685 0.037768087928282013 -0.047348461618566345 
1 -0.90433095516703077 -0.15124604326584803 0.18961159718043594 0.35131254048675553 0.10156380938754116 -0.127326809335778 
1 -0.034718082320893164 0.1450249227226903 -0.18181240735061716 0.02720613877717272 -0.13933189731582241 0.1746752709543416 

0.34000000000000014 3 0.0432127
1 0.9352004927564308 0.0066045416315354995 -0.0082798707348595915 -0.39121015270940368 0.038916033228545754 -0.04878759838643669 
1 -0.90075863934744749 -0.15021392471378697 0.18831766814328565 0.36317049171588339 0.10486337730230984 -0.13146335617571664 
1 -0.034441853408978554 0.14360938308224575 -0.18003779740842341 0.028039660993522147 -0.14377941053085549 0.18025095456215137 

0.35000000000000014 3 0.0443196
1 0.93122442749540979 0.0069994389730473382 -0.0087749389960157347 -0.40402371499448658 0.040063307404076855 -0.050225893789933015 
1 -0.89706713852287057 -0.14914870481424794 0.18698224116523923 0.37515049385768456 0.10818421754807446 -0.13562657135400497 
1 -0.03415728897253268 0.142149265841195 -0.17820730216922101 0.028873221136802775 -0.14824752495215068 0.18585246514393608 

0.36000000000000015 3 0.0454166
1 0.92711959254738363 0.0074058048848408978 -0.009284384981583944 -0.41696505786306504 0.041209712356767125 -0.051663099480749514 
1 -0.89325520320676044 -0.14805016665032444 0.1856050443055566 0.38725838357924658 0.11152717223615113 -0.13981751059460362 
1 -0.033864389340617182 0.1406443617654779 -0.17632065932396965 0.029706674283818308 -0.15273688459291784 0.19148061007535047 

0.37000000000000016 3 0.0465155
1 0.9228846806743326 0.0078236295862505207 -0.0098081964299037601 -0.43004010824403388 0.042355026265215395 -0.053098937369560333 
1 -0.889321524281797 -0.14691808478087431 0.18418579493697562 0.39950025327018912 0.11489310423868584 -0.1440372556485594 
1 -0.033563156392530651 0.13909445519461891 -0.17437759850706988 0.030539854973842515 -0.15724813050390063 0.19713619301811627 

0.38000000000000017 3 0.0480714
1 0.91851832412700762 0.0082529009505364018 -0.01034635813812779 -0.44325504421181744 0.043499001344182692 -0.054533096817132268 
1 -0.88526473035335751 -0.14575222502881507 0.18272419948030688 0.41188246913322418 0.11828289800883625 -0.14828691532223937 
1 -0.033253593773646131 0.13749932407827328 -0.17237784134217823 0.03137257507858919 -0.1617818993530179 0.20282001213936748 

0.39000000000000018 3 0.0496492
1 0.91401909204872678 0.0086936042330964958 -0.010898851621491241 -0.45661631214403975 0.044641361374244674 -0.055965231537340496 
1 -0.88108338491499882 -0.14455234426119784 0.18121995312872416 0.42441169071164431 0.12169746040322732 -0.15256762650841468 
1 -0.032935707133723915 0.13585874002809661 -0.17032110150723209 0.032204621432390598 -0.16633882177747084 0.20853285804575028 

0.40000000000000019 3 0.0507672
1 0.9093854877011418 0.0091457217737170356 -0.011465654740034102 -0.47013064518931086 0.045781798975136262 -0.057394956178861319 
1 -0.87677598331088613 -0.14331819016107311 0.17967273956175531 0.43709489199686502 0.12513772150199076 -0.15688055521431069 
1 -0.032609504390246041 0.1341724683873522 -0.16820708482172 0.033035753192440911 -0.17091952047712597 0.21427551139316633 

0.4100000000000002 3 0.0519073
1 0.90461594549826352 0.0096092326701516032 -0.012046741289379499 -0.4838050831702575 0.04691997259289285 -0.058821842548061248 
1 -0.87234094947861662 -0.14204950099118471 0.17808223064903325 0.44993938427551222 0.12860463542060221 -0.16122689757937717 
1 -0.032274996019638159 0.13244026832102898 -0.16603548935965359 0.033865698894743244 -0.17552460801349293 0.22004874012743234 

0.42000000000000021 3 0.0527813
1 0.89970882783371775 0.010084112420001831 -0.012642080551772482 -0.49764699406053314 0.04805550316700815 -0.060245415430736714 
1 -0.86777663245409586 -0.14074600534961615 0.1764480861439692 0.46295284089401084 0.13209918110640947 -0.16560788087386974 
1 -0.03193219537961569 0.13066189292961081 -0.16380600559219544 0.03469415316652158 -0.18015468427341452 0.22585329630460022 

0.43000000000000022 3 0.0536175
1 0.89466242168472665 0.010570332527512485 -0.013251636803133713 -0.51166409718984818 0.049187970439396149 -0.061665147964794526 
1 -0.86308130261840932 -0.13940742191758743 0.17476995336756268 0.4761433241396284 0.13562236311119763 -0.17002476446738657 
1 -0.031581119066307395 0.12883708939007216 -0.161518316564428 0.035520773050216392 -0.1848103335505909 0.23168991243217377 

0.44000000000000022 3 0.0544336
1 0.88947493497465324 0.011067860071487261 -0.01387536877137097 -0.52586448834837474 0.050316908861843146 -0.063080456509575902 
1 -0.85825314766434413 -0.13803345919968635 0.17304746688274425 0.48951931446074842 0.1391752123292567 -0.17447884075415071 
1 -0.031221787310293223 0.12696559912819641 -0.15917209811137312 0.036345173887621589 -0.18949212119109721 0.23755929726372041 

0.45000000000000023 3 0.0552516
1 0.8841444926742793 0.011576657230068624 -0.014513229040613924 -0.54025666698141794 0.051441803052795353 -0.064490694950197894 
1 -0.85329026825802279 -0.13662381525694139 0.17128024815974122 0.50308974227631076 0.14275878668818423 -0.17897143601905172 
1 -0.030854224416240927 0.12504715802686994 -0.15676701911912697 0.037166924705102827 -0.19420058974097656 0.24346213096924302 

0.46000000000000024 3 0.0562446
1 0.87866913261977087 0.012096680757603702 -0.015165163395379284 -0.55484956568725585 0.052562082747589681 -0.065895148366842904 
1 -0.84819067336828879 -0.13517817743329266 0.16946790523315844 0.51686402265530162 0.14637417177700812 -0.1835039112250926 
1 -0.030478459251466434 0.12308149667568548 -0.15430274183777862 0.037985543031949287 -0.1989362545245944 0.24939905959192904 

0.47000000000000025 3 0.0570664
1 0.87304680102317556 0.012627881408216593 -0.015831110097925205 -0.56965258225616544 0.053677117178479956 -0.067293025989206168 
1 -0.84295227523369998 -0.13369622207616266 0.16761003235167432 0.53085209318262505 0.1500224813930173 -0.18807766269893705 
1 -0.03009452578946481 0.12106834066794292 -0.15177892225374878 0.038800489073532778 -0.20369959857149478 0.25537068868813512 

0.48000000000000026 3 0.0578916
1 0.86727534764873493 0.013170203300032697 -0.01651099909120237 -0.58467561451699357 0.054786208811852331 -0.06868345334507113 
1 -0.83757288393341878 -0.13217761425206534 0.16570620962150584 0.5450644553681796 0.1537048579848791 -0.19269412268642519 
1 -0.029702463715307808 0.11900741095203067 -0.14919521053030241 0.039611159148802103 -0.20849106679672891 0.26137757603148909 

0.49000000000000027 3 0.0590987
1 0.86135252062545631 0.013723583213219235 -0.017204751118833385 -0.59992909828996199 0.055888586359647552 -0.070065463498988942 
1 -0.83205020152467457 -0.13062200745840752 0.16375600264510451 0.55951222000257139 0.15742247296505743 -0.19735475974424593 
1 -0.029302319100774396 0.11689842424518646 -0.14655125152626997 0.040416878287380949 -0.21331105932470257 0.26742022324322717 

0.50000000000000022 3 0.0602148
1 0.85527596086322466 0.01428794981412102 -0.017912276752440864 -0.61542404878123558 0.056983396969991724 -0.071437987261958519 
1 -0.82638181570500546 -0.12902904333295062 0.16175896215692448 0.57420715691645274 0.16117652685906805 -0.20206107892704658 
1 -0.028894145158210975 0.11474109351882741 -0.14384668540448112 0.041216891864770025 -0.21815992382905761 0.27349906618899833 

0.51000000000000023 3 0.0613277
1 0.84904319603625555 0.014863222796751417 -0.018633475315365008 -0.63117210579674765 0.058069697488064356 -0.072799842235497333 
1 -0.82056519295281982 -0.12739835136276118 0.1597146236585372 0.58916174966235291 0.16496824925250853 -0.20681462172103182 
1 -0.028478003083428093 0.11253512856600763 -0.14108114834317045 0.042010356134381525 -0.22303794674057009 0.27961446395652273 

0.52000000000000024 3 0.0627728
1 0.84265163409351318 0.015449311931727714 -0.01936823369035031 -0.64718558320093877 0.059146444661974031 -0.074149720533111405 
1 -0.81459767109403647 -0.12572954859489086 0.15762250705592976 0.60438925570917579 0.16879889848889185 -0.2116169656651444 
1 -0.028053962999468468 0.11028023666316095 -0.1382542733655788 0.042796327491751308 -0.22794534315086307 0.28576668619824896 

0.53000000000000025 3 0.0637829
1 0.83609855625136731 0.016046116011399356 -0.020116424997090428 -0.66347752310111408 0.060212484149434309 -0.075486174998366407 
1 -0.80847645123649525 -0.12402223935155349 0.1554821163024277 0.61990377282252684 0.17266976106175452 -0.21646972358897518 
1 -0.027622105014860135 0.10797612334015232 -0.13536569130533702 0.043573750278573534 -0.23288224521118631 0.29195589858733434 

0.54000000000000026 3 0.0648868
1 0.82938110941852594 0.016653521678363016 -0.020877907123581473 -0.68006175530146928 0.061266538158847764 -0.076807603710970951 
1 -0.80219858900646124 -0.12227601495319394 0.15329293905151295 0.63572031240020743 0.1765821506329554 -0.22137454238204368 
1 -0.027182520412054274 0.1056224932748292 -0.13241503192793211 0.044341442901250867 -0.23784868879180099 0.29818214609300792 

0.55000000000000027 3 0.0670779
1 0.82249629799754764 0.017271402122771184 -0.021652521092985249 -0.69695296264379791 0.062307191532398644 -0.078112232539663179 
1 -0.79576098501335046 -0.12049045345357065 0.15105444632471685 0.65185488064438823 0.18053740659514478 -0.22633310119161087 
1 -0.026735312984188082 0.10321905133079795 -0.12940192523173186 0.045098081999401941 -0.24284459812754097 0.30444533373126681 

0.56000000000000028 3 0.0681698
1 0.81544097500063673 0.01789961563176665 -0.022440089245109238 -0.71416675293595111 0.063332876048205949 -0.079398095462394985 
1 -0.78916037445943621 -0.1186651193919029 0.14876609220088458 0.66832456858313072 0.18453689207940802 -0.23134710892494431 
1 -0.026280600541189716 0.10076550376013509 -0.12632600295577581 0.045842184352811087 -0.24786976812761122 0.31074520438733155 

0.57000000000000028 3 0.0692639
1 0.80821183240991035 0.018538003971971757 -0.023240413208592419 -0.73171973826657144 0.064341852682608239 -0.0806630123292153 
1 -0.78239331580027238 -0.11679956356820051 0.14642731353452512 0.68514765210754325 0.1885819912885385 -0.23641830090613522 
1 -0.025818516609627067 0.098261559596227635 -0.12318690032593292 0.046572086159022877 -0.25292384397114404 0.31708131323534128 

0.58000000000000029 3 0.0701959
1 0.80080539070386969 0.019186390583165378 -0.024053271636384418 -0.74962962261752419 0.065332191531177822 -0.081904563689981155 
1 -0.77545617834914826 -0.11489332284922618 0.1440375297125461 0.70234370337147434 0.19267410601126225 -0.24154843450610974 
1 -0.025349212354711274 0.095706932266059891 -0.11998425807616168 0.047285919246043716 -0.25800629754243787 0.32345299819608081 

0.5900000000000003 3 0.0709808
1 0.79321798746196237 0.019844578558020454 -0.024878417673017367 -0.76791529881665954 0.066301749036775243 -0.083120062246009013 
1 -0.76834512870433502 -0.11294592001412575 0.14159614246072708 0.71993371511378002 0.1968146511421057 -0.24673928352605329 
1 -0.024872858757613369 0.093101341456104006 -0.11671772478771068 0.047981583702874683 -0.26311640017887861 0.32985934577205256 

0.60000000000000031 3 0.0717318
1 0.7854457649479738 0.02051234837897202 -0.02571557611740043 -0.78659695602682278 0.067248142113284157 -0.084306520409955954 
1 -0.76105611586104849 -0.1109568636507002 0.13910253571368564 0.73794023971523826 0.20100504899401223 -0.25199263106735081 
1 -0.024389649086909389 0.090444515271727144 -0.11338695959628675 0.048656716311583345 -0.26825319110729562 0.33629915147729633 

0.61000000000000032 3 0.0725148
1 0.77748465656027443 0.021189455378823628 -0.026564440239275303 -0.8056961991458762 0.068168718682649454 -0.08546061336918416 
1 -0.7535848548505496 -0.10892564811564812 0.13655607556502475 0.75638754510159045 0.20524672214466577 -0.2573102605632771 
1 -0.023899801709708301 0.087736192736823274 -0.10999163532575196 0.049308654044283508 -0.273415440827314 0.34277087393245126 

0.62000000000000033 3 0.0735507
1 0.76933037202191479 0.021875626886466694 -0.027424668200909511 -0.82523618170254431 0.06906052405806111 -0.086578636941599341 
1 -0.74592680872578621 -0.10685175357496046 0.13395611031798346 0.77530178996096699 0.20954108450054967 -0.26269394457634709 
1 -0.023403563296099616 0.084976126688493026 -0.10653144211707746 0.049934391741581451 -0.27860160855861216 0.34927258151793322 

0.63000000000000034 3 0.0747447
1 0.76097838116683736 0.022570559012924939 -0.028295879027880777 -0.84524175408001279 0.069920262504646183 -0.087656459385706417 
1 -0.73807716868657403 -0.10473464614416744 0.13130197066125573 0.79471122117082638 0.21388953019240872 -0.26814543087696052 
1 -0.022901212480247752 0.08216408713124225 -0.10300609163337743 0.050530532909185945 -0.28380979269705187 0.35580189026266229 

0.64000000000000035 3 0.0762815
1 0.75242389615846861 0.023273913025656772 -0.029177648063669119 -0.86573962919018876 0.070744253187247294 -0.088689466173958884 
1 -0.73003083210526964 -0.10257377815240554 0.12859297000003694 0.81464639684175133 0.21829341982837233 -0.27366642520944967 
1 -0.022393064053185568 0.079299865126748456 -0.099415321936369774 0.05109323234843556 -0.28903767301561445 0.36235589138340202 

0.65000000000000036 3 0.0772905
1 0.74366185195418844 0.023985311250431348 -0.03006950183199314 -0.88675856806740327 0.071528379568002329 -0.089672496554362491 
1 -0.7217823781776932 -0.10036858855953698 0.12582840497895639 0.83514043900410151 0.22275406352218965 -0.27925857001519311 
1 -0.021879473776486774 0.076383277309103756 -0.095758903146964183 0.051618129063307587 -0.29428244309019214 0.36893106656954899 

0.66000000000000036 3 0.0783515
1 0.73468688480246258 0.024704332429871703 -0.030970912217986511 -0.90832958825997023 0.072268031139160652 -0.09059977050306145 
1 -0.7133260408792349 -0.098118503562037593 0.12300755624166278 0.85622932071191327 0.22727269997783867 -0.2849234182117657 
1 -0.021360843923222361 0.073414171132166556 -0.09203664402367652 0.052100267548058216 -0.29954073111700041 0.37552318871482487 

0.67000000000000037 3 0.0793886
1 0.72549330852827565 0.025430506455562774 -0.031881289864033463 -0.93048619838744984 0.072958036161477655 -0.091464804400934047 
1 -0.70465567885468128 -0.095822937431400954 0.12012968948188125 0.87795219324968388 0.23185047074073792 -0.29066240091264789 
1 -0.020837629673598538 0.070392430975838999 -0.088248399617847417 0.052534005137773704 -0.30480850690221606 0.38212720531357885 

0.68000000000000038 3 0.0804026
1 0.71607508832597577 0.02616330837606343 -0.032799976657834642 -0.95326466281756539 0.07359258381679902 -0.092260313439152017 
1 -0.69576474180759773 -0.09348129363867079 0.11719405685321996 0.90035176024147689 0.2364883885100196 -0.29647678770145863 
1 -0.020310346518371998 0.067317985262608876 -0.084394080195382026 0.052912902576092012 -0.31008097232682141 0.38873710114060811 

0.69000000000000039 3 0.0814116
1 0.70642581173561902 0.026902151565702397 -0.033726237168379962 -0.97670430112093853 0.074165133863822591 -0.092978098357931707 
1 -0.68664623288080162 -0.091092966331179775 0.11419989882049122 0.92347470683091337 0.24118729813270975 -0.30236763773181385 
1 -0.019779578854810954 0.064190814765480261 -0.080473661652109271 0.053229594290028034 -0.31535243199653185 0.3953457360897486 

0.7000000000000004 3 0.0824146
1 0.69653865642838686 0.027646379918040656 -0.034659248859177046 -1.0008478278133854 0.074668311494108797 -0.093608913631401822 
1 -0.67729266642927499 -0.088657342242967396 0.11114644655473438 0.94737219379181237 0.24594782855205793 -0.30833573948672544 
1 -0.019245989999095107 0.061010962324929432 -0.076487197695555564 0.053475634021583368 -0.32061614004616684 0.40194465311813155 

0.71000000000000041 3 0.0834365
1 0.68640635436629915 0.028395258902515205 -0.035598090876297318 -1.025741738927977 0.075093784603102759 -0.094142313606775926 
1 -0.66769602047861343 -0.086173803139773575 0.10803292499841109 0.97210042853070722 0.25077033353574829 -0.31438153647171102 
1 -0.018710333887673493 0.057778544237259893 -0.072434834122111588 0.053641310397253027 -0.32586411813885324 0.4085238500784914 

0.72000000000000042 3 0.0844495
1 0.67602115183024247 0.029147965292067451 -0.0365417311702778 -1.0514367532190754 0.075432120094631142 -0.094566472358611584 
1 -0.65784768302937757 -0.083641728924032932 0.10485855675803255 0.99772132756951659 0.25565481843427373 -0.32050503539449948 
1 -0.01817346880084764 0.054493763631967486 -0.068316825587752178 0.053715425649561686 -0.33108693852891624 0.41507150775311624 

0.73000000000000043 3 0.0854506
1 0.66537476472444923 0.029903575332156151 -0.037489011664055029 -1.0779883173457707 0.075672615097365531 -0.094867972091084898 
1 -0.64773839120629184 -0.081060501556337788 0.10162256702034395 1.0243032884003902 0.26060084947398948 -0.32670569244902919 
1 -0.017636373518127722 0.051156926224185578 -0.064133555356288424 0.0536850289453977 -0.33627346457136681 0.42157366454011069 

0.74000000000000044 3 0.0868986
1 0.65445832846341234 0.03066105107592635 -0.038438631121861987 -1.105457186286646 0.075803098048813189 -0.095031553764327148 
1 -0.63735816205211326 -0.078429509989438526 0.098324189737898096 1.051922092789954 0.26560744111603207 -0.33298227210149578 
1 -0.017100166411253961 0.047768458913516568 -0.059885558616034222 0.053535093496702803 -0.34141053916485298 0.4280138258658106 

0.75000000000000044 3 0.0879107
1 0.64326234162273344 0.031419224554270146 -0.039389125303822319 -1.1339100926038255 0.075809693446270296 -0.095039822171347654 
1 -0.62669621351945248 -0.075748156361626282 0.094962675393477178 1.0806619689477066 0.27067291573359664 -0.33933267117293092 
1 -0.016566128103228873 0.044328931807361319 -0.05557355008965386 0.053248123656149303 -0.34648260917987261 0.43437249334426081 

0.76000000000000045 3 0.0889325
1 0.63177660238562472 0.032176779380532858 -0.040338843904439835 -1.1634205211279725 0.075676542608427683 -0.094872895867134266 
1 -0.61574087390727961 -0.073015863761932628 0.091537300735038074 1.110616846833661 0.27579472816702966 -0.34575369889036295 
1 -0.016035728478296145 0.040839084381405585 -0.051198456830596865 0.052803674294336238 -0.3514712707754658 0.44062659475747717 

0.77000000000000046 3 0.0899386
1 0.61999013663253011 0.032932229304198896 -0.041285923666151365 -1.1940696093549283 0.075385470948802394 -0.094507990041606385 
1 -0.60447947760299636 -0.070232085964667915 0.088047380979537265 1.1418918497720196 0.28096924545648894 -0.35224080074575953 
1 -0.015510659029490406 0.037299856660475625 -0.046761457313384713 0.052177759582937987 -0.35635471640529404 0.4467487907873452 

0.78000000000000047 3 0.0909486
1 0.60789111629643977 0.033683893121660452 -0.042228256925878768 -1.2259471985618517 0.074915589917341943 -0.093918917488460887 
1 -0.59289824450442619 -0.067396319642312658 0.084492285123789368 1.1746050771586436 0.28619146900991388 -0.3587877101882625 
1 -0.014992871791962082 0.033712426520657521 -0.042264028197911717 0.0513421214032449 -0.36110705892725653 0.45270662767669972 

0.79000000000000048 3 0.0919726
1 0.59546676632693296 0.034429865219346593 -0.043163454686032672 -1.2591530666869388 0.074242818764818808 -0.093075489058783364 
1 -0.58098213987463065 -0.064508119712783404 0.080871455184774024 1.2088897483875587 0.29145468232963823 -0.36538600699197132 
1 -0.01448462645225638 0.030078254493441117 -0.037708000498742872 0.050263318299422308 -0.36569750109446514 0.45846149605073172 

0.80000000000000049 3 0.0929816
1 0.58270325825868774 0.035167980857533775 -0.044088803092103196 -1.2937983818138952 0.073339307418280625 -0.091942790141254935 
1 -0.56871471058417156 -0.061567118672731409 0.077184430437070239 1.2448967985628656 0.29675000174459332 -0.37202455402547091 
1 -0.013988547674475224 0.026399137815202901 -0.033095627344968258 0.04890158325106115 -0.3700893091628864 0.46396734416670071 

0.8100000000000005 3 0.0943234
1 0.56958558794282754 0.035895775092066436 -0.045001211934336406 -1.3300074252795901 0.072172736742695864 -0.090480303425929207 
1 -0.55607789265911245 -0.058573051031263278 0.073430878044515008 1.2827980441075189 0.30206579971530034 -0.37868877427051245 
1 -0.013507695283678525 0.022677275939202129 -0.028429666110180687 0.047209381172109065 -0.37423853645801602 0.46916907769641569 

0.82000000000000051 3 0.0955606
1 0.55609743444551585 0.036610433962726889 -0.045897153454386025 -1.3679196468593939 0.070705465917821855 -0.08864084000200774 
1 -0.54305178369377793 -0.055525784314969052 0.069610631930072026 1.3227900739327132 0.30738695920759507 -0.38535971605781116 
1 -0.013045650751699441 0.018915350352247434 -0.023713478475687853 0.045129572926705226 -0.37809242512544072 0.47400055605979169 

0.83000000000000052 3 0.0966613
1 0.54222099640827393 0.037308736233186535 -0.046772589306840362 -1.4076921324481988 0.068893488045858556 -0.086369230041576525 
1 -0.52961437188590577 -0.052425358604288923 0.065723742341111058 1.365099073683083 0.31269390187043067 -0.39201283472933252 
1 -0.01260662452232306 0.015116622371106649 -0.018951153034274557 0.042593058765155116 -0.38158738991631358 0.47838206477088202 

0.84000000000000052 3 0.0977972
1 0.52793680124471654 0.03798698352424746 -0.047622882969830908 -1.4495025890089746 0.066685143677811087 -0.083600709994982036 
1 -0.51574121103419901 -0.049272037240588755 0.061770539419012324 1.4099868631591654 0.31796130999176586 -0.39861639040141522 
1 -0.012195590210489051 0.011285053716345795 -0.014147656449185957 0.039515725849869884 -0.38464645366960976 0.48221710039636495 

0.85000000000000053 3 0.098927
1 0.51322348134240892 0.038640916106205195 -0.048442694177026999 -1.4935529850868694 0.06401952664763863 -0.080258924043770066 
1 -0.50140502755243188 -0.046066372299696692 0.057751715280919075 1.4577585301699012 0.32315642881150919 -0.40512931963700916 
1 -0.01181845378994587 0.0074254561934955369 -0.009309021103897034 0.035794454917017479 -0.38717595545918065 0.48538824368073957 

0.86000000000000054 3 0.100065
1 0.49805750983396613 0.039265610861945709 -0.04922585099771952 -1.5400740321335711 0.060824495917179519 -0.076253431623858461 
1 -0.48657524102342559 -0.042809289794169127 0.053668430834686628 1.5087721930747677 0.32823678591347649 -0.41149837633132125 
1 -0.011482268810511948 0.0035436789322261862 -0.0044425798369728499 0.03130183905885512 -0.38906128183068761 0.48775180795515227 

0.87000000000000055 3 0.101197
1 0.48241288633495194 0.039855356935473929 -0.049965193941958433 -1.589330758871077 0.057014178854214212 -0.071476577377147604 
1 -0.47121737346941872 -0.039502201551654341 0.049522456036671179 1.5634516434285926 0.3331470885362271 -0.41765424198462126 
1 -0.011195512865495643 -0.0003531553838167456 0.00044273790528139576 0.025879115442549564 -0.39016126739046458 0.48913081936174435 

0.88000000000000056 3 0.103658
1 0.46626076006687234 0.040403503249878028 -0.050652384799440821 -1.6416295284987716 0.052485812221004735 -0.065799530815131346 
1 -0.45529231347145216 -0.036147153653948799 0.045316355984303024 1.622302948899526 0.3378149416522605 -0.42350615761576854 
1 -0.010968446595403905 -0.0042563495959268977 0.0053360288151317794 0.019326579599293518 -0.3903007538732936 0.48930568843087024 

0.89000000000000057 3 0.105772
1 0.44956897360847875 0.040902270282605915 -0.051277670669102757 -1.6973269939824935 0.047115712202355713 -0.059067234091407739 
1 -0.43875538813146553 -0.032747025757842899 0.041053740797304471 1.685936600711488 0.3421448417668293 -0.42893439400878292 
1 -0.010813585476999156 -0.008155244524759013 0.010223929871790783 0.011390393271132978 -0.38926055396918979 0.48800162810015729 

0.90000000000000058 3 0.107821
1 0.43230150453472388 0.041342516031002911 -0.051829590558725637 -1.7568417089834134 0.040754086420684385 -0.051091898015956871 
1 -0.42155517637439005 -0.029305802477123645 0.036739605839308 1.7550975817633518 0.34600959404029513 -0.43377949167518176 
1 -0.010746328160332431 -0.012036713553875819 0.01508998471941164 0.0017441272201578343 -0.38676368046098231 0.48487138969110072 

0.91000000000000059 3 0.109702
1 0.41441777341580277 0.041713442697323473 -0.052294607666737457 -1.8206694614747363 0.033218286974542849 -0.041644543637879408 
1 -0.40363196745673441 -0.025828948888662596 0.032380802476022069 1.8307070098540617 0.34923778219885915 -0.43782655234223716 
1 -0.010785805959030751 -0.015884493808657123 0.019913805190706926 -0.010037548379309221 -0.38245606917341218 0.4794710959800863 

0.9200000000000006 3 0.112089
1 0.39587177337876189 0.042002225824009719 -0.052656644442756653 -1.8894039637937541 0.024283934330826745 -0.03044387459577641 
1 -0.38491572229451515 -0.022323940020628628 0.027986701875114168 1.9139211377221339 0.35159501674270677 -0.44078173052169711 
1 -0.010956051084198412 -0.019678285803375554 0.024669942567633232 -0.024517173928417579 -0.37587895107355868 0.47122560511743306 

0.9300000000000006 3 0.114153
1 0.3766109557639471 0.042193540711930114 -0.05289648887557493 -1.9637654840375312 0.013673083942294339 -0.017141442041718379 
1 -0.36532332078811119 -0.018801024289942431 0.023570152099635023 2.0062171562636784 0.35275504685698789 -0.44223601757608055 
1 -0.011287634975779275 -0.023392516421982472 0.02932633677592875 -0.042451672226310362 -0.36642813079931918 0.45937745961773796 

0.94000000000000061 3 0.11621
1 0.35657477305379637 0.042268950802380946 -0.05299102773018094 -2.0446416631132962 0.00103820170385071 -0.001301555260635189 
1 -0.34475475430545421 -0.015274353858874962 0.019148895194496807 2.1095218145967318 0.35225370792598099 -0.44160750741224752 
1 -0.011820018748302514 -0.026994596943502095 0.033842132535671705 -0.064880151483493173 -0.35329190962988366 0.44290906267281099 

0.95000000000000062 3 0.118871
1 0.33569272424520885 0.04220610733092716 -0.05291224318324711 -2.1331477865438542 -0.01405994873287386 0.017626440189439419 
1 -0.32308770740759729 -0.01176371260673844 0.014747733480962448 2.2264111884519697 0.34941244524820614 -0.43804552097801136 
1 -0.012605016837541342 -0.030442394724185994 0.038164509702269353 -0.093263401908029051 -0.33535249651538651 0.42041908078847756 

0.96000000000000063 3 0.12023
1 0.31388164939525487 0.041977685441292691 -0.052625879068265533 -2.2307195789622787 -0.032183540097807557 0.0403473195668273 
1 -0.30016958204051408 -0.0082972627540173899 0.010401972898220094 2.3604342947684533 0.34320487798176397 -0.43026332239231685 
1 -0.013712067354650383 -0.033680422687268341 0.042223906170023723 -0.1297147158060985 -0.31102133788400538 0.38991600282539174 

0.97000000000000064 3 0.121991
1 0.29104183763251174 0.041549942354254674 -0.052089633304964293 -2.339263383275477 -0.054063138895359741 0.067776967206470293 
1 -0.27580526670018846 -0.0049161271943391153 0.0061631677043046127 2.5166645837630659 0.3320093641334953 -0.41622791877987647 
1 -0.015236570932304822 -0.036633815159909135 0.045926465600642924 -0.17740120048810765 -0.27794622523821882 0.34845095157329181 

0.98000000000000065 3 0.123742
1 0.26705115290488274 0.040880714222516754 -0.051250646630033543 -2.4614143369908725 -0.080666563127580457 0.10112870091279506 
1 -0.24973741209613656 -0.0016825181298093506 0.0021093110470095534 2.7026999834196634 0.31311361996390785 -0.39253901985368345 
1 -0.017313740808765118 -0.039198196092703898 0.049141335582997658 -0.24128564642885708 -0.23244705683643904 0.2914103189408091 

0.99000000000000066 3 0.125531
1 0.24175561489661471 0.039916538051902727 -0.050041894455574755 -2.6010145217003631 -0.1133092594156296 0.14205164769408832 
1 -0.22161254389628518 0.0013046438256531451 -0.0016355839411949687 2.9306228303356798 0.28161927041787521 -0.3530557131130248 
1 -0.020143071000346732 -0.041221181877546816 0.05167747839674091 -0.32960830863572205 -0.16831001100239013 0.21100406541889286 

1.0000000000000007 3 0.127786
1 0.21495307433027441 0.038588308740939541 -0.048376742259610597 -2.764086564998447 -0.153847184882029 0.19287255267829567 
1 -0.19091789187310268 0.0038762898273665258 -0.0048595618730407015 3.2212423885733328 0.22767096561159372 -0.28542270917705159 
1 -0.024035182457233451 -0.042464598568302439 0.053236304132628559 -0.45715582357397216 -0.073823780729620092 0.092550156498677746 

1.0100000000000007 3 0.130817
1 0.18636183657776145 0.036804181612553867 -0.046140047751254368 -2.9610836104411815 -0.20506649305922353 0.25708431399279014 
1 -0.15685020124464358 0.005709618872963034 -0.0071579390139306764 3.6145373834651719 0.1279534509296848 -0.16041053155286261 
1 -0.029511635333366565 -0.042513800485520607 0.053297986765164181 -0.65345377302363461 0.077113042129486956 -0.096673782439925096 

1.0200000000000007 3 0.133573
1 0.15555090266944879 0.034436077306667118 -0.04317124255135215 -3.2131206299003963 -0.27171595158911521 0.34064028683165326 
1 -0.1180018882694558 0.0060617306913967536 -0.0075993686397074758 4.1994722201656023 -0.089769375905874971 0.11254056222423567 
1 -0.037549014399644136 -0.040497807998100467 0.050770611190969747 -0.98635159026532937 0.36148532749478518 -0.45318084905606515 

1.0300000000000007 3 0.169983
1 0.12174598747797696 0.031283376918935284 -0.039218818123932624 -3.5747812554511644 -0.36522503410560841 0.45786918157796946 
1 -0.071555985336202249 0.0024372456652081934 -0.0030554851771597055 5.168941740136475 -0.81054838384179806 1.0161546730982558 
1 -0.050190002140814656 -0.033720622584210255 0.042274303301101608 -1.5941604846937611 1.1757734179476904 -1.4740238546772748 

1.0400000000000007 3 0.644521
1 0.083110120054493919 0.026851530691076132 -0.033662775641100026 -4.2252419164314192 -0.55180080631155426 0.69177235947176907 
1 -0.028044003245957995 -0.019344506591890999 0.024251495856319874 0.89776069178792073 -2.944058141980646 3.6908573238671472 
1 -0.055066116807675897 -0.0075070240992430731 0.0094112797849014614 3.3274812246382304 3.495858948287013 -4.3826296833457858 

1.0500000000000007 3 1.09321
1 0.03407822919882128 0.019223846217297211 -0.024100228386042057 -6.2185286361762486 -1.0753601223539084 1.3481394021290269 
1 -0.02775438976835292 -0.034922005261390818 0.043780432541537601 0.15926917785000044 -0.62807322497501972 0.78739228321080135 
1 -0.0063238394295746566 0.01569815904397209 -0.019680204155329818 6.0592594583248669 1.7034333473133194 -2.1355316853502209 

1.0600000000000007 3 45.461
1 0.021257378144282819 0.047874535163649375 -0.060018542508956614 1.2419381706476997 3.0279676646059062 -3.7960516040103975 
1 -0.020835935029780067 -0.03432067483166177 0.043026566716581637 1.5409425068610547 1.0459710644563234 -1.3112954219918169 
1 -0.00042144311351045497 -0.013553860332206291 0.016991975792696627 -2.782880677501713 -4.0739387290932259 5.1073470260076359 

