0 3 0
1 1 0 0 0 0 0 
1 -0.6352314052151431 0.14769038422984299 0.2304255287872298 0 0 0 
1 -0.3647685947848569 -0.14769038422984299 -0.2304255287872298 0 0 0 

0.01 3 0.00190616
1 0.99995675692847075 -1.1177689891151706e-06 -1.743935542736444e-06 -0.0086487767201598158 -0.00022352833344981105 -0.00034874737920609908 
1 -0.63515404141781451 0.14762386607164726 0.23032174761111657 0.015474699849880725 -0.013305533516243313 -0.020759202518596476 
1 -0.36480271551066545 -0.14762274830266031 -0.23032000367557193 -0.0068259231297207864 0.013529061849693262 0.021107949897802656 

0.02 3 0.00341105
1 0.99982701796821749 -4.4695477904354148e-06 -6.9733579367500535e-06 -0.017299502704473956 -0.00044675098309078092 -0.00069701783262137113 
1 -0.63492183349165221 0.14742419737315268 0.23001022587141592 0.03097272508123862 -0.026633930378455122 -0.041554076273421427 
1 -0.36490518447658005 -0.14741972782536475 -0.23000325251347498 -0.013673222376764644 0.027080681361546306 0.04225109410604326 

0.029999999999999999 3 0.00474596
1 0.99961075387441756 -1.0050748869875774e-05 -1.5681109742693161e-05 -0.025954128781764518 -0.00066936165794892857 -0.0010443334871601173 
1 -0.63453443071851068 0.14709103434613763 0.22949042719208604 0.04651762465655928 -0.040008277672293847 -0.062420641577840712 
1 -0.3650763231559162 -0.14708098359727209 -0.22947474608234075 -0.020563495874793825 0.040677639330243071 0.063464975065001233 

0.040000000000000001 3 0.00570798
1 0.9993079158796182 -1.785371621950155e-05 -2.7855246109274565e-05 -0.034614608908521888 -0.00089105285317336315 -0.0013902145758541548 
1 -0.63399124482253066 0.14662380026207625 0.22876145176522167 0.062133400039290486 -0.053452115279546311 -0.083395625194646592 
1 -0.36531667105708449 -0.14660594654586059 -0.22873359651910763 -0.027518791130768043 0.054343168132720054 0.084785839770500901 

0.050000000000000003 3 0.0064199
1 0.99891843565464888 -2.7867710189023054e-05 -4.3479011107461781e-05 -0.043282901728468645 -0.0011115152443021505 -0.0017341784927905647 
1 -0.63329144425752459 0.14602167973603006 0.22782202743281363 0.077844745027566345 -0.06698967580072214 -0.10451683466165067 
1 -0.36562699139711924 -0.14599381202584527 -0.22777854842170106 -0.03456184329909729 0.068101191045024073 0.10625101315444073 

0.060000000000000005 3 0.0071249
1 0.9984422252539874 -4.0078886267546092e-05 -6.2530804625910075e-05 -0.05196097212673547 -0.0013304370831754024 -0.0020757388506194895 
1 -0.63243394601638514 0.14528361053214689 0.22667049690173915 0.093677302564929316 -0.080646141374817126 -0.12582355898012912 
1 -0.36600827923761059 -0.14524353164588275 -0.22660796609710671 -0.041716330438194275 0.081976578457991264 0.12789929783074716 

0.070000000000000007 3 0.00782681
1 0.99787917704563545 -5.4470267836300365e-05 -8.498413985996451e-05 -0.060650792776393653 -0.0015475035963908163 -0.0024144045420284076 
1 -0.6314174047594886 0.14440827268853976 0.22530480077647935 0.10965794536733227 -0.094447924192079244 -0.14735700626891576 
1 -0.36646177228614929 -0.14435380242070589 -0.2252198166366102 -0.049007152590940128 0.095995427788467591 0.14977141081094281 

0.080000000000000002 3 0.00853181
1 0.99722916362550496 -7.1021712923533139e-05 -0.00011080759144285515 -0.069354345674679407 -0.0017623963875135794 -0.0027496788070744014 
1 -0.63024019898513328 0.14339407468624032 0.22372245598000429 0.12581508832652263 -0.10842297859935732 -0.16916079070904283 
1 -0.36698896464036435 -0.14332305297331552 -0.22361164838855535 -0.056460742651844718 0.11018537498686794 0.17191046951611674 

0.089999999999999997 3 0.00922894
1 0.99649203771656281 -8.9709875006867016e-05 -0.00013996473428982295 -0.078073623665694536 -0.0019747928446751735 -0.0030810583089235584 
1 -0.62890041387817541 0.14223913630061147 0.22192052899868545 0.14217904220106245 -0.12260115422377685 -0.1912814834848886 
1 -0.36759162383834981 -0.14214942642560408 -0.22178056426438786 -0.06410541853537241 0.12457594706844931 0.1943625417938139 

0.099999999999999992 3 0.00977778
1 0.99566763205278452 -0.00011050815792774107 -0.00017241407325592709 -0.086810631945676411 -0.0021843655557424201 -0.0034080322214017594 
1 -0.62739582036806818 0.14094126766964624 0.21989560322476842 0.15878242021148223 -0.13701460160942847 -0.21376924565576033 
1 -0.3682718116846791 -0.14083075951171667 -0.21972318915150435 -0.071971788265809786 0.13919896716516816 0.21717727787716362 

0.10999999999999999 3 0.0102856
1 0.99475575924828297 -0.00013338666500580142 -0.00020810896374466448 -0.09556738954606224 -0.0023907817339392009 -0.003730081332853762 
1 -0.62572384979739393 0.139497943985018 0.21764373946954876 0.17566061198983191 -0.15169824464312953 -0.23667856523135078 
1 -0.36903190945085151 -0.1393645573200111 -0.2174356305057969 -0.080093222443773787 0.1540890263770659 0.24040864656420674 

0.11999999999999998 3 0.0109897
1 0.99375621165158823 -0.00015831214247856703 -0.00024699752346292551 -0.10434593078843452 -0.0025937026576871966 -0.0040466771721865743 
1 -0.62388156344017875 0.13790627505195927 0.21516042847088951 0.19285234315313871 -0.16669033778865963 -0.26006912656477266 
1 -0.369874648211371 -0.13774796290948169 -0.21491343094741763 -0.088506412364704676 0.16928404044634202 0.26411580373696902 

0.12999999999999998 3 0.0116856
1 0.99266876118562075 -0.00018524791743054891 -0.00028902253557843707 -0.11314830670413682 -0.00279278312955417 -0.0043572811647237964 
1 -0.62186561590137146 0.13616296875923908 0.21244053389932882 0.21040034392532861 -0.18203313119335518 -0.28400684804736281 
1 -0.37080314528421232 -0.13597772084180862 -0.21215151136374419 -0.097252037221191051 0.18482591432290693 0.28836412921209809 

0.13999999999999999 3 0.0123847
1 0.99149315917370107 -0.00021415383043126138 -0.00033412134362202845 -0.12197658640956688 -0.0029876709606107658 -0.0046613438277034016 
1 -0.61967221116128501 0.13426428723720277 0.20947822395616822 0.2283521572479062 -0.19777367358441833 -0.3085651347819523 
1 -0.37182094801237503 -0.1340501334067751 -0.2091441026125411 -0.10637557083833542 0.20076134454502553 0.31322647860966618 

0.14999999999999999 3 0.0130847
1 0.99022913615203179 -0.00024498616317799536 -0.00038222573859640369 -0.13083285842614018 -0.0031780064882811401 -0.0049583040180309432 
1 -0.61729704967959054 0.13220599413908843 0.20626688912210844 0.24676112646104689 -0.21396479227340637 -0.3338264075792417 
1 -0.3729320864724 -0.1319610079759124 -0.2058846633835103 -0.11592826803489674 0.21714279876168235 0.33878471159728302 

0.16 3 0.0137796
1 0.98887640166931579 -0.00027769756152627668 -0.00043326183888876374 -0.13971923193117475 -0.0033634221380405018 -0.0052475882484431212 
1 -0.61473526450868832 0.12998329102526804 0.20279904290442904 0.26568761601092777 -0.23066630260195792 -0.35988398992673282 
1 -0.37414113716058695 -0.12970559346374436 -0.20236578106553529 -0.12596838407974301 0.23402972473999403 0.3651315781751856 

0.17000000000000001 3 0.0144765
1 0.98743464407432058 -0.00031223695441032234 -0.00048714996377108229 -0.14863783792266405 -0.0035435420422022779 -0.0055286100927425625 
1 -0.61198134374351221 0.12759074022110797 0.19906620148029747 0.28520053744904139 -0.24794651742689605 -0.38684446307708303 
1 -0.37545330033077434 -0.12727850326669998 -0.19857905151651936 -0.13656269952636477 0.25149005946909381 0.39237307316983305 

0.18000000000000002 3 0.0151715
1 0.98590353029229372 -0.00034854946930562613 -0.00054380450150538187 -0.15759083027672802 -0.003717981732744556 -0.0058007697065473526 
1 -0.6090290357859669 0.12502217069084809 0.19505873684187225 0.30537927980515572 -0.2658841532225617 -0.41483063993594649 
1 -0.37687449450629218 -0.12467362122154621 -0.19451493234036132 -0.14778844952841652 0.26960213495530366 0.4206314096424959 

0.19000000000000003 3 0.0158675
1 0.98428270559138509 -0.00038657634507822545 -0.00060313377337178767 -0.16658038667102182 -0.003886347929916806 -0.0060634534974766691 
1 -0.60587123272947085 0.12227056232828058 0.19076569626738535 0.32631618225215886 -0.28457076691134997 -0.44398536698831814 
1 -0.37841147286187476 -0.12188398598320721 -0.19016256249400801 -0.15973579558112555 0.28845711484126335 0.45004882048579231 

0.20000000000000004 3 0.0165527
1 0.98257179334073774 -0.00042625484331253237 -0.00066503989532278854 -0.17560870934049774 -0.0040482384546169283 -0.0063160339884421575 
1 -0.60249982552279124 0.1193279024660827 0.18617457844801058 0.34811974420697578 -0.30411391269379445 -0.47447644956332086 
1 -0.38007196781792091 -0.11890164762277504 -0.18550953855268215 -0.17251103486646865 0.30816215114840845 0.48079248355175669 

0.21000000000000005 3 0.0172446
1 0.98077039476200867 -0.00046751815952860429 -0.00072941863946502847 -0.18467802562275284 -0.0042032423007634162 -0.0065578699305625055 
1 -0.5989055222204922 0.11618500612831456 0.18127105304701197 0.37091885396583518 -0.32464129076791043 -0.50650312463772751 
1 -0.38186487254148954 -0.11571748796878949 -0.18054163440754126 -0.18624082834307912 0.32884453306866313 0.51306099456828225 

0.22000000000000006 3 0.0179317
1 0.97887808867665271 -0.00051029533611428952 -0.00079615929821665293 -0.19379058823802028 -0.0043509399148624079 -0.0067883067393421153 
1 -0.59507761720556074 0.1128312882455068 0.176038605311304 0.39486844884823585 -0.34630628620220105 -0.54030470254782614 
1 -0.38380047147106378 -0.11232099290939625 -0.17524244601308325 -0.20107786061021091 0.35065722611705763 0.54709300928717131 

0.23000000000000007 3 0.0188537
1 0.97689443125210951 -0.00055451117934005403 -0.00086514455483439185 -0.20294867523265817 -0.0044909037448067094 -0.0070066773509033006 
1 -0.59100369418345944 0.10925447115537995 0.17045807971604329 0.42015722700613006 -0.36929549411895385 -0.57617230772906003 
1 -0.38589073706861965 -0.10869995997604094 -0.16959293516121168 -0.21720855177347217 0.3737863978637736 0.58317898507995547 

0.24000000000000007 3 0.0208735
1 0.97481895575049993 -0.00060008618354090828 -0.00093625036512267441 -0.21215458949247507 -0.0046226991403111603 -0.0072123036268400111 
1 -0.58666923801065052 0.1054402032888766 0.16450708504121686 0.44701836529722577 -0.39383914547267762 -0.61446514494416093 
1 -0.3881497177397778 -0.10484011710533596 -0.1635708346760899 -0.23486377580473788 0.3984618446129799 0.62167744857101181 

0.25000000000000006 3 0.0229075
1 0.97265117228491427 -0.00064693646650812887 -0.0010093458566324358 -0.22141065770112228 -0.0047458857158622384 -0.0074044984806810477 
1 -0.58205711834028606 0.10137155339146015 0.15815920525912197 0.47574475323184318 -0.42022587450542415 -0.65563353936632851 
1 -0.39059405394458613 -0.10072461692494947 -0.15714985940247955 -0.25433409553070691 0.42497176022128202 0.66303803784700777 

0.26000000000000006 3 0.0249305
1 0.97039056758975184 -0.00069497372143337646 -0.0010842932536843566 -0.23071922857379862 -0.0048600193277165736 -0.0075825689623919851 
1 -0.57714688863238583 0.097028326123084818 0.15138293173815648 0.50671120856557916 -0.44882417117363244 -0.70025240650887077 
1 -0.39324367895733842 -0.096333352401649655 -0.1502986384844659 -0.27599197999178093 0.45368419050135556 0.7078349754712514 

0.27000000000000007 3 0.0272415
1 0.96803660481288201 -0.00074410519254059935 -0.0011609478393502088 -0.24008267013126658 -0.0049646548759649124 -0.0077458206301345743 
1 -0.57191381172779365 0.092386114210783937 0.14414018441772386 0.54040784898465655 -0.4801144678785792 -0.74907131372307989 
1 -0.39612279308508991 -0.091642009018236131 -0.1429792365783624 -0.30032517885335686 0.48507912275454662 0.75681713435320963 

0.28000000000000008 3 0.0289626
1 0.96558872334159873 -0.00079423368406777658 -0.001239157969465869 -0.24950336567943229 -0.0050593502322645832 -0.0078935636782880517 
1 -0.56632746717128746 0.087414949479555248 0.13638420715586705 0.57749199206693524 -0.5147387998134596 -0.80309195993237836 
1 -0.3992612561702818 -0.086620715795475284 -0.13514504918638703 -0.3279886263874911 0.51979815004571295 0.81098552361066178 

0.29000000000000009 3 0.0298936
1 0.96304633867687961 -0.00084525761591187367 -0.0013187651594484104 -0.25898370800468062 -0.0051436717334299407 -0.0080251215085114149 
1 -0.56034969388130351 0.082077319757924233 0.12805647371884299 0.61887226693838093 -0.55358084580823752 -0.86369305481201852 
1 -0.40269664479552797 -0.08123206214199509 -0.12673770855938113 -0.35988855893369309 0.5587245175416814 0.87171817632052084 

0.3000000000000001 3 0.0308137
1 0.96040884237796065 -0.00089707114468825437 -0.0013996042731718907 -0.26852609104134728 -0.005217201907693465 -0.0081398427842042254 
1 -0.55393142705943177 0.076325137062931744 0.11908195756407576 0.66585189585260529 -0.59790141868028379 -0.9328417099086429 
1 -0.40647741531847881 -0.07542806591822733 -0.11768235329089137 -0.39732580481121577 0.603118620588045 0.94098155269289918 

0.31000000000000011 3 0.0317447
1 0.95767560210712344 -0.00094956437737943398 -0.0014815038563010773 -0.27813289783208606 -0.0052795504871356834 -0.0082371186120247537 
1 -0.54700758917982328 0.070094872892867005 0.10936154195707874 0.72038827748356737 -0.64958213996174741 -1.0134736182857338 
1 -0.41066801292721972 -0.069145308515469558 -0.10788003810076 -0.44225537965146805 0.65486169044899645 1.0217107368978178 

0.32000000000000012 3 0.0329487
1 0.95484596182156323 -0.0010026237184263371 -0.0015642866778203916 -0.2878064828075973 -0.0053303704617588569 -0.0083164075893454505 
1 -0.53948830581600427 0.063299259758812593 0.098759072757640481 0.78560157103332307 -0.711598722615992 -1.1102314669849802 
1 -0.41535765600534624 -0.06229663604034915 -0.097194786079794745 -0.49779508822589741 0.71692909307774133 1.1185478745746285 

0.33000000000000013 3 0.0341377
1 0.95191924218352408 -0.0010561324147455506 -0.0016477705803667436 -0.29754914484397932 -0.005369382309684716 -0.0083772736080390785 
1 -0.53124251178865933 0.055811952075220848 0.087077426446141054 0.8668795248758927 -0.78903827969426821 -1.2310521350458135 
1 -0.42067673039483011 -0.054755819660439624 -0.085429655865736059 -0.56933038003209047 0.79440766200394741 1.2394294086541116 

0.34000000000000014 3 0.0356746
1 0.94889474131563611 -0.001109971407467196 -0.0017317698091047242 -0.30736308412115515 -0.0053964125458367315 -0.0084194459978705512 
1 -0.5220636933776448 0.04743586012095604 0.07400910498572108 0.97464808843601691 -0.89161640939410292 -1.3910938324205746 
1 -0.4268310479377978 -0.046325888713454777 -0.072277335176524654 -0.66728500431518345 0.8970128219400374 1.3995132784186126 

0.35000000000000014 3 0.0372155
1 0.94577173612247978 -0.0011640206923178235 -0.0018160971341845194 -0.31725032711197743 -0.0054114603311336152 -0.0084429234497192113 
1 -0.51158520346123681 0.037826139879045977 0.059016085096281437 1.1330001527973059 -1.0413746662606866 -1.6247456419724653 
1 -0.43418653266071255 -0.036662119186708038 -0.057199987962030685 -0.8157498256851361 1.0467861265911509 1.6331885654225167 

0.36000000000000015 3 0.0566454
1 0.94254948468325961 -0.0012181616233469458 -0.0019005674450057652 -0.32721257641159729 -0.0054148300077341551 -0.008448180796139345 
1 -0.49900170993377513 0.026243056791884115 0.040944237973282768 1.4190220483988487 -1.3067778216457389 -2.0388258323669719 
1 -0.44354777474859608 -0.025024895168524321 -0.039043670528169878 -1.0918094719869209 1.3121926516530249 2.0472740131642881 

0.37000000000000016 3 0.173134
1 0.93922723111259088 -0.001272281392409078 -0.0019850047390734551 -0.33725080508335625 -0.0054074874798136817 -0.0084367250342457546 
1 -0.48121802352859816 0.0099992208145104379 0.015600716022718477 2.4827266380401274 -2.2204228814376679 -3.4642886146929781 
1 -0.45800920758410851 -0.0087269394220684769 -0.01361571128353989 -2.1454758329571333 2.2258303689173276 3.4727253397271549 

