0 3 0
1 1 0 0 0 0 0 
1 -0.35090717149975792 -0.12249160381445418 0.15208138118156278 0 0 0 
1 -0.64909282850024208 0.12249160381445418 -0.15208138118156278 0 0 0 

0.01 3 0.00242901
1 0.99995543251896857 -1.0706992568472966e-06 1.3293435365420264e-06 -0.008913629498080328 -0.00021408572762531848 0.00026580150912088225 
1 -0.35100631455636666 -0.12238592063438833 0.15195016856378815 -0.019835812618656565 0.021142307564837603 -0.026249565159555392 
1 -0.64894911796260901 0.12238699133364492 -0.15195149790732265 0.028749442116736995 -0.02092822183721231 0.02598376365043447 

0.02 3 0.00337291
1 0.99982172207823017 -4.2795493765096883e-06 5.3133419740357351e-06 -0.017828858545110123 -0.00042752188743438904 0.00053079653708231367 
1 -0.35130417661476199 -0.12206853016466224 0.15155610742402675 -0.039758338331138898 0.042352907310806889 -0.052583919552878375 
1 -0.64851754546347795 0.12207280971403679 -0.15156142076600251 0.057587196876248949 -0.041925385423372562 0.052053123015795323 

0.029999999999999999 3 0.00430989
1 0.99959884468369431 -9.6168051570511192e-06 1.1939896003433222e-05 -0.026747286920759433 -0.00063965846327547807 0.0007941780460868792 
1 -0.35180206450007728 -0.12153840321146753 0.15089791995049737 -0.05985592825497061 0.06370137726360145 -0.079089448874316098 
1 -0.64779678018361087 0.12154802001662329 -0.15090985984650349 0.086603215175730983 -0.063061718800325295 0.07829527082822961 

0.040000000000000001 3 0.00527692
1 0.99928676034134367 -1.7066217189450373e-05 2.11888309148736e-05 -0.035670514864817558 -0.00084984456076787505 0.0010551379079581169 
1 -0.35250218382386989 -0.12079380281058143 0.14997344958788691 -0.080220284394669009 0.085259925640825046 -0.10585580437443906 
1 -0.64678457651745536 0.12081086902776995 -0.14999463841880428 0.11589079925948764 -0.084410081080056223 0.10480066646648063 

0.050000000000000003 3 0.00620699
1 0.99888541305151946 -2.6605021074566937e-05 3.3031883209837564e-05 -0.044600143304074212 -0.0010574280151203221 0.0013128664172213241 
1 -0.35340768167058439 -0.11983225072436914 0.1487796194412031 -0.1009483285268717 0.10710485713315969 -0.1329777233445186 
1 -0.64547773138090692 0.11985885574544318 -0.14881265132441582 0.14554847183094807 -0.10604742911803669 0.13166485692729674 

0.060000000000000005 3 0.00714111
1 0.99839473080094077 -3.8203922993314692e-05 4.7432682685568208e-05 -0.053537774075776631 -0.0012617550576445194 0.0015665518770581772 
1 -0.35452270913988193 -0.11865047836426612 0.14731237134280134 -0.12214432184108269 0.12931823507595719 -0.16055709281187966 
1 -0.6438720216610363 0.11868868228725872 -0.14735980402549081 0.17568209591686093 -0.12805648001830766 0.15899054093482395 

0.070000000000000007 3 0.0080092
1 0.99781462555248335 -5.182708233277681e-05 6.4346730864251603e-05 -0.062485010147181365 -0.0014621700646672638 0.0018153802875645571 
1 -0.35585250681594188 -0.11724435974023503 0.14556658260472946 -0.14392235273777526 0.15198983106386768 -0.18870537011466151 
1 -0.64196211873651388 0.11729618682256664 -0.14563092933559788 0.20640736288495592 -0.15052766099919787 0.18688998982710106 

0.080000000000000002 3 0.00887132
1 0.99714499323280259 -6.7432092326558265e-05 8.3721376956740067e-05 -0.071443455831374472 -0.001658015416471387 0.0020585351706165779 
1 -0.35740351757223016 -0.11560882299645921 0.14353595618445972 -0.16640934531879947 0.17521948081108116 -0.21754650785722685 
1 -0.63974147566053186 0.11567625508878571 -0.14361967756142169 0.2378528011501726 -0.17356146539460976 0.21548797268661293 

0.089999999999999997 3 0.0097363
1 0.99638571371777529 -8.4969959969731195e-05 0.00010549579292563595 -0.080414717000393279 -0.0018486314993342006 0.0022951975724013096 
1 -0.35918353289323529 -0.11373773571262102 0.14121287827890047 -0.18974879423602262 0.19912000622810644 -0.24722058186063942 
1 -0.63720218082450053 0.11382270567258923 -0.14131837407183495 0.27016351123641524 -0.19727137472877709 0.2449253842882376 

0.099999999999999992 3 0.0106013
1 0.99553665081592557 -0.00010438508683455276 0.00012960094966674553 -0.089400401297902513 -0.0020333568911279597 0.002524546293852058 
1 -0.36120188132444397 -0.11162375726149946 0.1385882350166443 -0.21410551172785078 0.22382092572816784 -0.27788839775203666 
1 -0.63433476949143264 0.11172814234833396 -0.13871783596631634 0.30350591302575342 -0.22178756883704595 0.27536385145818149 

0.10999999999999999 3 0.0121782
1 0.99459765224953034 -0.00012561525286528281 0.000155959596889278 -0.098402118355262885 -0.0022115287809588422 0.0027457584116576945 
1 -0.36346967108729011 -0.10925814885511304 0.13565117661774403 -0.23967179475169106 0.24947326913266252 -0.30973746898641025 
1 -0.63112798116220414 0.10938376410797949 -0.13580713621463875 0.33807391310695861 -0.2472617403517112 0.30699171057475294 

0.11999999999999998 3 0.0137632
1 0.99356854963372931 -0.00014859160579970001 0.0001844862499819584 -0.10742148001698859 -0.0023824836869148318 0.0029580101693939469 
1 -0.36600010384957449 -0.10663052807258065 0.13238881262393001 -0.26667560908654703 0.27625595938449488 -0.34298994016334572 
1 -0.62756844578412152 0.10677911967838277 -0.13257329887391892 0.37409708910354561 -0.27387347569759296 0.34003192999395704 

0.12999999999999998 3 0.0157881
1 0.99244915845315296 -0.00017323865959373947 0.00021508718805713143 -0.11646010058452416 -0.0025455585546163453 0.0031604783414462883 
1 -0.36880888398818612 -0.10372854897907578 0.12878581474525264 -0.29539168609494987 0.30438445352001803 -0.37791331536188644 
1 -0.62364027446489212 0.10390178763867428 -0.12900090193330643 0.41185178667946792 -0.30183889496540467 0.37475283702044448 

0.13999999999999999 3 0.0178571
1 0.99123927803596334 -0.00019947430617469131 0.00024766046854308136 -0.12551959709118296 -0.0027000923451181748 0.0033523422044938046 
1 -0.3719147588617675 -0.1005374803096965 0.12482389314759228 -0.32615691262339103 0.33412270822008361 -0.41483531415918706 
1 -0.61932451917406972 0.10073695461587405 -0.1250715536161309 0.45167650971453804 -0.3314226158749804 0.41148297195469929 

0.14999999999999999 3 0.019979
1 0.98993869152498148 -0.00022720984610563935 0.00028209596525602106 -0.13460158962654273 -0.0028454282572262114 0.0035327862966633415 
1 -0.3753402431116854 -0.097039640700628788 0.12048109525505613 -0.35939220487316609 0.36580015730717713 -0.45416495030937354 
1 -0.61459844841316169 0.097266850546730746 -0.12076319122030935 0.49399379449967162 -0.36295472904998505 0.45063216401271466 

0.16 3 0.022119
1 0.98854716584530267 -0.00025635004544148366 0.00031827543899051719 -0.14370770173616568 -0.0029809167819804709 0.0037010042098690214 
1 -0.3791126082705536 -0.093213628208500335 0.1157308491475592 -0.39563445916115864 0.3998364624994632 -0.49642326143248761 
1 -0.60943455757459652 0.093469978253938407 -0.11604912458654698 0.53934216089728637 -0.39685554571751808 0.49272225722265195 

0.17000000000000001 3 0.0232821
1 0.98706445166716461 -0.00028679322839762067 0.00035607265257377039 -0.15283956093327278 -0.0031059198649884328 0.0038562037576243035 
1 -0.38326526623804147 -0.089033245068247988 0.11054062857701184 -0.43558469723292792 0.43677872795355188 -0.5422895133165323 
1 -0.60379918542893363 0.089320038296643312 -0.11089670122957662 0.5884242581661342 -0.43367280808859759 0.53843330955893165 

0.18000000000000002 3 0.024447
1 0.98549028336313638 -0.0003184314187602077 0.00039535354643584458 -0.16199879937470701 -0.0032198165711274534 0.0039976140081413218 
1 -0.38783975757902522 -0.08446595555517547 0.10487003830164573 -0.48018328690166262 0.4773594990213692 -0.59267320918809951 
1 -0.59765052578390909 0.084784386973931827 -0.10526539184807503 0.64218208627630713 -0.47413968245025917 0.58867559517994827 

0.19000000000000003 3 0.0256028
1 0.98382437895724051 -0.00035115054777695086 0.00043597649671954497 -0.17118705477722662 -0.003322010833856684 0.0041244949056127916 
1 -0.39288870624433703 -0.079470599806572534 0.098667975645237924 -0.53073261291233309 0.52259107924844161 -0.64883119046800219 
1 -0.5909356727127183 0.079821750354344995 -0.099103952141954804 0.701919667689483 -0.51926906841460518 0.64470669556239879 

0.20000000000000004 3 0.0267668
1 0.98206644006346921 -0.00038483075350239249 0.00047779268693746193 -0.18040597168724604 -0.0034119421809554952 0.0042361505869198748 
1 -0.39848039396898599 -0.073993864510711937 0.091868248625405921 -0.58910778849515766 0.57392700686766096 -0.71256812045696361 
1 -0.58358604609436548 0.074378695264208344 -0.092346041312336036 0.7695137601823423 -0.57051506468671531 0.70833196987010016 

0.21000000000000005 3 0.0281746
1 0.98021615180908328 -0.0004193468079214381 0.00052064663827387921 -0.18965720327830735 -0.0034891008663514864 0.0043319481687930893 
1 -0.40470621311078264 -0.067964552296249314 0.084382461023677843 -0.65814266719778192 0.63355673037671401 -0.78660234344311553 
1 -0.57550993869816558 0.068383899104164828 -0.084903107661942451 0.84779987047602035 -0.63006762951037432 0.78227039527440334 

0.22000000000000006 3 0.0296688
1 0.97827318273590713 -0.00045456872691858964 0.00056437696690174986 -0.19894241395833828 -0.0035530498349276578 0.004411345018562462 
1 -0.41169362868302517 -0.061283656007553887 0.076087688945625218 -0.7423976918486781 0.7049890638713503 -0.8752902828656749 
1 -0.56657955405265847 0.061738224734469827 -0.07665206591253601 0.94134010580698646 -0.70143601403627898 0.87087893784728265 

0.23000000000000007 3 0.0311599
1 0.97623718467006482 -0.00049036265123995112 0.00060881747775461971 -0.2082632832761383 -0.0036034579569618292 0.0044739300169045586 
1 -0.41963076225352441 -0.053805629604560763 0.066803227411414534 -0.84986426591096043 0.79433987776458348 -0.98622519402209419 
1 -0.55660642241635383 0.054295992255787434 -0.067412044889167674 1.0581275491870046 -0.79073641980739362 0.98175126400550494 

0.24000000000000007 3 0.0331469
1 0.97410779254239421 -0.0005265921503475791 0.00065379878334787932 -0.21762151206443495 -0.0036401534976623837 0.0045194899437821495 
1 -0.42881902279979206 -0.045298555659713406 0.056241135683834487 -0.99638044718956842 0.91364368562405163 -1.1343487168974054 
1 -0.54528876974206231 0.045825147810034633 -0.056894934467149265 1.2140019592536939 -0.91000353212616303 1.129829226953647 

0.25000000000000006 3 0.0356429
1 0.97188462412829124 -0.0005631202401603331 0.00069915080893611487 -0.2270188329045634 -0.0036632187575914572 0.0045481269807470014 
1 -0.43980855836313609 -0.035342562363833874 0.043880115301035229 -1.2201606401672644 1.0916383144639716 -1.3553407535229471 
1 -0.53207606576511302 0.035905682604052531 -0.044579266109943116 1.4471794730721723 -1.0879750957046195 1.350792626546796 

0.26000000000000006 3 0.0675409
1 0.96956727963804024 -0.00059981277374099838 0.00074470700227453586 -0.23645703084810898 -0.0036731876994302525 0.0045605040776028425 
1 -0.45388198501343313 -0.022972291609841218 0.028521610691176133 -1.6562703838169532 1.4281004758691418 -1.7730806526506735 
1 -0.5156852946243603 0.023572104383713859 -0.029266317693396337 1.8927274146681117 -1.4244272881698703 1.7685201485793689 

0.27000000000000007 3 0.57895
1 0.96715534096381917 -0.00063654528997740079 0.00079031283670885784 -0.24593800379475364 -0.0036716559192512179 0.0045586022717746194 
1 -0.47798496269966401 -0.0032145007692018987 0.0039910140905796325 -4.9680957140762532 3.7149365513285195 -4.6123380226144342 
1 -0.48917037826499166 0.0038510460592950688 -0.0047813269271692136 5.2140337178756671 -3.7112648954084748 4.6077794203577822 

