0 3 0
1 1 0 0 0 0 0 
1 -0.52201563261381922 0.29799296538088954 0.53621535001132825 0 0 0 
1 -0.47798436738618078 -0.29799296538088954 -0.53621535001132825 0 0 0 

0.01 3 0.00187111
1 0.99996474436934546 -2.6422930813448168e-07 -4.7546025377977976e-07 -0.0070512244763416641 -5.2846226550961823e-05 -9.5092707408657277e-05 
1 -0.52199722117939973 0.297973489385017 0.53618030445939757 0.0036823408109380252 -0.0038952757796567811 -0.0070092482314458816 
1 -0.47796752318994379 -0.29797322515570812 -0.53617982899914463 0.0033688836654036315 0.0039481220062077323 0.0071043409388545226 

0.02 3 0.00298405
1 0.99985897157610504 -1.0569391273370896e-06 -1.9018804131209747e-06 -0.014103629298914429 -0.00010569683195223628 -0.00019019329422061056 
1 -0.52194198364017752 0.29791505680047398 0.53607515953178941 0.0073653288697379726 -0.0077914710474099261 -0.014020151010779431 
1 -0.47791698793592446 -0.29791399986134492 -0.53607325765137537 0.0067383004291764349 0.0078971678793621266 0.01421034430500007 

0.029999999999999999 3 0.00520396
1 0.99968266391102401 -2.3781951353975026e-06 -4.279378660138806e-06 -0.021158395896259154 -0.00015855619372931315 -0.00028530963745523121 
1 -0.52184991028501215 0.29781765383030429 0.53589989040194552 0.011049612069397221 -0.011689506527444545 -0.021034365110134731 
1 -0.47783275362600952 -0.29781527563516613 -0.53589561102328265 0.010108783826861808 0.011848062721173797 0.021319674747590125 

0.040000000000000001 3 0.00649786
1 0.99943579184063935 -4.228106773158967e-06 -7.6081519251870184e-06 -0.028216707863913091 -0.00021142868674164488 -0.00038044960933457692 
1 -0.52172098491791852 0.29768125745896418 0.53565445565517134 0.01473583959479307 -0.015590305420216676 -0.028053551757504472 
1 -0.47771480692271689 -0.29767702935218954 -0.53564684750324665 0.013480868269119844 0.015801734106958266 0.028434001366839129 

0.050000000000000003 3 0.00760794
1 0.99911831398015316 -6.6068272110215457e-06 -1.1888475826582787e-05 -0.035279752053861531 -0.0002643186818084813 -0.00047562107481064966 
1 -0.52155518484189456 0.29750583542132775 0.53533879723286626 0.018424662572653423 -0.01949479465084741 -0.035079378883128134 
1 -0.47756312913825422 -0.29749922859411498 -0.53532690875703637 0.01685508948120799 0.019759113332655676 0.035554999957938691 

0.060000000000000005 3 0.00870681
1 0.99873017705540723 -9.5145533014689041e-06 -1.7120704585182552e-05 -0.042348719671158545 -0.00031723054428493629 -0.00057083188900318687 
1 -0.52135248083623931 0.29729134615914776 0.53495284035416835 0.022116734726385281 -0.023403906129897175 -0.042113523388159602 
1 -0.47737769621916637 -0.29728183160584443 -0.53493571964957876 0.020231984944773275 0.023721136674181912 0.042684355277162606 

0.070000000000000007 3 0.00980496
1 0.99827131585381956 -1.2951525517036046e-05 -2.3305270912759895e-05 -0.049424807380152702 -0.00037016863257119875 -0.00066608989451706548 
1 -0.52111283712727774 0.29703773876482964 0.53449649341478334 0.02581271303741739 -0.027318578030767451 -0.049157673443251129 
1 -0.47715847872654005 -0.29702478723931131 -0.53447318814386757 0.02361209434273551 0.027688746663338468 0.049823763337768119 

0.080000000000000002 3 0.010896
1 0.99774165316421048 -1.6918027872961168e-05 -3.044268587282311e-05 -0.056509218422789616 -0.00042313729653713716 -0.00076140291860749866 
1 -0.52083621135244718 0.29674495291233299 0.53396964786266043 0.029513258414743639 -0.031239756088075391 -0.056213530824880023 
1 -0.47690544181176431 -0.29672803488445615 -0.53393920517678195 0.026995960008046244 0.031662893384612478 0.056974933743487485 

0.089999999999999997 3 0.01173
1 0.99714109970539577 -2.141438783358444e-05 -3.8533538712187359e-05 -0.063603163751513439 -0.00047614087584398485 -0.00085677877016006971 
1 -0.5205225545176303 0.29641291877495268 0.53337217805003467 0.033219036374392635 -0.03516839492148284 -0.063282813297474774 
1 -0.47661854518776231 -0.29639150438711609 -0.53333364451131748 0.030384127377120866 0.035644535797326633 0.064139592067634574 

0.099999999999999992 3 0.0128238
1 0.99646955404330406 -2.6440976201369761e-05 -4.7578496661277925e-05 -0.070707863179348074 -0.00052918369814402481 -0.000952225236451155 
1 -0.52017181094764098 0.29604155692974626 0.53270394106143726 0.036930717730601234 -0.03910545938961478 -0.070367257049689214 
1 -0.47629774309566186 -0.29601511595354024 -0.53265636256477433 0.033777145448747097 0.039634643087758499 0.071319482286140143 

0.10999999999999999 3 0.0139267
1 0.99572690249658125 -3.1998206987230294e-05 -5.7578304700790684e-05 -0.077824546549808526 -0.00058227007713813298 -0.0010477500796526684 
1 -0.51978391822971992 0.29563077824821016 0.53196477651700957 0.04064897930052018 -0.043051925978899369 -0.077468619193511501 
1 -0.47594298426685716 -0.29559878004121581 -0.53190719821230747 0.037175567249288194 0.043634196056037106 0.078516369273164757 

0.11999999999999998 3 0.0150187
1 0.99491301903032647 -3.8086537260631072e-05 -6.8533785291963471e-05 -0.084954454929370413 -0.00063540431047005115 -0.0011433610330429608 
1 -0.51935880714994309 0.29518048377290435 0.53115450635047656 0.044374504624355285 -0.047008784232377095 -0.084588680335296471 
1 -0.47555421188037783 -0.29514239723563623 -0.53108597256518386 0.040579950305014816 0.04764418854284673 0.085732041368339701 

0.12999999999999998 3 0.0162098
1 0.99402776513779167 -4.4706466977725093e-05 -8.0445838067320422e-05 -0.092098841825327321 -0.00068859067743500641 -0.0012390657968836141 
1 -0.51889640162229533 0.29469056457955334 0.5302729345610071 0.04810798470291567 -0.050977038223788559 -0.091729247228272595 
1 -0.47513136351549184 -0.29464585811256883 -0.53019248872294256 0.043990857122411478 0.051665628901223129 0.092968313025156596 

0.13999999999999999 3 0.0173209
1 0.99307098970977725 -5.1858538785547553e-05 -9.3315439478334052e-05 -0.099258974431959801 -0.00074183343647859633 -0.0013348720339189275 
1 -0.51839661861030573 0.29416090162416242 0.52931984693811995 0.051850118754636201 -0.054957708082543147 -0.098892155516605879 
1 -0.47467437109946742 -0.29410904308537039 -0.52922653149864052 0.047408855677323544 0.055699541519021317 0.10022702755052473 

0.14999999999999999 3 0.0184269
1 0.99204252889139544 -5.9543337800045262e-05 -0.0001071436423960075 -0.10643613490806345 -0.00079513682246056319 -0.0014307873644522605 
1 -0.51785936804099975 0.29359136557459731 0.52829501075860952 0.055601614994233876 -0.058951831575505965 -0.10607927258170166 
1 -0.47418316085039175 -0.29353182223679025 -0.52818786711621135 0.050834519913828924 0.059746968397965859 0.10751005994615376 

0.16 3 0.0195529
1 0.99094220592589233 -6.77614913554555e-05 -0.00012193157565989914 -0.11363162168901493 -0.00084850504365588419 -0.0015268193609497679 
1 -0.51728455271093154 0.2929818166260405 0.52719817445449924 0.059363191435274465 -0.062960465751920713 -0.11329250050211959 
1 -0.47365765321495623 -0.29291405513467755 -0.52707624287883847 0.054268430253740202 0.063808970795575543 0.11481931986306909 

0.17000000000000001 3 0.020436
1 0.98976983098517135 -7.6513668722257803e-05 -0.00013768044357060123 -0.12084675083670547 -0.00090194227846370585 -0.0016229755421183383 
1 -0.51667206818409461 0.29233210429965645 0.52602906725073362 0.063135576719045045 -0.066984688658211805 -0.12053377913922746 
1 -0.47309776280107307 -0.29225559063092582 -0.52589138680716496 0.057711174117660427 0.067886630936675532 0.12215675468134471 

0.18000000000000002 3 0.0210731
1 0.98852520098660879 -8.5800580790626799e-05 -0.00015439152532013259 -0.12808285743081896 -0.00095545267179220723 -0.0017192633664004564 
1 -0.51602180268136377 0.29164206722373015 0.52478739877136105 0.066919510972272431 -0.071025601129896088 -0.12780508936160018 
1 -0.47250339830524363 -0.29155626664293033 -0.52463300724604556 0.061163346458545903 0.071981053801688039 0.12952435272799914 

0.19000000000000003 3 0.0217133
1 0.98720809939572984 -9.56229797159626e-05 -0.00017206617435410718 -0.13534129700512934 -0.0010090403310847476 -0.0018156902248235283 
1 -0.51533363696122725 0.2909115328964606 0.52347285861269499 0.070715746696379075 -0.075084328668354031 -0.13510845642213812 
1 -0.4718744624345001 -0.29081590991673761 -0.52330079243835237 0.064625550308748905 0.076093368999438082 0.13692414664696001 

0.20000000000000004 3 0.0223484
1 0.98581829601427273 -0.0001059816585227442 -0.00019070581765888981 -0.14262344703267496 -0.001062709321949916 -0.0019122634331365349 
1 -0.51460744419145255 0.29014031742953666 0.52208511588192041 0.074525049691138892 -0.079162023410844912 -0.14244595350294739 
1 -0.4712108518228193 -0.29003433577100751 -0.5218944100642694 0.068098397341534903 0.080224732732793486 0.14435821693608306 

0.21000000000000005 3 0.0229824
1 0.98435554675318382 -0.00011687745066252702 -0.00021031195496625153 -0.14993070846389586 -0.0011164636633545989 -0.0020089902231602906 
1 -0.51384308981133242 0.28932822527150881 0.52062381869927776 0.078348200015787919 -0.083259866202795144 -0.14981970544426654 
1 -0.47051245694184607 -0.2892113478208404 -0.52041350674431908 0.071582508448105459 0.084376329866148264 0.15182869566742713 

0.22000000000000006 3 0.0236275
1 0.98281959338987646 -0.00012831122952150481 -0.00023088615786726163 -0.15726450732203465 -0.0011703073223356243 -0.0021058777332715233 
1 -0.51304043138411737 0.2884750489098768 0.51908859366203919 0.082185992990861156 -0.087379068782159633 -0.15723189267505858 
1 -0.46977916200575909 -0.28834673768035035 -0.51885770750417759 0.075078514331170437 0.088549376104494121 0.15933777040832883 

0.23000000000000007 3 0.0242577
1 0.98121016330930233 -0.0001402839078725802 -0.00025243006882633628 -0.16462629636039622 -0.0012242442081814356 -0.0022029329979331483 
1 -0.51219931843919086 0.28758056855073988 0.51747904526803834 0.086039240244241658 -0.091520876086493952 -0.16468475536439894 
1 -0.46901084487011091 -0.28744028464286375 -0.51722661519921986 0.078587056116151438 0.092745120294674091 0.16688768836233003 

0.24000000000000007 3 0.0248806
1 0.97952696922807092 -0.00015279643726638466 -0.00027494540008542076 -0.17201755678631442 -0.0012782781660306652 -0.0023001629361754953 
1 -0.51131959230360247 0.28664455177471365 0.51579475529652152 0.089908770805196297 -0.095686568694317117 -0.17218059781453249 
1 -0.46820737692446895 -0.28649175533744264 -0.51551980989644508 0.082108785981113749 0.096964846860346274 0.17448076075070568 

0.25000000000000006 3 0.0256078
1 0.97776970890099668 -0.00016584980735512528 -0.00029843393244730656 -0.17943980005699028 -0.0013324129698295529 -0.0023975743389236161 
1 -0.51040108592233446 0.28566675316770057 0.51403528214375838 0.093795432250429425 -0.099877465413400104 -0.17972179311829506 
1 -0.46736862297866177 -0.28550090336034073 -0.51373684821131826 0.085644367806556251 0.10120987838322801 0.18211936745721569 

0.26000000000000006 3 0.0262458
1 0.97593806480930068 -0.00017944504514254099 -0.00032289751392598445 -0.18689456975273197 -0.0013866523145842785 -0.0024951738550560922 
1 -0.50944362366689089 0.28464691392499808 0.51220016011065095 0.097700091906521291 -0.1040949260297926 -0.18731078810576812 
1 -0.46649444114240851 -0.28446746887984842 -0.51187726259673316 0.089194477846206086 0.10548157834437498 0.18980596196082142 

0.27000000000000007 3 0.0268817
1 0.9740317038296703 -0.00019358321415256137 -0.00034833805825071308 -0.19438344353345632 -0.0014409998078383317 -0.0025929679760690687 
1 -0.50844702113151319 0.2835847614270392 0.5102888986393247 0.10162363811346591 -0.10834035423271239 -0.19495010860740189 
1 -0.46558468269815528 -0.28339117821287957 -0.50994056058108272 0.092759805419985367 0.10978135404054945 0.19754307658346856 

0.28000000000000008 3 0.0275137
1 0.97205027688331436 -0.00020826541350855665 -0.00037475754320919418 -0.20190803518474912 -0.0014954589602978461 -0.0026909630192073898 
1 -0.50741108491647402 0.28248000878494745 0.50830098149538372 0.10556698155440429 -0.11261520073191339 -0.202642365063469 
1 -0.46463919196683667 -0.28227174337143146 -0.50792622395218179 0.096341053630339887 0.11411065969220961 0.20533332808267366 

0.29000000000000009 3 0.0281358
1 0.96999341856406385 -0.00022349277691421777 -0.00040215800881375041 -0.20946999676021436 -0.0015500331755200945 -0.0027891651089097616 
1 -0.50633561239768754 0.28133235435387188 0.50623586589218461 0.10953105665709302 -0.11692096658578222 -0.21039025851272444 
1 -0.4636578061663742 -0.28110886157694925 -0.505833707883379 0.09993894010311774 0.11847099976130052 0.21317942362163253 

0.3000000000000001 3 0.0287697
1 0.9678607467445669 -0.00023926647152626562 -0.00043054155527284967 -0.21707102082731974 -0.0016047257385718525 -0.0028875801564003873 
1 -0.50522039148193121 0.28014148121190702 0.50409298155321403 0.11351682307311206 -0.12125920676029774 -0.21819658699647931 
1 -0.4626403552626322 -0.27990221474037258 -0.50366243999794713 0.1035541977542053 0.12286393249886833 0.22108416715287721 

0.31000000000000011 3 0.0294356
1 0.96565186215945298 -0.00025558769670815584 -0.00045991034074849963 -0.22471284282448731 -0.0016595398035544602 -0.0029862138372412817 
1 -0.50406520034687541 0.27890705660217718 0.50187172970814742 0.1175252672413666 -0.12563153394105936 -0.2260642524180419 
1 -0.46158666181257302 -0.27865146890546028 -0.50141181936740564 0.10718757558311756 0.12729107374461265 0.2290504662552805 

0.32000000000000012 3 0.0301068
1 0.96336634796434839 -0.0002724576826529108 -0.0004902665788781268 -0.2323972435377363 -0.0017144783798819418 -0.0030850715666407933 
1 -0.5028698071650094 0.27762873133543392 0.49957148201787532 0.12155740404301318 -0.13003962262293858 -0.23399626790174299 
1 -0.46049654079933183 -0.27735627365277371 -0.49908121543900391 0.11083983949471925 0.13175410100281962 0.23708133946838136 

0.33000000000000013 3 0.0307736
1 0.96100376926947939 -0.00028987768886196851 -0.00052161253603739467 -0.24012605170585027 -0.0017695443171862446 -0.0031841584722917412 
1 -0.50163396981053554 0.2763061391502632 0.49719157942323433 0.12561427855560589 -0.13448521350457954 -0.24199576570048878 
1 -0.45936979945893491 -0.2760162614613933 -0.49666996688720594 0.11451177315024087 0.13625475782176508 0.24517992417277715 

0.34000000000000014 3 0.0314355
1 0.95856367264655262 -0.00030784900246565047 -0.00055395052831800446 -0.24790114676370031 -0.0018247402887104961 -0.0032834793644889461 
1 -0.50035743554818946 0.2749388960276824 0.49473133091169974 0.12969696791500135 -0.1389701182179314 -0.25006600570620219 
1 -0.4582062370983544 -0.27463104702520702 -0.4941773803833911 0.11820417884869638 0.14079485850664153 0.25334948507068633 

0.35000000000000014 3 0.0320985
1 0.9560455856074539 -0.00032637293636936422 -0.00058728291819195168 -0.25572446173412716 -0.0018800687730360893 -0.0033830387032483121 
1 -0.49903994070285035 0.27352659945664332 0.49219001219569697 0.13380658329437028 -0.1434962244264183 -0.25821038462357254 
1 -0.45700564490459528 -0.2732002265202656 -0.49160272927751514 0.1219178784397543 0.14537629319945444 0.26159342332681429 

0.36000000000000015 3 0.0327704
1 0.95344901605326704 -0.00034545082720804525 -0.00062161211083067408 -0.26359798627960856 -0.0019355320339725368 -0.0034828405621204488 
1 -0.49768121030877355 0.2720688276465551 0.48956686429559737 0.1379442720105899 -0.14806550132913476 -0.26643244587443904 
1 -0.45576780574448439 -0.271723376819338 -0.48894525218477713 0.12565371426901426 0.15000103336310683 0.26991528643655138 

0.37000000000000016 3 0.0334384
1 0.95077345169189198 -0.00036508403308952656 -0.00065694055004443638 -0.27152376992586946 -0.0019911320984204971 -0.0035828885883566718 
1 -0.49628095773702546 0.27056513868255466 0.48686109201970229 0.14211121976933236 -0.15268000561282971 -0.2747358903079295 
1 -0.45449249395485258 -0.27020005464945662 -0.48620415146966772 0.12941255015653211 0.15467113771124999 0.27831877889627515 

0.38000000000000017 3 0.0341046
1 0.94801835942252488 -0.00038527393110553783 -0.00069327071380355441 -0.27950392547056152 -0.0020468707319969744 -0.0036831859590485826 
1 -0.49483888429975631 0.26901506961883176 0.4840718623327418 0.14630865306128743 -0.15734188789837439 -0.28312458780036948 
1 -0.45317947512275092 -0.26862979568771733 -0.48337859161894914 0.13319527240926843 0.15938875863037208 0.28680777375940592 

0.39000000000000018 3 0.0351186
1 0.94518318468508111 -0.00040602191458678994 -0.00073060510929914249 -0.28754063259124973 -0.0021027494121883374 -0.0037837353328189177 
1 -0.49335467882968559 0.26741813550480376 0.48119830260355662 0.15053784172330806 -0.1620533997340059 -0.29160258983909687 
1 -0.45182850585538342 -0.26701211359020599 -0.48046769749426776 0.13700279086793751 0.164156149146195 0.29538632517190422 

0.40000000000000019 3 0.0362246
1 0.94226735077248325 -0.00042732939007616451 -0.00076894626749660164 -0.29563614166814456 -0.0021587692987700487 -0.0038845387965941265 
1 -0.49182801723308883 0.26577382833837138 0.47823949872156929 0.15480010167968103 -0.16681690119407436 -0.3001741431958187 
1 -0.45043933353937804 -0.26534649894828666 -0.47747055245408265 0.14083603998845884 0.16897567049284593 0.30405868199240266 

0.4100000000000002 3 0.0373147
1 0.93927025810353115 -0.00044919777399124114 -0.00080829673713007563 -0.30379277783833769 -0.0022149312012021811 -0.0039855978069350834 
1 -0.49025856201440687 0.26408161593990664 0.47519449307059169 0.15909679788043582 -0.1716348691493465 -0.30884370480838147 
1 -0.44901169608910318 -0.26363241816590705 -0.47438619633347034 0.14469597995789643 0.17384980035054987 0.31282930261530656 

0.42000000000000021 3 0.0384176
1 0.93619128345404101 -0.00047162848894429866 -0.00084865907808060609 -0.3120129452997657 -0.0022712355426759909 -0.0040869131253419549 
1 -0.48864596177040481 0.26234094073985187 0.4720622823472248 0.16342934745541418 -0.17650990628329422 -0.31761595800488374 
1 -0.44754532168361444 -0.26186931225089899 -0.47121362326915478 0.14858359784434599 0.17878114182597032 0.32170287113021606 

0.43000000000000022 3 0.0395195
1 0.93302977914362029 -0.00049462295968456999 -0.00089003585407451691 -0.32029913188472142 -0.0023276823204493383 -0.0041884847468803867 
1 -0.48698985065162764 0.26055121847209661 0.46884181520967988 0.16779922310501538 -0.18144475093847764 -0.32649583022149326 
1 -0.44603992849197099 -0.26005659551240073 -0.46795177935561572 0.15249990877970038 0.18377243325892731 0.33068431496836387 

0.44000000000000022 3 0.0409937
1 0.92978507217523143 -0.00051818260862360698 -0.00093242962463164006 -0.32865391392450227 -0.0023842710620652083 -0.0042903118214003893 
1 -0.48528984778866402 0.25871183676433734 0.46553198974124793 0.17220795675089573 -0.18644228788819991 -0.33548851238519622 
1 -0.44449522438655015 -0.25819365415570289 -0.46459956011662645 0.15644595717360141 0.1888265589502644 0.33977882420658617 

0.45000000000000023 3 0.0420997
1 0.92645646332459519 -0.0005423088509003772 -0.000975842936185383 -0.33707996142873786 -0.0024410007769997562 -0.0043923925665307903 
1 -0.48354555668050919 0.2568221536156623 0.46213165071081858 0.17665714347268252 -0.19150556014142228 -0.34459948015584091 
1 -0.44291090664407079 -0.25627984476474841 -0.46115580777464377 0.16042281795604982 0.19394656091842252 0.34899187272236287 

0.46000000000000024 3 0.0431747
1 0.92304322617608292 -0.00056700308893792208 -0.0010202783122877934 -0.34558004360509131 -0.0024978699032314057 -0.0044947241715342801 
1 -0.48175656454198817 0.25488149575040109 0.45863958661077114 0.18114844575990283 -0.19663778190376704 -0.35383451724845838 
1 -0.44128666163408142 -0.25431449266144962 -0.45761930829849434 0.16443159784518374 0.19913565180699885 0.35832924141998401 

0.47000000000000025 3 0.0453029
1 0.91954460610164157 -0.00059226670643791612 -0.0010657382428032845 -0.35415703474743748 -0.0025548762481603002 -0.0045973026909965605 
1 -0.47992244160697567 0.25288915683602314 0.45505452645021194 0.18568359811192359 -0.20184235283456034 -0.36319974108770903 
1 -0.43962216449464681 -0.25229689012957268 -0.45398878820741956 0.16847343663550771 0.20439722908272143 0.36779704377869638 

0.48000000000000026 3 0.0464129
1 0.91595981917880787 -0.00061810106175357558 -0.0011122251719836581 -0.36281392052320172 -0.0026120169232373516 -0.0047001229271963711 
1 -0.4780427403837017 0.25084439555131743 0.45137513627881393 0.19026441202286681 -0.20712287375989766 -0.37270163108233467 
1 -0.43791707879508501 -0.2502262944895508 -0.45026291110684191 0.17254950850032846 0.20973489068313536 0.3774017540095207 

0.49000000000000027 3 0.047508
1 0.91228805104377597 -0.00064450748057441067 -0.0011597414853049015 -0.37155380469354948 -0.0026692882715818739 -0.0048031782998591609 
1 -0.47611699485812298 0.24874643348941303 0.44760001541347294 0.19489278139320007 -0.21248316402495113 -0.38234705984929784 
1 -0.43617105618563218 -0.24810192600882633 -0.44644027392817848 0.17666102330034428 0.21515245229653357 0.38715023814914767 

0.50000000000000022 3 0.048666
1 0.90852845567490792 -0.00067148724784876963 -0.0012082894949324505 -0.38037991630328294 -0.0027266857877761954 -0.004906460701833355 
1 -0.47414471964084831 0.24659445287821508 0.4437276923363983 0.19957068841526124 -0.21792728069601369 -0.39214332776637906 
1 -0.4343837360340379 -0.24592296563035412 -0.44251940284147456 0.18080922788801607 0.2206539664837916 0.39704978846820393 

0.51000000000000023 3 0.0497601
1 0.90468015410183478 -0.00069904159886144976 -0.0012578714236659747 -0.38929561738094304 -0.0027842040289217328 -0.0050099603390428979 
1 -0.47212540905261541 0.24438759409857555 0.43975662022925416 0.20430020998634682 -0.22345953985468883 -0.40209820128941826 
1 -0.43255474504919933 -0.24368855249970325 -0.43849874880559536 0.18499540739459161 0.22624374388361182 0.40710816162845298 

0.52000000000000024 3 0.050859
1 0.90074223303483969 -0.00072717170937390855 -0.0013084893871975031 -0.39830441119362847 -0.0028418365159231158 -0.0051136655528555702 
1 -0.47005853614275495 0.242124952977918 0.43568517210324575 0.20908352471045336 -0.22908454026422387 -0.41221995553807073 
1 -0.43068369689206559 -0.24139778126853287 -0.43437668271605673 0.1892208864831717 0.23192637678014755 0.41733362109091787 

0.53000000000000025 3 0.0519478
1 0.89671374340869092 -0.00075587868472365243 -0.0013601453744966072 -0.4074099511054653 -0.0028995756238319494 -0.0052175626227650073 
1 -0.46794355163440216 0.23980557783399351 0.43151163547959814 0.21392292055846218 -0.23480718973237938 -0.42251742173374668 
1 -0.42877019177426934 -0.23904969914925936 -0.43015149010511039 0.19348703054699812 0.23770676535621171 0.42773498435650387 

0.54000000000000026 3 0.0530407
1 0.89259369883467166 -0.00078516354776693778 -0.0014128412261142026 -0.41661605009364522 -0.0029574124599270916 -0.0053216355470056577 
1 -0.46577988278948523 0.23742846623999866 0.42723420656861349 0.21882080326673431 -0.24063273454775286 -0.4330000401680078 
1 -0.42681381604516805 -0.23664330269222039 -0.42582136534250881 0.19779524682690497 0.2435901470076805 0.43832167571500785 

0.55000000000000027 3 0.0541368
1 0.88838107395390131 -0.00081502722553476617 -0.0014665786101710507 -0.42592669098150671 -0.0030153367280317377 -0.0054258657984017434 
1 -0.46356693218565859 0.2349925614781396 0.42285098388815601 0.22377970556609794 -0.2465667924289672 -0.4436779194920929 
1 -0.4248141417682274 -0.23417753425259522 -0.42138440527799476 0.20214698541540319 0.24958212915700123 0.449103785290487 

0.56000000000000028 3 0.0548339
1 0.88407480268449223 -0.00084547053445623921 -0.0015213589957683315 -0.43534603745427813 -0.0030733365773642821 -0.0055302320523860629 
1 -0.46130407639636262 0.23249674864405184 0.41835996125383773 0.22880229734735577 -0.25261538950066525 -0.45456190325235463 
1 -0.4227707262881138 -0.23165127810958502 -0.41683860225807906 0.20654374010691823 0.25568872607803156 0.4600921353047342 

0.57000000000000028 3 0.055512
1 0.87967377635429755 -0.00087649416398513397 -0.0015771836235249183 -0.44487844593005249 -0.0031313984339861288 -0.0056347098837034185 
1 -0.45899066456403781 0.22993985035884254 0.41375902006317961 0.23389139688627331 -0.25878500189952836 -0.46566364475709965 
1 -0.42068311179024598 -0.22906335619484677 -0.41218183643966638 0.21098704904377324 0.26191640033351615 0.47129835464079711 

0.58000000000000029 3 0.0565159
1 0.87517684171038357 -0.00090809865844485753 -0.0016340534729087802 -0.45452847836627414 -0.0031895068126413426 -0.005739271427830487 
1 -0.4566260168552006 0.22732062203901593 0.40904592078420787 0.23904998327103028 -0.26508260272090772 -0.47699569155341065 
1 -0.41855082485516965 -0.22641252338056145 -0.40741186731131107 0.21547849509523934 0.26827210953355113 0.48273496298123503 

0.5900000000000003 3 0.0576029
1 0.87058279879536726 -0.00094028439688343497 -0.0016919692259876032 -0.46430091609074903 -0.0032476441064722191 -0.0058438850025852593 
1 -0.45420942278455823 0.22463774666679218 0.40421829354503946 0.24428121019910781 -0.27151571514628225 -0.48857158102591908 
1 -0.4163733760107946 -0.22369746226989909 -0.40252632431906393 0.22001970589163891 0.27476335925275658 0.49441546602850001 

0.60000000000000031 3 0.0587058
1 0.86589039867992079 -0.00097305157070320665 -0.0017509312271751318 -0.47420077475582795 -0.0033057903517367954 -0.0059485146847543142 
1 -0.451740139393499 0.22188982899415996 0.39927362770452529 0.24958842133943954 -0.27809247274903753 -0.50040594891240442 
1 -0.41415025928640431 -0.22091677742344618 -0.39752269647735911 0.22461235341638691 0.28139826310077992 0.50635446359715364 

0.61000000000000032 3 0.0598159
1 0.86109834103966743 -0.0010064001587992142 -0.0018109394384946186 -0.48423332052543677 -0.0033639229642392714 -0.0060531198358197988 
1 -0.44921738926618832 0.21907538910311702 0.39420926026439751 0.25497516749058347 -0.28482168816769204 -0.51251465287594733 
1 -0.41188095177346323 -0.2180689889443061 -0.39239832082591186 0.2292581530348507 0.28818561113193608 0.51856777271176169 

0.62000000000000033 3 0.0609169
1 0.85620527156355097 -0.0010403298999049405 -0.0018719933898171245 -0.49440408761685062 -0.0034220164437034455 -0.0061576545700020883 
1 -0.44664035836398625 0.21619285523152093 0.38902236295995413 0.26044522580808815 -0.2917129315703022 -0.52491491369560217 
1 -0.4095649131995473 -0.21515252533160459 -0.38715036957014698 0.23395886180875985 0.29513494801401263 0.53107256826559668 

0.63000000000000034 3 0.0620251
1 0.85120977917942298 -0.001074840261803755 -0.0019340921234598763 -0.50471889733299247 -0.0034800420417600681 -0.0062620671568288482 
1 -0.44400819365591782 0.21324055575834513 0.38370992783812619 0.26600262142616604 -0.29877662062265092 -0.53762547715717846 
1 -0.40720158552348867 -0.21216571549652929 -0.38177583571467638 0.23871627590682593 0.3022566626644167 0.54388754431399944 

0.64000000000000035 3 0.0636122
1 0.84611039308125946 -0.0011099304070177475 -0.001997234132446039 -0.51518387873657601 -0.0035379673885692032 -0.0063662993492703494 
1 -0.44132000051935766 0.21021671022326646 0.37826875109792824 0.27165165186263729 -0.30602412403001894 -0.55066680036867632 
1 -0.40479039256189597 -0.20910677981623702 -0.37627151696549332 0.24353222687393555 0.30956209141858548 0.55703309971794601 

0.65000000000000036 3 0.0651371
1 0.8409055795407484 -0.0011455991545326772 -0.0020614172916315191 -0.5258054911350093 -0.0035957560723384532 -0.0064702856271157561 
1 -0.43857483988085655 0.2071194192327287 0.37269541492721003 0.27739691467520994 -0.31346788116715379 -0.56406126702524939 
1 -0.40233073965989002 -0.20597382007818402 -0.37063399763558802 0.24840857645979222 0.31706363723948389 0.57053155265234479 

0.66000000000000036 3 0.066658
1 0.83559373848412966 -0.001181844937054953 -0.0021266387807924681 -0.53659054856479049 -0.0036533671651155916 -0.0065739523436726512 
1 -0.43577172506179351 0.20394665307670184 0.36698626701936615 0.28324333893563919 -0.32112154086728373 -0.57783343714921531 
1 -0.39982201342233903 -0.20276480813963665 -0.36485962823858614 0.25334720962914359 0.32477490803238696 0.58440738949287208 

0.67000000000000037 3 0.068166
1 0.83017319981339799 -0.0012186657532268883 -0.0021928949986401037 -0.54754624648666161 -0.0037107546871916648 -0.0066772167620021616 
1 -0.43290961828743196 0.20069623884641577 0.36113739739270284 0.28919622121221805 -0.32900012314237653 -0.5920103380932813 
1 -0.39726358152596092 -0.19947757309317526 -0.35894450239407055 0.25835002527444506 0.33271087782955172 0.59868755485524605 

0.68000000000000038 3 0.0697229
1 0.82464221944846072 -0.00125605911414236 -0.0022601814665799695 -0.55868019092782406 -0.0037678670012389164 -0.0067799859647170377 
1 -0.42998742681012059 0.19736584580119673 0.3551446120592156 0.29526126690713245 -0.33712020849532787 -0.60662180519315301 
1 -0.39465479263833375 -0.19610978668704332 -0.35288443059263991 0.26341892402069117 0.34088807549654665 0.61340179115782223 

0.69000000000000039 3 0.0712321
1 0.81899897506460972 -0.0012940219834103293 -0.0023284927208606309 -0.570000430336421 -0.0038246461258753901 -0.0068821556187939666 
1 -0.42700399858808319 0.19395296868067688 0.34900340299615518 0.30144463799503912 -0.34550016061996697 -0.62170088249904354 
1 -0.39199497647651893 -0.19265894669725445 -0.34667491027530134 0.26855579234138593 0.34932480674581906 0.62858303811778704 

0.7000000000000004 3 0.072916
1 0.81324156149662374 -0.0013325507099019333 -0.0023978221915573091 -0.58151549044583528 -0.0038810269566664514 -0.0069836085738255961 
1 -0.42395811744955286 0.19045490859351094 0.3427089137567782 0.30775300846501075 -0.35416038974447989 -0.63728429664186814 
1 -0.38928344404707166 -0.18912235788359721 -0.34031109156522094 0.27376248198083752 0.35804141670112394 0.64426790521565624 

0.71000000000000041 3 0.0739229
1 0.80736798577781765 -0.0013716409521874202 -0.0024681620666022765 -0.59323441248271125 -0.0039369363805868184 -0.0070842132685642548 
1 -0.42084849765726812 0.18686875103226225 0.33625589990981547 0.31419362910047088 -0.36312366576715222 -0.65341302029680226 
1 -0.38651948812054432 -0.18549711008006317 -0.33378773784321014 0.2790407833822568 0.36706060214771036 0.6604972335653353 

0.72000000000000042 3 0.075474
1 0.80137616177872173 -0.0014112875935182441 -0.0025395031388011206 -0.60516679509426741 -0.0039922922676212912 -0.0071838219163840996 
1 -0.41767377777012266 0.18319134046075489 0.32963868331136992 0.32077440366626769 -0.37241549280840391 -0.67013294616082786 
1 -0.38370238400858897 -0.18178005286722235 -0.3270991801725695 0.28439239142801082 0.37640778507599459 0.67731676807716978 

0.73000000000000043 3 0.0770082
1 0.79526390440618211 -0.0014514846460322852 -0.0026118346334580772 -0.61732284041698149 -0.004047002320401811 -0.0072822684352923427 
1 -0.41443251367515133 0.17941925078839241 0.32285109897577524 0.32750397914677021 -0.38206456006945611 -0.68749569823808476 
1 -0.38083139073101996 -0.1779677661423463 -0.32023926434230632 0.2898188612702054 0.38611156238983041 0.69477796667332603 

0.74000000000000044 3 0.0785735
1 0.78902892331912489 -0.0014922251426540936 -0.0026851440138582969 -0.62971340476121085 -0.0041009627594826344 -0.0073793660821831015 
1 -0.4111231706330431 0.17554875087638669 0.31588643300661762 0.33439185344615274 -0.39210328823877516 -0.70555961505605458 
1 -0.37790575268606702 -0.17405652573371813 -0.31320128899274557 0.29532155131505661 0.39620425099823048 0.71293898113818899 

0.75000000000000044 3 0.0802085
1 0.78266881611213968 -0.0015335010149180909 -0.0027594167614205223 -0.64235005444581095 -0.0041540568179378075 -0.0074749047439824357 
1 -0.40774411414135109 0.17157576400050242 0.30873734965318833 0.34144850499935014 -0.40256849654388105 -0.72439094997395115 
1 -0.37492470197076944 -0.17004226298557013 -0.30597793289175063 0.30090154944645475 0.4067225533617943 0.73186585471789933 

0.76000000000000045 3 0.0817504
1 0.7761810609125569 -0.0015753029546574631 -0.0028346361268168589 -0.65524512738221385 -0.0042061530143046935 -0.0075686478299423054 
1 -0.40429359936830866 0.16749581990634865 0.30139580503760655 0.348685550159892 -0.41350222351713345 -0.74406534808735114 
1 -0.37188746154423785 -0.16592051695168064 -0.29856116891077228 0.30655957722232391 0.41770837653142662 0.75163399591724944 

0.77000000000000046 3 0.0830343
1 0.76956300833014435 -0.0016176202571646888 -0.0029107828477518728 -0.66841180108177745 -0.0042571031673383514 -0.0076603286993453474 
1 -0.40076975884223659 0.16330399771047097 0.29385294440975618 0.35611593619572202 -0.42495274552302853 -0.76466967898943006 
1 -0.36879324948790315 -0.16168637745329473 -0.2909421615619871 0.31229586488605787 0.4292098486903474 0.77233000768874049 

0.78000000000000047 3 0.0839703
1 0.76281187269148465 -0.0016604406430317782 -0.0029878348283783156 -0.6818641678406413 -0.004306740109419914 -0.0077496465469587801 
1 -0.39717058799027638 0.15899485738788596 0.28609897886438834 0.36375418048428654 -0.43697585241431097 -0.78630433221586082 
1 -0.36564128470120721 -0.15733441674483792 -0.28311114403599724 0.31810998735636309 0.44128259252370727 0.79405397876277961 

0.79000000000000048 3 0.0849123
1 0.75592472248317832 -0.0017037500554087923 -0.0030657667744793324 -0.69561731794513215 -0.0043548750475490431 -0.0078362616543446329 
1 -0.39349392799569027 0.15456235689092168 0.2781230362028963 0.37161667043551061 -0.44963646136315483 -0.80908612120938284 
1 -0.36243079448748627 -0.15285860683549704 -0.27505726942840697 0.32400064750963398 0.45399133641067729 0.81692238286368779 

0.80000000000000049 3 0.0858333
1 0.7488984699189698 -0.0017475324288625674 -0.0031445497775473784 -0.70968743183507088 -0.0044012945114133804 -0.0079197898981458945 
1 -0.38973744527090431 0.14999975098771551 0.26991297890095639 0.37972204438044393 -0.4630106810638232 -0.83315199769326753 
1 -0.35916102464806293 -0.14825221855883633 -0.26676842912340371 0.32996538745462489 0.46741197557521486 0.84107178759138934 

0.8100000000000005 3 0.0867753
1 0.74172985953626047 -0.0017917694253576835 -0.0032241508397025179 -0.72409188226050258 -0.0044457568167677562 -0.0079997963862100605 
1 -0.38589860660199843 0.14529946657370146 0.26145517974118931 0.38809168209092154 -0.47718848401821862 -0.85866386024300678 
1 -0.35583125293425766 -0.14350769714832634 -0.25823102890148397 0.33600020016957138 0.48163424083496637 0.8666636566291841 

0.82000000000000051 3 0.0880692
1 0.73441545571633826 -0.0018364401320989509 -0.0033045323299834345 -0.73884934756484699 -0.0044879879589570949 -0.0080757880683009001 
1 -0.38197464867426834 0.14045294731667826 0.25273424226395352 0.39675034628150058 -0.49227721235184774 -0.88581486273161414 
1 -0.35244080704206965 -0.13861650718455884 -0.24942970993396965 0.34209900128332621 0.49676520031078575 0.89389065079989161 

0.83000000000000052 3 0.0890043
1 0.72695162901111299 -0.0018815207150464255 -0.0033856513608741048 -0.75397993731545987 -0.0045276768355207104 -0.0081472051395426719 
1 -0.37796254018493564 0.13545045776372197 0.24373264827284358 0.40572703595551196 -0.50840624547844204 -0.91483781343202897 
1 -0.3489890888261758 -0.1335689370486583 -0.24034699691196704 0.34825290135994053 0.5129339223139292 0.92298501857154724 

0.84000000000000052 3 0.0899413
1 0.71933454114643958 -0.0019269840208111361 -0.0034674590719459214 -0.76950533156813294 -0.0045644696780839603 -0.0082134110210400832 
1 -0.37385893399857417 0.13028083301611643 0.23443030739401824 0.41505614318474998 -0.52573331771319054 -0.94601654307466942 
1 -0.34547560714786862 -0.12835384899528773 -0.23096284832207276 0.35444918838337591 0.53029778739121858 0.95422995409568756 

0.85000000000000053 3 0.0908711
1 0.71156012855924211 -0.001972799118335822 -0.0035498998051478338 -0.78544893507071989 -0.0045979635518735885 -0.0082736806627558834 
1 -0.36966010565682034 0.12493115402604923 0.22480397279769596 0.42477905460257614 -0.54445322842027 -0.97970157808598146 
1 -0.34190002290243188 -0.12295835490769731 -0.22125407299254729 0.36066988046813608 0.54905119197209562 0.98797525874871073 

0.86000000000000054 3 0.0921242
1 0.70362408431262302 -0.0020189307702255022 -0.0036329101535063912 -0.80183604764500149 -0.0046276987560900894 -0.0083271868685698379 
1 -0.36536187276341064 0.11938631923418414 0.21482647039299363 0.4349464216589779 -0.56481010419552446 -1.0163322054399215 
1 -0.33826221154921005 -0.11736738846394573 -0.21119356023947855 0.366889625985995 0.56943780295156887 1.0246593923084186 

0.87000000000000055 3 0.0933743
1 0.6955218382218612 -0.0020653388217867484 -0.0037164178617486699 -0.81869405176812338 -0.0046531499303288431 -0.0083729842929659033 
1 -0.36095948687861429 0.11362846846321184 0.20446566216878212 0.44562146624531379 -0.58711507776483696 -1.056468284471799 
1 -0.3345623513432322 -0.11156312964140896 -0.20074924430702751 0.37307258552278183 0.59176822769510284 1.0648412687646602 

0.88000000000000056 3 0.0946271
1 0.68724853501601713 -0.0021119774937375024 -0.0038003405535886213 -0.83605261789660679 -0.0046737156424145167 -0.0084099907051476339 
1 -0.35644748474255294 0.10763619074558611 0.19368302074093888 0.456884943385443 -0.61177248536030837 -1.1008373870353165 
1 -0.33080105027344248 -0.10552421325183794 -0.1898826801873508 0.37916767451109251 0.6164462010026458 1.1092473777403273 

0.89000000000000057 3 0.0958784
1 0.67879901035881507 -0.0021587945621577976 -0.0038845842561116132 -0.85394392714311251 -0.0046887062043272729 -0.0084369650647357301 
1 -0.35181947730119928 0.10138340660145559 0.18243161809758376 0.46884285965650135 -0.63931994784997981 -1.1504069204030927 
1 -0.32697953305754224 -0.099224612039292628 -0.17854703384147155 0.38510106748656392 0.64400865405428276 1.1588438854676746 

0.90000000000000058 3 0.0972693
1 0.6701677645634192 -0.0022057304066014217 -0.0039690416869245047 -0.87240290919551366 -0.0046973294417019598 -0.0084524819150787606 
1 -0.34706783987400625 0.094837742319274859 0.17065320024252598 0.48163898481981959 -0.67049205137271717 -1.2064987156562978 
1 -0.32309992468936238 -0.092632011912664347 -0.16668415855559077 0.39076392437563967 0.67518938081437574 1.2149511975711507 

0.91000000000000059 3 0.0992851
1 0.66134893387223914 -0.0022527169045152063 -0.0040535902647495592 -0.89146749023938643 -0.0046986741421564003 -0.0084549015997981581 
1 -0.34218323785466381 0.087958077745052141 0.15827377463121195 0.49547615795806604 -0.70632620707998495 -1.270979514122015 
1 -0.31916569601751577 -0.085705360840528627 -0.15422018436645088 0.39599133228126626 0.71102488122208374 1.2794344157216593 

0.9200000000000006 3 0.101312
1 0.65233625924919258 -0.0022996761475538728 -0.0041380897995291323 -0.91117883994197513 -0.0046916909566741246 -0.0084423358962992835 
1 -0.33715386331200015 0.08069067947869496 0.14519665215590069 0.51065481044657135 -0.74834864656023325 -1.3465956517896676 
1 -0.3151823959371382 -0.078391003331140172 -0.14105856235636444 0.40052402949534482 0.75304033751688093 1.3550379876857384 

0.9300000000000006 3 0.103998
1 0.64312305279072757 -0.0023465189537778593 -0.0042223798152442888 -0.93158159590901723 -0.0046751706870921499 -0.0084126089457829487 
1 -0.33196412763673128 0.07296275550358837 0.13129084919888157 0.52764802669797051 -0.79892471635735618 -1.4376033872704623 
1 -0.31115892515396271 -0.070616236549826975 -0.12706846938364869 0.40393356921114315 0.80359988704434615 1.4460159962158556 

0.94000000000000061 3 0.106594
1 0.63370216216762787 -0.0023931431507886259 -0.0043062764605469837 -0.95272402329909456 -0.0046477202983522259 -0.0083632140891391916 
1 -0.32659223796180803 0.064670914850893116 0.1163703216886645 0.54726262467247921 -0.86198070703475504 -1.5510677775059936 
1 -0.30710992420589805 -0.062277771700136555 -0.11206404522811801 0.40546139862662939 0.86662842733292988 1.5594309915946534 

0.95000000000000062 3 0.110098
1 0.62406593412371769 -0.0024394316124472315 -0.004389568975987003 -0.97465802410884006 -0.0046077379819365249 -0.0082912689955339132 
1 -0.3210052026559409 0.055658417692846941 0.10015302839817306 0.57103307573143114 -0.94468402577471455 -1.6998860187311193 
1 -0.30306073146798107 -0.053218986080429687 -0.095763459422228747 0.40362494837741686 0.94929176375674951 1.7081772877250696 

0.96000000000000063 3 0.113604
1 0.61420617933271826 -0.0024852500556110458 -0.0044720157294092797 -0.99743881080448127 -0.0045533910989333827 -0.0081934759726240876 
1 -0.31514686314938417 0.045663711375444435 0.082168325506311882 0.6023856364060014 -1.0621081947223492 -1.9111817510702105 
1 -0.29905931618333498 -0.043178461319848697 -0.077696309776932773 0.3950531743980551 1.066661585821143 1.9193752270414131 

0.97000000000000064 3 0.117358
1 0.60411414389506468 -0.0025304446708458517 -0.0045533399525951052 -1.021123785783798 -0.004482608014276925 -0.0080661072729576941 
1 -0.30890147148292313 0.034175701789035055 0.061496538595318215 0.65132123154722887 -1.2544628652639822 -2.2573091398788665 
1 -0.29521267241309995 -0.03164525711823115 -0.056943198642957084 0.36980255423238978 1.258945473277727 2.2653752471510686 

0.98000000000000065 3 0.171244
1 0.59378050117476455 -0.0025748398740951038 -0.0046332256955986069 -1.0457691539905025 -0.0043931220953045821 -0.0079050842659300798 
1 -0.3019153938487984 0.019810608294622393 0.03564766116891837 0.77065657934263521 -1.7023232490275502 -3.0631993464784641 
1 -0.291865107327131 -0.017235768420578012 -0.031014435473598983 0.27511257464376127 1.7067163711200943 3.0711044307422872 

