0 3 0
1 1 0 0 0 0 0 
1 -0.29435859122881913 -0.029846860385933371 -0.58788497600981782 0 0 0 
1 -0.70564140877118087 0.029846860385933371 0.58788497600981782 0 0 0 

0.01 3 0.00209212
1 0.99996297095157427 -2.6505144713911051e-07 -5.2206416898770471e-06 -0.0074059194184638404 -5.3010729220615406e-05 -0.0010441370004468573 
1 -0.2943466835824875 -0.02984480225996523 -0.58784443769792594 0.002381548129193169 0.00041163224307256912 0.0081078012298282879 
1 -0.70561628736908544 0.029845067311412433 0.58784965833961456 0.0050243712892706757 -0.00035862151385195209 -0.0070636642293814382 

0.02 3 0.00260305
1 0.99985187722166546 -1.0602321761629226e-06 -2.0883086508560592e-05 -0.014813155869126302 -0.0001060267359683311 -0.0020883779508185179 
1 -0.29431095951177549 -0.029838627459045069 -0.58772281443022201 0.0047633225936857537 0.00082334909744005496 0.016217269023859306 
1 -0.70554091770988969 0.029839687691221195 0.5877436975167325 0.010049833275440453 -0.00071732236147171991 -0.014128891073040878 

0.029999999999999999 3 0.00311708
1 0.99966669905004857 -2.3856213502238105e-06 -4.6988893709765465e-05 -0.022223027647950103 -0.00015905329783517382 -0.0031328268023186122 
1 -0.29425141562201296 -0.02982833471363797 -0.58752008120104882 0.0071455496322391674 0.0012352352718443772 0.024330071865681244 
1 -0.70541528342803361 0.029830720334988188 0.58756707009475828 0.015077478015710835 -0.0010761819740092093 -0.0211972450633626 

0.040000000000000001 3 0.00362396
1 0.99940740348194856 -4.2413509089450041e-06 -8.354066207008783e-05 -0.029636855581283476 -0.00021209569253023298 -0.0041775875084565216 
1 -0.29416804625703558 -0.029813921906227593 -0.58723619630229973 0.0095284552892128341 0.0016473756701986207 0.032447882083112195 
1 -0.70523935722491327 0.029818163257136609 0.58731973696437001 0.020108400292070366 -0.0014352799776683992 -0.028270294574655713 

0.050000000000000003 3 0.00419092
1 0.99907394433637797 -6.6276055697502866e-06 -0.00013054202991519514 -0.037055964298207573 -0.00026515919790610307 -0.0052227640255682805 
1 -0.29406084350162376 -0.029795386068873161 -0.58687110127530395 0.011912265314036932 0.0020598554898669944 0.040572377783992156 
1 -0.70501310083475011 0.029802013674443118 0.58700164330522064 0.025143698984170203 -0.0017946962919609046 -0.035349613758423826 

0.060000000000000005 3 0.00469875
1 0.9986662621617044 -9.5446228292749899e-06 -0.00018799767514762042 -0.044481683511500954 -0.00031824909194651458 -0.0062684603125727377 
1 -0.29392979718497148 -0.029772723379780784 -0.58642472084328534 0.014297205056657641 0.0024727603207822242 0.048705244808469737 
1 -0.70473646497672671 0.02978226800261019 0.58661271851843799 0.030184478454843081 -0.0021545112288357282 -0.042436784495896808 

0.070000000000000007 3 0.00520873
1 0.99818428417838612 -1.2992692964403597e-05 -0.00025591331526719405 -0.051915349310149711 -0.00037137065270168636 -0.0073147803296984421 
1 -0.29377489488522734 -0.029745929158876833 -0.58589696282419967 0.016683499357555979 0.0028861762456864342 0.056848178703417976 
1 -0.70440938929314878 0.029758921851841608 0.58615287613947309 0.035231849952593638 -0.002514805592984783 -0.049533398373719062 

0.080000000000000002 3 0.00571275
1 0.99762792420864554 -1.6972159032341366e-05 -0.00033429570737246347 -0.059358305466373079 -0.00042452915815749317 -0.0083618280359065433 
1 -0.29359612193516232 -0.029714997862373829 -0.5852877180236592 0.019071372430888089 0.0033001899417876702 0.065002886724732228 
1 -0.70403180227347384 0.029731970021406508 0.58562201373103828 0.040286933035484793 -0.002875660783630224 -0.056641058688825317 

0.089999999999999997 3 0.00623369
1 0.99699708259308351 -2.1483416868986722e-05 -0.0004231526481286272 -0.066811904760201518 -0.00047772988602393351 -0.0094097073847243199 
1 -0.29339346142906036 -0.029679923076309483 -0.58459686010771184 0.021461047739232422 0.0037148887841317061 0.073171089873417 
1 -0.70360362116400788 0.029701406493178817 0.5850200127558447 0.045350857020968645 -0.0032371588981078099 -0.063761382488691842 

0.099999999999999992 3 0.00673676
1 0.99629164609384258 -2.652691508472202e-05 -0.00052249297368462679 -0.074277510324705323 -0.00053097811342773496 -0.010458522318190519 
1 -0.29316689423089187 -0.02964069750904404 -0.58382424545502698 0.023852747858348268 0.0041303609509982919 0.081354524971543177 
1 -0.70312475186293832 0.02966722442412896 0.58434673842871265 0.050424762466357 -0.0035993828375706122 -0.070896002653351928 

0.10999999999999999 3 0.00724053
1 0.99551148778428977 -3.2103155056584442e-05 -0.00063232655951894691 -0.081756497015071414 -0.00058427911649301407 -0.011508376758595952 
1 -0.29291639898391675 -0.029597312982690461 -0.58296971298813738 0.026246694330257222 0.0045466955316419248 0.089554946784388315 
1 -0.7025950888003627 0.029629416137747212 0.58360203954765788 0.055509802684814022 -0.0039624164151489689 -0.07804657002579185 

0.11999999999999998 3 0.0077436
1 0.99465646692482168 -3.8212690915613146e-05 -0.00075266432019038647 -0.089250252804802102 -0.0006376381697930306 -0.012559374597684343 
1 -0.29264195212179872 -0.029549760423455817 -0.58203308398316 0.028643107502846536 0.0049639826367101443 0.097774130195312711 
1 -0.70201451480301202 0.02958797311437153 0.58278574830335717 0.060607145301955045 -0.0043263444669171683 -0.085214755597627909 

0.12999999999999998 3 0.00825357
1 0.99372642882457884 -4.4856129527994835e-05 -0.00088351820896669 -0.096760180212447547 -0.00069106054565480374 -0.013611619682955987 
1 -0.29234352788142381 -0.029498029850862185 -0.58101416185751931 0.031042206354065658 0.0053823135116871689 0.1060138724402275 
1 -0.70138290094314482 0.029542885980390361 0.58189768006648779 0.065717973858381101 -0.0046912529660324458 -0.092402252757271264 

0.13999999999999999 3 0.00875854
1 0.99272120468870673 -5.2034130468438323e-05 -0.0010249012173001201 -0.10428769776239202 -0.00074455151329716831 -0.014665215800690128 
1 -0.29202109831754303 -0.029442110365817509 -0.57991273193494486 0.033444208298635716 0.0058017806537279601 0.11427599540883927 
1 -0.70070010637115965 0.029494144496286134 0.58093763315224667 0.070843489463755557 -0.0050572291404308942 -0.099610779608148764 

0.14999999999999999 3 0.00925851
1 0.99164061145087024 -5.9747405984010857e-05 -0.0011768273741151534 -0.11183424148336479 -0.00079811633778132285 -0.015720266655274432 
1 -0.2916746333194547 -0.02938199013749896 -0.57872856118714067 0.035849328975024818 0.0062224779322665683 0.12256234802024037 
1 -0.69996597813141481 0.029441737543483164 0.57990538856125595 0.075984912508339178 -0.0054243615944854131 -0.10684208136496536 

0.16 3 0.00975752
1 0.99048445159051768 -6.7996720946449882e-05 -0.0013393117448691511 -0.1194012664485033 -0.00085176027875122123 -0.016776875844394482 
1 -0.29130410062992745 -0.029317656389009669 -0.57746139795126794 0.038257782010245343 0.006644500713804808 0.13087480868083096 
1 -0.69918035096059084 0.029385653109956184 0.57880070969613484 0.081143484438257071 -0.0057927404350537615 -0.11409793283643578 

0.17000000000000001 3 0.0102575
1 0.98925251293454985 -7.678289279072336e-05 -0.0015123704303422487 -0.12699024836098133 -0.00090548858893928989 -0.017835146829601561 
1 -0.29090946586658489 -0.029249095381765348 -0.57611097162240343 0.040669778759808525 0.0070679459913110046 0.13921528783305476 
1 -0.69834304706796402 0.0293258782745561 0.5776233420527469 0.086320469601171415 -0.0061624574023718681 -0.12138014100345158 

0.18000000000000002 3 0.0107656
1 0.9879445684429039 -8.6106791437367728e-05 -0.0016960205651076481 -0.13460268518939819 -0.00095930651241081868 -0.018895182901732858 
1 -0.29049069254604309 -0.029176292398561759 -0.57467699232003433 0.043085528019926524 0.0074929125186864246 0.14758573060394123 
1 -0.69745387589685826 0.029262399189999143 0.57637301288514486 0.091517157169470273 -0.0065336060062757897 -0.12869054770220589 

0.19000000000000003 3 0.0124435
1 0.98656037597748536 -9.5969339195841623e-05 -0.0018902803156279689 -0.14224009885735656 -0.0010132192825180091 -0.019957087140613113 
1 -0.29004774211106488 -0.029099231725270062 -0.57315915052750921 0.045505235708767008 0.00791950095078711 0.15598811956307598 
1 -0.69651263386641338 0.029195201064465649 0.57504943084313986 0.096734863148588257 -0.0069062816682692891 -0.1360310324224599 

0.20000000000000004 3 0.0135405
1 0.98509967805392618 -0.00010637151064583616 -0.0020951688779174971 -0.14990403699187743 -0.001067232119531946 -0.021020962368411826 
1 -0.28958057396108094 -0.029017896631101738 -0.57155711670332565 0.047929104513246827 0.0083478139895219738 0.16442447760025145 
1 -0.69551910409284079 0.0291242681417473 0.57365228558124415 0.10197493247862903 -0.007280581869990168 -0.14340351523183736 

0.21000000000000005 3 0.0146255
1 0.98356220157555252 -0.00011731433249315234 -0.0023107064747034086 -0.15759607473558232 -0.0011213502279178336 -0.022086911095974743 
1 -0.2890891454864194 -0.028932269347380642 -0.56987054086301225 0.050357333497499608 0.0087779565365864037 0.17289687093382128 
1 -0.69447305608912291 0.029049583679873595 0.57218124733771736 0.10723874123808207 -0.0076566063086686955 -0.15080995983784412 

0.22000000000000006 3 0.0157197
1 0.98194765754887114 -0.00012879888339639207 -0.0025369143520122179 -0.16531781662784789 -0.0011755787932154753 -0.023155035461379727 
1 -0.28857341210667148 -0.028842331044751559 -0.56809905213019929 0.052790117668739742 0.0092100358534324168 0.18140741226158091 
1 -0.6933742454421864 0.028971129928147581 0.57063596648221582 0.11252769895910754 -0.0080344570602170502 -0.15825237680019874 

0.23000000000000007 3 0.0175667
1 0.98025574077990318 -0.00014082629376030377 -0.0027738147750993002 -0.17307089856044164 -0.0012299229784832754 -0.024225437159894357 
1 -0.28803332731362935 -0.028748061808749691 -0.56624225825543451 0.055227647495801863 0.009644161729121423 0.1899582640669176 
1 -0.69222241346626401 0.028888888102509586 0.56901607303054369 0.11784325106463912 -0.0084142387506382834 -0.16573282690702035 

0.24000000000000007 3 0.0187128
1 0.97848612955053949 -0.00015339774549120153 -0.0030214310236314477 -0.18085698981351872 -0.0012843879202598678 -0.025298217364434692 
1 -0.2874688427192878 -0.028649440613650313 -0.56429974510110381 0.057670108375111308 0.010080446656758857 0.1985516420939904 
1 -0.69101728683123853 0.028802838359141266 0.56732117612474686 0.12318688143840703 -0.0087960587364992269 -0.17325342472955263 

0.25000000000000006 3 0.0198138
1 0.97663848527412145 -0.00016651447170937654 -0.0032797873860223696 -0.1886777951782096 -0.0013389787239929604 -0.026373476635527429 
1 -0.28687990810948139 -0.028546445294507717 -0.56227107609068239 0.060117680038277832 0.010519006019265583 0.2071898190068176 
1 -0.68975857716462674 0.02871295976621686 0.56555086347671479 0.12856011513993262 -0.0091800272952729228 -0.18081634237128749 

0.26000000000000006 3 0.0210407
1 0.97471245212932633 -0.00018017775641290557 -0.0035489091528107613 -0.19653505717244535 -0.0013937004588796594 -0.027451314819681789 
1 -0.28626647150376106 -0.028439052517285734 -0.56015579162041107 0.062570535894840684 0.0109599582853049 0.21587512824839475 
1 -0.68844598062555118 0.028619230273698344 0.56370470077322621 0.13396452127760572 -0.009566257826425506 -0.18842381342871004 

0.27000000000000007 3 0.0221267
1 0.97270765667142234 -0.00019438893408666276 -0.0038288226089592372 -0.2044305583571199 -0.001448558152056998 -0.028531830934961862 
1 -0.28562847922220508 -0.028327237746975303 -0.55795340843131203 0.065028842302975676 0.011403425216254598 0.22460996811735981 
1 -0.68707917744919966 0.028521626681061715 0.5617822310402717 0.13940171605414461 -0.0099548670641978285 -0.19607813718239531 

0.28000000000000008 3 0.0232487
1 0.97062370741979132 -0.00020914938924971579 -0.0041195550249394225 -0.21236612376016828 -0.0015035567820748277 -0.029615123042424051 
1 -0.2849658759598992 -0.028210975213583161 -0.55566341893927784 0.067492757760131167 0.011849532085191251 0.23339680608126839 
1 -0.68565783145987325 0.02842012460283256 0.55978297396421328 0.14487336600003739 -0.010345975303116655 -0.20378168303884275 

0.29000000000000009 3 0.0243526
1 0.96846019442067155 -0.00022446055593354841 -0.0044211346464546374 -0.2203436234166809 -0.0015587012715761422 -0.030701288101943357 
1 -0.28427860486995965 -0.028090237875865318 -0.55328529052074549 0.0699624320046386 0.012298407908941282 0.24223818334723432 
1 -0.68418158955069142 0.028314698431798617 0.55770642516719493 0.15038119141204281 -0.01073970663736537 -0.21153689524528868 

0.3000000000000001 3 0.0254304
1 0.96621668878386624 -0.00024032391708278037 -0.0047335906826361362 -0.22836497503374209 -0.0016139964791018829 -0.031790421810795409 
1 -0.28356660765603453 -0.027964997382671209 -0.5508184647513038 0.072438005018279392 0.012750185694349794 0.25113671971261353 
1 -0.68265008112780745 0.028205321299753491 0.55555205543393726 0.15592697001546382 -0.011136189215248128 -0.21934629790181645 

0.31000000000000011 3 0.0259445
1 0.96389274219213972 -0.00025674100386918443 -0.0050569532925314837 -0.23643214678933214 -0.0016694471899285008 -0.032882618423186655 
1 -0.28282982467529727 -0.027835224031747378 -0.54826235659426459 0.074919605918586693 0.013205002700026502 0.26009511872053936 
1 -0.68106291751681924 0.02809196503561618 0.55331930988679334 0.16151254087074679 -0.011535555510098156 -0.22721250029735299 

0.32000000000000012 3 0.0268135
1 0.96148788638192495 -0.00027371339490881694 -0.005391253569684471 -0.24454716027530474 -0.0017250581058363028 -0.033977970548723792 
1 -0.28206819505313729 -0.02770088672584263 -0.54561635353606153 0.077407351728319196 0.013663000714948002 0.26911617314747588 
1 -0.67941969132876368 0.027974600120751165 0.55100760710574093 0.16713980854698665 -0.01193794260911182 -0.23513820259875187 

0.33000000000000013 3 0.0282505
1 0.95900163259382687 -0.00029124271537102575 -0.0057365235245856521 -0.2527120935952275 -0.001780833833695725 -0.035076568927601193 
1 -0.281281656810835 -0.027561952925934673 -0.54287981466497881 0.079901346007988733 0.01412432635543053 0.27820277085259221 
1 -0.67771997578297172 0.027853195641305298 0.5486163381895558 0.17281074758723985 -0.012343492521734835 -0.24312620192499065 

0.34000000000000014 3 0.0293245
1 0.9564334709913318 -0.00030933063596688296 -0.0060927960647478591 -0.26092908462868308 -0.0018367788727459973 -0.036178502180032539 
1 -0.28047014700763573 -0.027418388601388993 -0.5400520696894533 0.082401677335579168 0.014589131382136257 0.28735790102175957 
1 -0.67596332398367553 0.027727719237355432 0.54614486575419596 0.17852740729310568 -0.01275235250939036 -0.25117939884172585 

0.35000000000000014 3 0.0304186
1 0.95378287004597062 -0.00032797887180331089 -0.0064601049721360196 -0.26920033447454328 -0.00189289760042673 -0.037283856527179644 
1 -0.27963360189889136 -0.027270158176840784 -0.53713241789182364 0.084908417615605317 0.015057573038946859 0.29658466084222945 
1 -0.67414926814706422 0.027598137048643587 0.54359252286395277 0.1842919168589387 -0.013164675438520304 -0.25930080431505043 

0.36000000000000015 3 0.0315156
1 0.9510492758871405 -0.00034718918108762946 -0.0068384848776511346 -0.27752811108669545 -0.0019491942566073432 -0.03839271548052433 
1 -0.27877195711202846 -0.027117224475569246 -0.53412012701296563 0.087421620197386349 0.015529814415723271 0.30588626264782071 
1 -0.67227731877509334 0.02746441365665634 0.54095861189061067 0.19010649088930984 -0.013580620159116048 -0.26749354716729756 

0.37000000000000016 3 0.0326066
1 0.94823211161448151 -0.00036696336366568095 -0.0072279712323361873 -0.28591475311681203 -0.002005672926041435 -0.039505159496276775 
1 -0.2778851478423926 -0.026959548659116189 -0.5310144320630017 0.08994131777982535 0.016006024837184715 0.31526604157855342 
1 -0.67034696377207525 0.027326512022781312 0.53824240329533368 0.19597343533698822 -0.014000351911143405 -0.27576088208227967 

0.38000000000000017 3 0.0337377
1 0.94533077657080578 -0.00038730325937483604 -0.0076286002749357497 -0.29436267397990656 -0.0020623375188535981 -0.040621265591029604 
1 -0.27697310907120759 -0.026797090162875084 -0.52781453405261336 0.092467520077019902 0.016486380280377771 0.32472746380341205 
1 -0.66835766749958203 0.027184393422249334 0.53544313432754542 0.20189515390288698 -0.014424042761524297 -0.28410619821238692 

0.39000000000000018 3 0.0348217
1 0.9423446455731187 -0.00040821074619113985 -0.0080404089954007399 -0.30287436615970897 -0.0021191917488437534 -0.041741106914425882 
1 -0.27603577580821481 -0.026629806627351333 -0.52451959863908282 0.095000211215652636 0.016971063823471959 0.33427413536014783 
1 -0.66630886976488457 0.027038017373541768 0.53256000763448386 0.20787415494405789 -0.014851872074628347 -0.29253302844572771 

0.40000000000000019 3 0.0359278
1 0.93927306809933242 -0.00042968773814759805 -0.0084634350938856597 -0.31145240577236211 -0.0021762391093692384 -0.04286475227411516 
1 -0.27507308336178193 -0.02645765382476474 -0.52112875468062103 0.097539346831216608 0.017460266128924047 0.34390981167202722 
1 -0.66419998473753095 0.026887341562911591 0.52959218977450739 0.21391305894114515 -0.015284027019554959 -0.30104505939791631 

0.4100000000000002 3 0.0364957
1 0.93611536742799306 -0.00045173618299807394 -0.008897716934734996 -0.32009945740839663 -0.0022334828465364687 -0.043992265607716276 
1 -0.27408496763973716 -0.026280585580635448 -0.51764109269185477 0.10008485082567986 0.017954185964392369 0.35363840780811789 
1 -0.6620303997882323 0.026732321763632789 0.52653880962659039 0.22001460658271577 -0.015720703117856036 -0.30964614220040604 

0.42000000000000021 3 0.0370007
1 0.93287083972806517 -0.00047435805959840821 -0.0093432934948998233 -0.32881827927477125 -0.002290925929402127 -0.045123705395879767 
1 -0.27307136548448269 -0.026098553689956016 -0.5140556631926898 0.1026366117440575 0.018453030765169368 0.36346400956138109 
1 -0.65979947424356067 0.026572911749553604 0.52339895668759095 0.22618166753071289 -0.016162104835767403 -0.31834030416550363 

0.43000000000000022 3 0.0375068
1 0.92953875309574718 -0.00049755537497322251 -0.0098002043061636394 -0.33761172866052758 -0.0023485710168480718 -0.046259124009833001 
1 -0.27203221504645003 -0.02591150782751403 -0.51037147494197821 0.1051944787214547 0.018957017242341251 0.37339088542739624 
1 -0.65750653804927539 0.02640906320248642 0.52017167924814467 0.23241724993907253 -0.016608446225493342 -0.32713176141756561 

0.44000000000000022 3 0.0380068
1 0.92611834653483927 -0.00052133016103328444 -0.0102684893904851 -0.3464827677517085 -0.0024064204207534285 -0.047398566985989571 
1 -0.27096745620045848 -0.025719395451885608 -0.50658749304648742 0.10775825694530475 0.019466372041379333 0.38342349957645877 
1 -0.65515089033436258 0.026240725612917966 0.5168559824369755 0.23872451080640378 -0.017059951620625995 -0.33602493259046928 

0.45000000000000023 3 0.0385077
1 0.92260882887717677 -0.00054568447090434097 -0.010748189187688165 -0.35543446982347782 -0.0024644760650411848 -0.048542072219304767 
1 -0.26987703101013594 -0.025522161702568439 -0.50270263693477568 0.11032770256964347 0.019981332456438045 0.39356652592288976 
1 -0.65273179786702551 0.026067846173471819 0.5134508261224684 0.24510676725383365 -0.017516856391397131 -0.34502445370358314 

0.46000000000000024 3 0.0390017
1 0.91900937763907331 -0.0005706203748238281 -0.011239344474640907 -0.36447002583979093 -0.0025227394401248909 -0.049689669066022846 
1 -0.26876088424623207 -0.025319749289669933 -0.49871577818439961 0.1129025170090838 0.020502147206280141 0.40382486340821983 
1 -0.65024849339282453 0.0258903696644927 0.50995512265904752 0.25156750883070689 -0.017979407766155569 -0.35413519434219642 

0.47000000000000025 3 0.0395057
1 0.91531913780960894 -0.00059613995555687026 -0.011741996274965449 -0.37359275149377857 -0.0025812115522214365 -0.050841377345306547 
1 -0.26761896396543472 -0.025112098375499433 -0.4946257381896712 0.11548234052953288 0.021029077278492746 0.4142036526294664 
1 -0.64770017384415923 0.025708238331055244 0.50636773446464389 0.25811041096424298 -0.018447865726271669 -0.36336227528415849 

0.48000000000000026 3 0.0400066
1 0.91153722056618669 -0.00062224530327725195 -0.012256185758210351 -0.38280609472496052 -0.0026398928669292879 -0.051997206227915135 
1 -0.26645122215719008 -0.024899146447346691 -0.49043128565582039 0.11806674504030494 0.021562396849505283 0.4247082939604534 
1 -0.6450859984089834 0.025521391750622874 0.5026874714140358 0.26473934968465351 -0.018922503982576503 -0.37271108773253614 

0.49000000000000027 3 0.0405087
1 0.90766270191232223 -0.0006489385098527085 -0.01278195412728928 -0.39211364375276148 -0.00269878324639502 -0.053157152998588704 
1 -0.26525761546704124 -0.024680828180645868 -0.486131133903764 0.12065522597781961 0.022102394288897296 0.43534446733338245 
1 -0.64240508644527228 0.025329766690497385 0.49891308803105722 0.27145841777494056 -0.019403611042502905 -0.38218731433479042 

0.50000000000000022 3 0.0410058
1 0.90369462123239264 -0.00067622166246668401 -0.013319342492850791 -0.40151913566943537 -0.0027578818793038765 -0.054321201677095893 
1 -0.26403810600619404 -0.024457075291635651 -0.48172393796800933 0.12324719315418643 0.022649373257607672 0.44611815386993003 
1 -0.63965651522618738 0.025133296954101166 0.49504328046086565 0.27827194251524767 -0.019891491378304399 -0.39179695219283189 

0.51000000000000023 3 0.041507
1 0.89963197975741049 -0.00070409683650056356 -0.01386839173308179 -0.4110264656395714 -0.0028171872028317168 -0.055489321480941448 
1 -0.26279266225837272 -0.024227816378522796 -0.47720829146808597 0.12584196042415849 0.023203653910953508 0.45703565957678044 
1 -0.63683931749902623 0.024931913215022188 0.49107668320117598 0.28518450521541266 -0.020386466708122539 -0.40154633809583695 

0.52000000000000024 3 0.042026
1 0.89547373893560378 -0.00073256608759122131 -0.014429142337267166 -0.4206396967577925 -0.0028766968155818718 -0.056661465110509207 
1 -0.26152126009661414 -0.023992976750040296 -0.47258272323171363 0.12843873400063816 0.023765574218870673 0.46810364134999943 
1 -0.63395247883897166 0.024725542837630329 0.48701186556899134 0.2922009627571559 -0.020888877403289607 -0.4114421762394877 

0.53000000000000025 3 0.042521
1 0.89121881870085651 -0.00076163144276830512 -0.015001634231223651 -0.43036307062120677 -0.0029364073804019207 -0.057837566834873747 
1 -0.26022388392447177 -0.023752478240159296 -0.46784569364522982 0.13103659922149619 0.024335491417527933 0.47932913556707535 
1 -0.63099493477636792 0.024514109682926392 0.48284732787646439 0.2993264713997128 -0.021399084037126814 -0.42149156873219801 

0.54000000000000026 3 0.043021
1 0.88686609563163499 -0.00079129489056394486 -0.01558590658249335 -0.44020101867858663 -0.0029963145158272476 -0.059017540353593335 
1 -0.25890052795823398 -0.023506239007560943 -0.46299559070385088 0.13363450553802847 0.024913783608498708 0.49071958958533979 
1 -0.62796556767338774 0.024297533898123658 0.47858149728635574 0.3065665131405641 -0.02191746909267232 -0.43170204923174427 

0.55000000000000027 3 0.0435171
1 0.88241440099221513 -0.00082155836997416438 -0.016181997582920167 -0.45015817442432093 -0.003056412674728786 -0.060201276406471944 
1 -0.257551197669253 -0.023254173318303002 -0.45803072573091341 0.13623124945696255 0.02550085152404168 0.50228289651217928 
1 -0.62486320332295076 0.024075731688275863 0.47421272331384423 0.31392692496736263 -0.022444438849313832 -0.44208162010570795 

0.56000000000000028 3 0.0440133
1 0.87786251864747034 -0.00085242375813617368 -0.016789944205932723 -0.46023938651178398 -0.0031166950085482364 -0.061388640099437196 
1 -0.25617591140836649 -0.022996191309915117 -0.45294932873133076 0.13882545512230546 0.026097120479811494 0.51402743366702608 
1 -0.62168660723908831 0.023848615068049927 0.46973927293727191 0.32141393138948315 -0.022980425471264145 -0.45263879356758996 

0.57000000000000028 3 0.0445063
1 0.87320918284156712 -0.00088389285656833259 -0.017409781935517114 -0.47044973286822639 -0.0031771532152802063 -0.062579467910290024 
1 -0.25477470223782317 -0.022732198734929276 -0.44774954333998407 0.14141555216890694 0.026703042539580585 0.52596210521924958 
1 -0.61843448060372985 0.023616091591496243 0.46515932527551179 0.32903418069932422 -0.023525889324301184 -0.46338263730896134 

0.58000000000000029 3 0.0450041
1 0.86845307583015208 -0.00091596737580011169 -0.018041544463477492 -0.48079453590134885 -0.0032377773691039768 -0.063773564333010985 
1 -0.25334762000006744 -0.022462096681586309 -0.44242942132056473 0.14399975041459803 0.027319098920386736 0.53809638956165218 
1 -0.61510545583007281 0.023378064057385 0.46047096578405383 0.33679478548675507 -0.024081321551283664 -0.47432282522864544 

0.5900000000000003 3 0.0455
1 0.86359282535459636 -0.00094864891819672358 -0.018685263351137984 -0.49127937889683909 -0.0032985557292709387 -0.064970698113470643 
1 -0.25189473365752307 -0.022185781269153375 -0.43698691656432487 0.14657601087976696 0.027945802671056702 0.55044039206857842 
1 -0.61169809169706468 0.023134430187348575 0.45567217991547609 0.34470336801707568 -0.024647246941786695 -0.48546969395511286 

0.60000000000000031 3 0.0459962
1 0.85862700194585873 -0.00098193895875770053 -0.019340967651137925 -0.50191012371611077 -0.0033594745255122677 -0.066170598022666893 
1 -0.25041613394300805 -0.021903143314932063 -0.43141987853123442 0.14914201252934892 0.028583701662434353 0.56300490399358027 
1 -0.60821086800283752 0.022885082273688302 0.45076084618238421 0.35276811118676787 -0.02522422713692319 -0.49683430597091449 

0.61000000000000032 3 0.0464892
1 0.85355411604436326 -0.0010158388236392658 -0.02000868348439272 -0.51269292991456417 -0.0034205177168352059 -0.067372948105805602 
1 -0.24891193636706582 -0.021614067969622851 -0.42572604506786071 0.15169511401884661 0.029233381934049323 0.57580146838774993 
1 -0.60464217967728306 0.022629906793260761 0.4457347285522657 0.36099781589572455 -0.025812864217215223 -0.50842852028194518 

0.62000000000000033 3 0.0469832
1 0.84837261492106864 -0.0010503496661168775 -0.020688433566635408 -0.52363427541290986 -0.0034816667201199017 -0.068577382336549378 
1 -0.24738228463631118 -0.021318434317225455 -0.41990303452671912 0.15423230958852824 0.029895471449611299 0.5888424540706545 
1 -0.60099033028474447 0.022368783983341071 0.44059146809336608 0.36940196582438817 -0.026413804729492531 -0.5202650717341023 

0.63000000000000034 3 0.0474763
1 0.84308087938344312 -0.001085472439665813 -0.021380236678192926 -0.53474097886766092 -0.0035429001043972672 -0.069783478595298404 
1 -0.24582735454628193 -0.02101611493508795 -0.41394833710068846 0.15675017808266289 0.030570644322904926 0.60214113886651921 
1 -0.59725352483714744 0.022101587374752475 0.43532857377889278 0.37799080078500802 -0.027027744218508686 -0.53235766027121756 

0.64000000000000035 3 0.0479732
1 0.83767722024856328 -0.0011212078677934919 -0.022084107069781724 -0.54602022390188165 -0.0036041932460732654 -0.070990751878244357 
1 -0.24424735842348899 -0.020706975409047278 -0.40785930527287922 0.15924482386624758 0.031259625586715446 0.61571180353640453 
1 -0.59342986182505808 0.021828183276839493 0.42994341234267458 0.38677540003564553 -0.027655432340643219 -0.54472105165816287 

0.65000000000000036 3 0.0490782
1 0.83215987456388829 -0.0011575564102064147 -0.022800053796107698 -0.55747958537365694 -0.0036655179396489902 -0.072198646629833385 
1 -0.24264255020485165 -0.020390873797813895 -0.4016331432667658 0.16171180816077987 0.03196319659080972 0.62956983810066824 
1 -0.5895173243590196 0.021548430208018804 0.42443319706288718 0.39576777721289286 -0.028297678651161607 -0.55737119147083936 

0.66000000000000036 3 0.0501752
1 0.8265270015543561 -0.0011945182248359484 -0.023528079967898862 -0.56912705787809703 -0.0037268419576522386 -0.073406528074866556 
1 -0.24101323125898724 -0.020067660039811749 -0.39526689536289389 0.16414606901139495 0.032682201131255764 0.64373186256641046 
1 -0.58551377029534857 0.021262178264646322 0.41879497533080678 0.40498098886671619 -0.028955359173604613 -0.57032533449154899 

0.67000000000000037 3 0.0512762
1 0.82077667827238066 -0.0012320931251796812 -0.024268181911671616 -0.58097108669852182 -0.0037881285525249091 -0.074613672407320794 
1 -0.23935975707352841 -0.019737175294570166 -0.38875743292645309 0.16654182771464851 0.033417552433238983 0.65821586446594504 
1 -0.58141692119883492 0.020969268419748454 0.41302561483813954 0.41442925898388772 -0.029629423880715003 -0.58360219205863018 

0.68000000000000038 3 0.0523672
1 0.81490689492513557 -0.001270280532337073 -0.025020348224989331 -0.59302060144443891 -0.0038493358920760751 -0.075819255670631733 
1 -0.23768254495666533 -0.019399251209419564 -0.38210143996360607 0.168892479059462 0.034170241133894767 0.67304135609240479 
1 -0.57722434996845073 0.020669531741755273 0.40712178818861156 0.42412812238498948 -0.030320905241819598 -0.59722210042178392 

0.69000000000000039 3 0.0539172
1 0.80891554985092884 -0.0013090794210274862 -0.025784558713195769 -0.60528505263777344 -0.0039104164187846362 -0.077022341138062556 
1 -0.23598208293045081 -0.019053709100638232 -0.37529539699276487 0.1711904621372983 0.034941344441752072 0.68822955491061499 
1 -0.57293346692044966 0.020362788521664378 0.4010799557059827 0.43409459050048671 -0.031030928022968945 -0.61120721377256393 

0.7000000000000004 3 0.0554421
1 0.80280044411376716 -0.0013484882587743391 -0.02656078319154313 -0.61777445153484278 -0.0039713161216830099 -0.078221864971207186 
1 -0.23425894002940978 -0.018700359036248913 -0.36833556297871073 0.17342710772699799 0.035732036686667377 0.70380359135609849 
1 -0.56854150408433579 0.020048847295021575 0.39489634617027219 0.44434734380785645 -0.031760720564986106 -0.62558172638489096 

0.71000000000000041 3 0.0570061
1 0.79655927568231211 -0.0013885049373172941 -0.027348980134237418 -0.63049941349942262 -0.0040319737077370464 -0.079416619898898283 
1 -0.23251377826261779 -0.018338998805298597 -0.36121795503080356 0.17559245731046222 0.036543601520589497 0.71978874914997482 
1 -0.5640454974196708 0.019727503742614578 0.38856693516505514 0.45490695618897975 -0.032511627812854563 -0.64037212925108178 

0.72000000000000042 3 0.0577991
1 0.79018963315578783 -0.0014291266951732362 -0.028149095149144071 -0.6434712052725583 -0.004092319657501016 -0.080605236616722295 
1 -0.23074736655247277 -0.01796941275557996 -0.3539383255098793 0.17767504756583241 0.037377446087876617 0.73621274440766826 
1 -0.55944226660328689 0.019398539450751363 0.38208742065903495 0.46579615770674021 -0.033285126430377746 -0.65560750779093868 

0.73000000000000043 3 0.0585001
1 0.78368898899624795 -0.0014703500301025238 -0.028961059253662696 -0.65670179651605654 -0.0041522751473283201 -0.081786162558112344 
1 -0.2289605970325195 -0.017591370478199347 -0.34649213611860752 0.17966165263561701 0.038235117557489338 0.75310605126868335 
1 -0.55472839196369639 0.0190617205083 0.37545319537228028 0.47704014388044991 -0.034082842410162677 -0.67131988871055814 

0.74000000000000044 3 0.0592
1 0.77705469222227819 -0.0015121706000454881 -0.029784786923499316 -0.67020391604015339 -0.0042117508174750124 -0.082957637630038675 
1 -0.22715450417314609 -0.017204625313037163 -0.33887452846394728 0.1815369744676299 0.039118322502999632 0.77050228361905482 
1 -0.54990018804912177 0.018716795913080755 0.36865931538745661 0.48866694157253426 -0.034906571685526022 -0.6875446459890151 

0.75000000000000044 3 0.0599
1 0.7702839605153039 -0.0015545831108703799 -0.030620173881671837 -0.68399111315912842 -0.0042706453619816695 -0.084117666438319444 
1 -0.22533028731350765 -0.016808912643700009 -0.33108029047335263 0.18328326892741129 0.040028949736138478 0.78843864483713477 
1 -0.54495367320178933 0.018363495754568551 0.36170046435503744 0.50070784423172832 -0.03575830437415848 -0.7043209783988249 

0.76000000000000045 3 0.0606
1 0.7633738716844839 -0.001597581189013547 -0.031467094589941243 -0.69807782465224466 -0.0043288439121620002 -0.085263986447664558 
1 -0.22348933731719789 -0.016403947943781989 -0.32310381791249171 0.18487989197527063 0.040969097354063511 0.80695646053576553 
1 -0.53988453436728923 0.018001529132793851 0.35457091250244321 0.51319793267699121 -0.03664025344190347 -0.72169247408810355 

0.77000000000000046 3 0.0612991
1 0.75632135443210291 -0.0016411572367876848 -0.03232539939885689 -0.71247944783821093 -0.0043862161807628275 -0.086394031427733192 
1 -0.22163326824782514 -0.015989424527675326 -0.31493907008366828 0.18630274570185149 0.041941104961265359 0.82610181322788412 
1 -0.53468808618428632 0.01763058176446133 0.34726446948252976 0.52617670213637213 -0.037554888780505093 -0.73970778180017382 

0.78000000000000047 3 0.0619981
1 0.74912317835528541 -0.0016853022677767726 -0.033194911305583066 -0.72721242029841193 -0.0044426143282736462 -0.087504889426451932 
1 -0.21976395519110212 -0.015565010948322045 -0.30657951857003313 0.18752359801825652 0.04294759229011464 0.84592630302426852 
1 -0.52935922316419115 0.017250313216097161 0.33977442987563061 0.53968882228016812 -0.038504977961844385 -0.75842141359784487 

0.79000000000000048 3 0.0626969
1 0.74177594311498329 -0.0017300057193204404 -0.034075422260452889 -0.7422943068024429 -0.0044978705063254453 -0.088593254383042774 
1 -0.21788357965054422 -0.015130347970388223 -0.29801808761713239 0.18850924172400502 0.043991505791905784 0.8664879653237948 
1 -0.52389236346444634 0.016860353689706998 0.33209350987759456 0.55378506507845227 -0.039493635285584569 -0.77789471094078566 

0.80000000000000049 3 0.063391
1 0.73427606669737389 -0.0017752552386014373 -0.034966688953599265 -0.75774389399527409 -0.0045517940254859914 -0.089655370342917401 
1 -0.21599468433860838 -0.014685045029423031 -0.28924708438994201 0.18922044769799179 0.045076175234637889 0.88785238560365154 
1 -0.51828138235876808 0.016460300268022521 0.32421377334355106 0.56852344629730389 -0.040524381209155698 -0.79819701526076103 

0.8100000000000005 3 0.0640781
1 0.72661977268724665 -0.0018210364382808171 -0.035868428001766636 -0.77358129339055903 -0.0046041680858945038 -0.090686967061924639 
1 -0.21410023970909234 -0.014228676064228826 -0.28025811688429314 0.18961065186129669 0.046205382970044437 0.91009406375189184 
1 -0.51251953297815378 0.016049712502507574 0.31612654488606889 0.583970641529301 -0.04160121488415338 -0.81940709668998168 

0.82000000000000051 3 0.0647793
1 0.71880307646788932 -0.0018673326169589858 -0.036780310442319969 -0.78982805316959803 -0.0046547459989460917 -0.091683185585967025 
1 -0.21220372527929179 -0.013760774578993719 -0.27104199666710899 0.18962429455049884 0.047383449386253169 0.93329809720383139 
1 -0.50659935118861732 0.015628107195950678 0.30782230710943875 0.60020375861914999 -0.04272870338730974 -0.84161491161787161 

0.83000000000000052 3 0.0654833
1 0.71082177025713833 -0.0019141244389664545 -0.037701955426168422 -0.80650727919514031 -0.0047032468165386547 -0.092638492161539257 
1 -0.21030922974348468 -0.01328082775101141 -0.26158862281786488 0.18919470131539393 0.048615339240434326 0.95756227534543747 
1 -0.50051254051367366 0.015194952189975864 0.29929057824404415 0.61731257787980598 -0.043912092423898055 -0.86492378318391305 

0.84000000000000052 3 0.0661843
1 0.70267140688608232 -0.00196138956708777 -0.038632922983639184 -0.82364376549430895 -0.0047493502712097936 -0.093546578573070305 
1 -0.20842157518824178 -0.012788269345100507 -0.25188684236598052 0.18824135178802875 0.049906795211624499 0.98299971006467446 
1 -0.49424983169785541 0.014749658912186455 0.29051976534963553 0.63540241370632677 -0.045157444940416583 -0.88945313149159333 

0.85000000000000053 3 0.0668881
1 0.6943472822254404 -0.0020091022407841682 -0.039572705716853784 -0.84126413421568247 -0.0047926909159382693 -0.0944002467162873 
1 -0.20654647254163636 -0.012282471121474786 -0.24192428105410033 0.18666632173575742 0.051264507345189864 1.0097421732500178 
1 -0.48780080968380801 0.014291573362257247 0.28149698677097007 0.65459781247996673 -0.046471816429252397 -0.9153419265337267 

0.86000000000000054 3 0.0675812
1 0.68584441616636338 -0.0020572327912912912 -0.040520719248742107 -0.859396984682117 -0.0048328513368453502 -0.095191274910752369 
1 -0.20469071796179805 -0.011762732321364612 -0.231687136239423 0.18434959251381397 0.052696330412225816 1.0379443780558093 
1 -0.48115369820457299 0.013819965112653924 0.27220785548818088 0.67504739216835108 -0.047863479075380341 -0.94275310314506233 

0.87000000000000055 3 0.0682852
1 0.67715753206893969 -0.0021057470836208878 -0.041476291232311752 -0.87807305058655605 -0.0048693542963434578 -0.095910263145742455 
1 -0.20286244356445041 -0.011228266671550743 -0.22115992092578363 0.18114278533968362 0.054211566105212737 1.0677895372283945 
1 -0.47429508850449775 0.013334013755169761 0.26263621215811056 0.69693026524690949 -0.04934221180887001 -0.97187927408268615 

0.88000000000000056 3 0.0689881
1 0.66828103460503885 -0.0021546058739985441 -0.042438648694289489 -0.89732536353064074 -0.0049016536500596621 -0.096546454173509405 
1 -0.20107144128875667 -0.010678186145790625 -0.21032514391713097 0.17686066767896577 0.055821334277146799 1.0994966752959299 
1 -0.46720959331628553 0.012832792019787147 0.25276379261143817 0.72046469585172734 -0.050919680627087814 -1.0029502211224464 

0.89000000000000057 3 0.069689
1 0.65920898594602195 -0.0022037640696478092 -0.043406903455302411 -0.91718941987252134 -0.0049291238710387868 -0.097087527170549207 
1 -0.19932958675197066 -0.010111480427694523 -0.19916290530376721 0.17126944880340053 0.057539068482861805 1.1333303891023574 
1 -0.45987939919405224 0.012315244497340359 0.24256980875908418 0.74591997106916208 -0.052609944611824166 -1.0362428619318418 

0.90000000000000058 3 0.070611
1 0.64993508028464853 -0.0022531698761546182 -0.044380035335756449 -0.93770334606451589 -0.0049510480144720542 -0.097519360682332829 
1 -0.19765140221760433 -0.0095269905877806132 -0.18765037798689693 0.16407034926629527 0.059381188209612801 1.1696140885389321 
1 -0.45228367806703557 0.011780160463933823 0.23203041332267377 0.77363299679824837 -0.054430140195140933 -1.0720947278565816 

0.91000000000000059 3 0.0715392
1 0.64045261674053133 -0.002302763816047021 -0.045356872825089795 -0.95890805508990196 -0.0049666039744422005 -0.097825761926410376 
1 -0.19605481698766947 -0.0089233748383215836 -0.1757611331617675 0.1548760461582385 0.061368027371597279 1.2087482848321858 
1 -0.44439779975285959 0.011226138654367442 0.2211180059868762 0.80403200893165927 -0.056401423397156279 -1.1109225229056647 

0.9200000000000006 3 0.0724812
1 0.63075447079017177 -0.0023524776009667936 -0.046336070867264642 -0.98084738290823714 -0.0049748489363665863 -0.097988160556635992 
1 -0.19456221437671106 -0.0082990632307400804 -0.16346424800534609 0.14317608374823013 0.063525142959278372 1.2512363666311075 
1 -0.43619225641348142 0.010651540831706111 0.20980031887263376 0.83767129916000715 -0.058550294022913507 -1.1532482060742375 

0.9300000000000006 3 0.0734212
1 0.62083306449799458 -0.0024022328393420471 -0.047316085406161786 -1.0035681884936236 -0.0049747020416460175 -0.097985267213808402 
1 -0.19320190564330139 -0.007652196582254518 -0.15072310273212908 0.12828465203054976 0.065885202146363162 1.2977217698071546 
1 -0.4276311588546941 0.010054429421595616 0.19803918813832436 0.87528353646308021 -0.060910500104713237 -1.1997365025930258 

0.94000000000000061 3 0.0743573
1 0.61068033602529137 -0.0024519395626204825 -0.048295144357227961 -1.0271203933649811 -0.0049649255013333154 -0.097792701527060225 
1 -0.19201025949843212 -0.006980542350421135 -0.13749372359937018 0.10925915540366965 0.06849077533443515 1.3490429912472981 
1 -0.41867007652689381 0.0094324819130404379 0.18578886795662081 0.91786123796129415 -0.06352584983309667 -1.2512502897198916 

0.95000000000000062 3 0.0752983
1 0.60028770918793684 -0.0025014945573391904 -0.049271214754742151 -1.0515569253559043 -0.0049441048069844493 -0.097382602332721516 
1 -0.19103487451977907 -0.0062813758526391282 -0.12372244332196659 0.084768299335353278 0.071398595414907839 1.4063174823041749 
1 -0.40925283466815304 0.0087828704099773159 0.1729936580767226 0.96678862602052096 -0.066454490607918526 -1.3089348799710525 

0.96000000000000063 3 0.0762334
1 0.58964606426079813 -0.0025507795001893218 -0.050241966018707229 -1.0769335150704988 -0.0049106294431169265 -0.096723247773153401 
1 -0.1903394820477553 -0.0055513076732420568 -0.10934250155989297 0.052868430711600495 0.074686281066483104 1.4710740756414959 
1 -0.39930658221303 0.0081020871734307637 0.15958446757861416 1.0240650843588668 -0.069775651623363272 -1.3743508278679812 

0.97000000000000064 3 0.0771654
1 0.57874571185714263 -0.0025996589135401189 -0.0512047296854223 -1.1033082693807104 -0.0048626769018458547 -0.095778740437700766 
1 -0.19001187051579146 -0.0047860243136572285 -0.094268936579429086 0.010602689319409603 0.078463383462337485 1.5454705690301584 
1 -0.38873384134131145 0.0073856832271970221 0.14547366626486527 1.0927055800612377 -0.073600706560492724 -1.4496918285921043 

0.98000000000000065 3 0.0783753
1 0.56757637263358385 -0.0026479779986522435 -0.052156456728888495 -1.1307409102394881 -0.0047982054349704475 -0.094508864602616566 
1 -0.19017742729815187 -0.0039798827369201878 -0.078390599113674381 -0.046768689317852802 0.082890398826426182 1.6326682101709467 
1 -0.37739894533532375 0.0066278607355712386 0.13054705584255547 1.1775095995574234 -0.078092193391442966 -1.5381593455675622 

0.99000000000000066 3 0.0795662
1 0.5561271669449771 -0.0026955604810689512 -0.053093675122127718 -1.1592915122944039 -0.0047149661646299513 -0.092869324771148482 
1 -0.19102398876685564 -0.0031252462268683032 -0.06155707097328595 -0.12738241808594686 0.088213255197158821 1.7375109725034239 
1 -0.3651031781780133 0.0058208067079372821 0.11465074609539218 1.2866739303806078 -0.083498289032514078 -1.6446416477314778 

1.0000000000000007 3 0.0811863
1 0.54438662062561438 -0.002742206756461819 -0.054012453316410441 -1.1890184895195226 -0.0046105561065525489 -0.090812790057105103 
1 -0.19285194931275426 -0.0022113367574026076 -0.043556060495657342 -0.24657584062859075 0.094829297934258719 1.8678252526497081 
1 -0.35153467131278904 0.0049535435138648538 0.097568513812048507 1.4355943301484893 -0.090218741827719523 -1.7770124625900776 

1.0100000000000007 3 0.0838282
1 0.53234269613309815 -0.0027876929497080006 -0.054908381708206597 -1.2199754643554332 -0.0044825593172602169 -0.088291674320588764 
1 -0.19618944608699787 -0.0012221448379812988 -0.024072233376160251 -0.43743608404964912 0.10341647551373523 2.036964405647431 
1 -0.33615325004636937 0.0040098377876895252 0.078980615084387487 1.6574115484045664 -0.098933916196476221 -1.9486727313232493 

1.0200000000000007 3 0.0862293
1 0.51998286243462866 -0.0028317722630498772 -0.055776599193593859 -1.2522065933614945 -0.0043288945538274507 -0.085264983921973472 
1 -0.20211442679847097 -0.00013264788526155485 -0.0026127270284264053 -0.78819695328783013 0.11512430538669007 2.2675701442383311 
1 -0.31786843563663986 0.0029644201483194832 0.058389326221911619 2.0404035466472412 -0.11079541083288458 -2.1823051603176058 

1.0300000000000007 3 0.113791
1 0.50729421778200534 -0.0028741821645100162 -0.056611934755918414 -1.28574121194976 -0.0041487462577926588 -0.081716655041521369 
1 -0.21350754454254647 0.0010929677995637228 0.02152787061416897 -1.6434403914598903 0.1300488545277638 2.5615346718441949 
1 -0.29378667323971946 0.0017812143649590636 0.03508406414161408 2.9291816034089084 -0.12590010826997911 -2.4798180167965649 

1.0400000000000007 3 0.2982
1 0.49426358826894151 -0.0029146696346426856 -0.057409404744514878 -1.3206211831636474 -0.0039457898599538589 -0.077719081577242513 
1 -0.24330041220504789 0.0022218994060900971 0.043764109931661799 -4.9351966473560243 0.020621347996311906 0.40617272687805372 
1 -0.25096317606475466 0.00069277022857450426 0.013645294812793276 6.2558178305228589 -0.01667555813629739 -0.32845364529423743 

1.0500000000000007 3 0.860423
1 0.48087569357452181 -0.0029530435809970745 -0.058165245266293318 -1.3573234295938594 -0.0037244132276991609 -0.073358690083746875 
1 -0.27411526096616456 0.0009520044557673581 0.018751356403892985 -1.2375874345309541 -0.15713210169020533 -3.0949855575537883 
1 -0.2067604326089896 0.0020010391252441155 0.039413888862322055 2.5949108641270557 0.160856514917846 3.1683442476420214 

1.0600000000000007 3 0.899397
1 0.46710993980776694 -0.0029890359538477301 -0.058874176623775233 -1.396177565147418 -0.003467240857775283 -0.068293240298664307 
1 -0.28028840940951583 -0.00047328063855692985 -0.0093220718445796713 -0.21358102121290476 -0.12961961077262632 -2.5530799817520911 
1 -0.18682153039948438 0.0034623165924142435 0.068196248468240059 1.6097585863564923 0.13308685163013192 2.6213732220531063 

1.0700000000000007 3 0.904441
1 0.4529451721838838 -0.0030222441659537311 -0.059528269172428122 -1.4371260000547674 -0.0031668455159393439 -0.062376440137753966 
1 -0.28034748481479344 -0.0016754684065388643 -0.03300121658547156 0.15606753313070121 -0.1121199463999126 -2.2083941542791559 
1 -0.17259768736946499 0.0046977125724839662 0.092529485758410829 1.2810584669067162 0.11528679191692517 2.2707705944190799 

1.0800000000000007 3 0.908867
1 0.43836032282210907 -0.0030522151903810539 -0.060118599771702086 -1.4802050812939129 -0.0028191446770132536 -0.05552787728359021 
1 -0.27771077567498342 -0.0027344875061429243 -0.053860409476043231 0.35483384813784968 -0.10036200792539793 -1.976801441051218 
1 -0.16064954714755308 0.0057867026965273734 0.11397900924824204 1.1253712331376018 0.10318115260343506 2.0323293183370543 

1.0900000000000007 3 0.911587
1 0.42333368237619207 -0.0030784558920587215 -0.060635455282680467 -1.5255016370879158 -0.0024200826197539687 -0.047667667367825815 
1 -0.27347432495610119 -0.0036930133263723339 -0.072740215309750125 0.48480057985924457 -0.091736983108727674 -1.8069168219684106 
1 -0.14985935742079434 0.0067714692184440012 0.13337567059295449 1.0407010572102549 0.094157065729514836 1.854584489338581 

1.1000000000000008 3 0.914255
1 0.40784250607310768 -0.0031004311325331397 -0.061068295238122496 -1.5731342141197817 -0.0019652954309110726 -0.038709855653383501 
1 -0.26812691645695952 -0.0045754893555816521 -0.090122090406646427 0.58056421872418484 -0.085008316210771068 -1.67438421630193 
1 -0.1397155896170425 0.0076759204881388359 0.15119038564531584 0.99256999537737778 0.0869736116427067 1.7130940719576304 

1.1100000000000008 3 0.916878
1 0.39186273542663175 -0.0031175603627539004 -0.061405684731262726 -1.6232463228619409 -0.0014500663147149376 -0.028561536778315143 
1 -0.2619260648107154 -0.0053972875831316105 -0.10630881239490812 0.65719944118026219 -0.07952048059126833 -1.5662919054250273 
1 -0.12993667061698699 0.0085148479459204451 0.16771449712677586 0.96604688166344799 0.08097054690700442 1.5948534422056184 

1.1200000000000008 3 0.918936
1 0.3753687648000516 -0.0031292142593914748 -0.061635228162523356 -1.6760035605797106 -0.0008693708490556582 -0.017123746153592988 
1 -0.25502065436451321 -0.0061687404980868528 -0.12150389732304141 0.72241526029122671 -0.074889538339659403 -1.475077575364502 
1 -0.12034811043683452 0.0092979547575237839 0.18313912548620775 0.9535883002702531 0.075758909189728635 1.4922013215204326 

1.1300000000000008 3 0.919875
1 0.35833322878892604 -0.0031347121977549873 -0.061743519464223129 -1.731592067800714 -0.00021800194414804428 -0.0042939212378365968 
1 -0.24750089217099178 -0.0068971140190427502 -0.13585045988801586 0.78063994702806005 -0.070871792243047807 -1.3959411926063052 
1 -0.11083233661940027 0.010031826216853898 0.19759397935290282 0.95095212075451496 0.071089794188208766 1.4002351138464715 

1.1400000000000008 3 0.920816
1 0.34072680342454187 -0.0031333214975964399 -0.061716127245448171 -1.790217158374688 0.000509192633394775 0.010029420019721095 
1 -0.23942174761725818 -0.0075876632763302995 -0.14945200887192572 0.8346691450146545 -0.067301596220943727 -1.3256200742147457 
1 -0.10130505580894163 0.010720984773993077 0.21116813611806451 0.95554801334193085 0.066792403588561255 1.3155906541973954 

1.1500000000000008 3 0.921769
1 0.32251802368759641 -0.003124259855334083 -0.061537642698820429 -1.8521012918319404 0.001316897212184494 0.025938543484831295 
1 -0.23081503830813743 -0.0082442347781398907 -0.16238430783403723 0.88642397403977846 -0.064058930080248336 -1.2617502171615518 
1 -0.091702985381298577 0.011368494633549971 0.223921950533569 0.96567731777405852 0.062742032869077299 1.2358116736790896 

1.1600000000000008 3 0.922727
1 0.30367312823428982 -0.0031067031876132354 -0.061191834092871551 -1.9174804887552757 0.0022086379902737695 0.043502903660601257 
1 -0.22169604441908022 -0.0088696223880425969 -0.17470238669700172 0.93733708310898878 -0.061050923651563768 -1.202502384582099 
1 -0.081977083817236868 0.011976325575742446 0.23589422079060432 0.98014340562812441 0.058842285662306107 1.1589994809238455 

1.1700000000000008 3 0.923702
1 0.28415595268590693 -0.0030798023946898433 -0.060661976955535477 -1.9865979540206751 0.0031856566992063675 0.062746958574082398 
1 -0.21206722660059157 -0.0094657770233317617 -0.18644467211443824 0.98856645856431724 -0.058200292022299649 -1.1463543179072169 
1 -0.072088726087534208 0.012545579418118529 0.24710664907074545 0.99803149543820779 0.055014635324113471 1.0836073593355167 

1.1800000000000008 3 0.924437
1 0.26392790813371469 -0.0030427145414641762 -0.059931468237967335 -2.0596930187395124 0.0042451036389175292 0.083614578507358345 
1 -0.2019202865700124 -0.010033919984285855 -0.19763521968469472 1.0411222335725459 -0.055437215108929946 -1.0919307911466238 
1 -0.06200762156610249 0.013076634525857158 0.25756668792345094 1.0185707851488299 0.051192111471032212 1.0083162126416487 

1.1900000000000008 3 0.925409
1 0.24294810566049371 -0.0029946569834092378 -0.058984892417291553 -2.136982350882553 0.0053771815873936962 0.10591279041220145 
1 -0.19123722387325165 -0.010574583932553547 -0.20828452109018658 1.0959447087873482 -0.052692741658537427 -1.0378736914152651 
1 -0.051710881789812722 0.01356924091608059 0.26726941350828753 1.0410376420771403 0.047315560072159285 0.93196090100553297 

1.2000000000000008 3 0.926379
1 0.22117372750984685 -0.0029349974519680762 -0.057809795882625518 -2.2186283177699138 0.0065607047379359152 0.12922430358190812 
1 -0.17999078526580681 -0.011087590218445064 -0.21838905751964902 1.1539490626727484 -0.04989248098568537 -0.98271776689931956 
1 -0.041182942246785495 0.014022587670541039 0.2761988534031094 1.0646792550790714 0.0433317762487666 0.85349346331988296 

1.2100000000000009 3 0.927353
1 0.19856081361188876 -0.0028633994340211974 -0.056399550432385669 -2.3046856226441208 0.0077563445048816739 0.15277447424022447 
1 -0.16814462480820239 -0.011571960580776265 -0.22792956044551707 1.2160374787633843 -0.046949644516280351 -0.9247535681577812 
1 -0.030416188806623553 0.01443536001493562 0.28432911087875068 1.0886481438625859 0.039193300012416929 0.77197909392008213 

1.2200000000000009 3 0.928296
1 0.17506575211579861 -0.0027800502222524886 -0.05475784511639839 -2.3950104028386616 0.0088967078432891488 0.17523588107392454 
1 -0.15565355720026935 -0.012025752776166623 -0.23686777406167556 1.2830645375752292 -0.043756683925218566 -0.86186274693877507 
1 -0.019412194918652217 0.014805802998567246 0.29162561917895291 1.1119458652452519 0.03485997608294835 0.68662686586740274 

1.2300000000000009 3 0.929236
1 0.15064797751510864 -0.0026860069458639001 -0.05290550190278568 -2.4891034340187876 0.0098726149305011709 0.19445804069567435 
1 -0.14246452559362816 -0.012445803722456976 -0.24514139605373469 1.3557208410526449 -0.040175154581692352 -0.79131839939349014 
1 -0.0081834519247868664 0.015131810668478591 0.29804689795741535 1.1333825929480388 0.030302539652210223 0.59686035870033538 

1.2400000000000009 3 0.930173
1 0.12527475976339628 -0.0025836971770228641 -0.050890335978369478 -2.5858383925953019 0.010516224471700173 0.20713503166844971 
1 -0.12851940191532379 -0.012827364924146207 -0.25265689667930114 1.4342687206363767 -0.036024628182318635 -0.70956668141783108 
1 0.0032446421484499739 0.015411062101336975 0.30354723265859296 1.1515696719409441 0.025508403711637803 0.50243164975188537 

1.2500000000000009 3 0.931761
1 0.098929587171715169 -0.0024775880266548833 -0.048800334734964555 -2.6830007771900104 0.010585499441722395 0.20849952071524111 
1 -0.11376158634469231 -0.013163637097789007 -0.2592803524190278 1.5180270424607329 -0.031074761398873132 -0.61207058710114015 
1 0.014831999169322818 0.015641225124622821 0.30808068715493236 1.1649737347116076 0.020489261958169701 0.40357106638841012 

1.2600000000000009 3 0.933842
1 0.071626431928915782 -0.0023749542053420375 -0.04677878604274964 -2.7765650981840753 0.0097632002522178001 0.19230293142378624 
1 -0.098149482822272205 -0.013445284614674461 -0.26482788209440905 1.6044984801163906 -0.025052003065126865 -0.49344205824501125 
1 0.026523050889527767 0.015820238820205987 0.31160666813812565 1.1720666180498429 0.015288802813926798 0.30113912682374427 

1.2700000000000009 3 0.936507
1 0.043432402021148057 -0.0022864762119026182 -0.04503606059766626 -2.8597784078759223 0.0076976438002274812 0.15161826343717777 
1 -0.081680430932097911 -0.013660182792536626 -0.26906066934584399 1.6881892764756874 -0.017684427137301662 -0.34832504621816579 
1 0.038248028906939943 0.015946659004635287 0.31409672994450327 1.1715891313824158 0.0099867833380935644 0.19670678278351242 

1.2800000000000009 3 0.937728
1 0.014498535801678149 -0.0022260706316232196 -0.043846269354850538 -2.9226059910174262 0.004120638358866475 0.081163021883766923 
1 -0.064425858993693047 -0.01379393321518874 -0.27169511273431929 1.7597168503917722 -0.0088146946105485454 -0.17362049015129954 
1 0.049927323187809673 0.016020003847015695 0.31554138209021715 1.1628891406077249 0.0046940562527048165 0.092457468270077572 

1.2900000000000009 3 0.938987
1 -0.014911091762119411 -0.0022091184467042369 -0.043512367071843951 -2.9529068661229512 -0.00095719211577545069 -0.018853536246297927 
1 -0.046567987067205226 -0.013831867629651176 -0.27244229592369973 1.8067053387262684 0.0014225780970107699 0.028020109304805883 
1 0.061479078824942739 0.016040986076567804 0.31595466299660208 1.1462015273784938 -0.0004653859802122683 -0.0091665730559808267 

1.3000000000000009 3 0.940235
1 -0.044416813808038164 -0.0022487631345691258 -0.044293237021790402 -2.9406473412563838 -0.0070861514999801837 -0.13957387647578268 
1 -0.028411700330297624 -0.013762746119724648 -0.27108082953562468 1.8179636097990175 0.01246845921257078 0.24558763468852937 
1 0.072828514133778804 0.016011509254517439 0.31537406655853401 1.1226837314393807 -0.005382307711564809 -0.10601375821021236 

1.3100000000000009 3 0.942611
1 -0.073573540567655443 -0.0023516350582389422 -0.046319475547319786 -2.8836005249311434 -0.013452550497647852 -0.26497099609370689 
1 -0.010342372741229067 -0.013582748516191 -0.26753546880196039 1.7894826094630281 0.02344044808621748 0.46169972595615932 
1 0.083915913304146869 0.015934383574664351 0.31385494435038541 1.0941179154503089 -0.0099878975875436916 -0.19672872985987397 

1.320000000000001 3 0.945292
1 -0.1019646473492573 -0.0025157848063355769 -0.049552685656373059 -2.7895115128787542 -0.019221925701757108 -0.3786087107350718 
1 0.0072641842086714533 -0.013297070138145477 -0.26190854442021733 1.7270927603093231 0.033485773196179847 0.65955958910181967 
1 0.094700463135675636 0.015812854944721601 0.3114612300776845 1.0624187525521271 -0.014263847493398096 -0.28095087836420984 

1.330000000000001 3 0.948016
1 -0.12928634940813405 -0.002732304096626404 -0.053817403490480302 -2.6721792978417045 -0.023874357352647674 -0.47024631127736738 
1 0.024127016756868701 -0.01291782341230174 -0.2544386313559272 1.6429628343104246 0.042108736393694744 0.82940360106693622 
1 0.10515933264616673 0.015650127509180545 0.30825603484757413 1.0292164635134033 -0.01823437904001373 -0.35915728978693956 

1.340000000000001 3 0.950431
1 -0.15537687832559022 -0.0029890877908818536 -0.058875197643261309 -2.5453011157070944 -0.027280194578929582 -0.53733010200747178 
1 0.040093168648941607 -0.012459932156957513 -0.24541967974148324 1.5496270520162769 0.049229656171925568 0.96966229825864458 
1 0.11528370967136033 0.015449019948102638 0.3042948773859922 0.9956740636724174 -0.021949461591962788 -0.43233219624872471 

1.350000000000001 3 0.951398
1 -0.18019415986880846 -0.0032741731877996595 -0.064490442247303159 -2.4188132660817878 -0.029568577733091673 -0.58240372309523192 
1 0.055120061938185479 -0.011937614767103496 -0.23513174519045313 1.4563078142107988 0.055038246801184534 1.0840724277857792 
1 0.1250740979251474 0.015211787955177129 0.29962218743904862 0.9625054518525582 -0.025469669067059664 -0.50166870468811431 

1.360000000000001 3 0.952349
1 -0.20377386397860522 -0.0035774946486689507 -0.070464877328340877 -2.2984370849114182 -0.030967297669491904 -0.60995390511200942 
1 0.0692375370831248 -0.011362574237300107 -0.22380533820166737 1.3683553745690722 0.059824396900551559 1.1783438419299408 
1 0.13453632688981637 0.01494006888625252 0.2942702155313261 0.9300817103239456 -0.028857099230025322 -0.56838993681544414 

1.370000000000001 3 0.95328
1 -0.22619210888086924 -0.0038913169606860191 -0.076646144637128766 -2.1867617583157091 -0.031703930936540684 -0.62446315750682602 
1 0.082513411908355927 -0.010743571146340992 -0.21161301336168414 1.288219114009393 0.063875742689881235 1.2581420281166893 
1 0.14367869696667379 0.014634888107320821 0.28825915800016572 0.89854264428788766 -0.032171811752307281 -0.63367887060730221 

1.380000000000001 3 0.95424
1 -0.24754054200719608 -0.004209999181915983 -0.082923136171984976 -2.0844879954495168 -0.031966778988160485 -0.62964039955257756 
1 0.095030427340639032 -0.010086682563550541 -0.19867446894725022 1.2166069693085746 0.067438565373368231 1.3283179159897995 
1 0.15251011466053485 0.014296681745770838 0.28159760512060483 0.8678810261225034 -0.035471786384182122 -0.69867751643462161 

1.390000000000001 3 0.955185
1 -0.26791231063944843 -0.0045295536724542368 -0.0892173085431157 -1.9913331620647905 -0.031898657178287958 -0.6282986239674454 
1 0.10687339696215549 -0.009395755385653232 -0.18506547617042812 1.1533369775130717 0.070713511194009565 1.392823576561905 
1 0.16103891367108791 0.013925309058422101 0.27428278471493867 0.83799618453328462 -0.038814854014698752 -0.76452495259183884 

1.400000000000001 3 0.956127
1 -0.28739521295235965 -0.0048472182219086394 -0.095474255291376015 -1.9065764011597459 -0.031603311657322372 -0.62248128866788077 
1 0.11812313006581103 -0.0086728207189188094 -0.17082604114393082 1.0978534439844814 0.073865192056455489 1.4549013229058549 
1 0.16927208288015821 0.013520038941151714 0.26630029643670783 0.80872295715687503 -0.04226188039810766 -0.83242003423535926 

1.410000000000001 3 0.957063
1 -0.30606894767372911 -0.0051611109104569616 -0.10165690878635864 -1.8293526823575395 -0.031154549763205672 -0.61364215544100364 
1 0.12885426067579855 -0.0079183877816407476 -0.15596619379321303 1.0495106128399725 0.077035727913997112 1.5173504506344972 
1 0.17721468699136664 0.013079498692432296 0.2576231025809807 0.77984206949915025 -0.045881178149767866 -0.90370829519085116 

1.420000000000001 3 0.958003
1 -0.32400448903556933 -0.0054699729813152374 -0.10774047565977284 -1.758798026618932 -0.030604409258831906 -0.60280619705100114 
1 0.13913517682368426 -0.0071315973573834197 -0.1404690103806758 1.0077230863720723 0.080359144639293875 1.5828108285953788 
1 0.184869312205131 0.012601570339043959 0.24820948604189563 0.75107494022839749 -0.04975473537943876 -0.98000463154181461 

1.430000000000001 3 0.958941
1 -0.34126446626952661 -0.0057729843331407685 -0.11370880261268176 -1.6941138025321465 -0.02998948396757796 -0.59069419145242275 
1 0.14902908754539165 -0.0063102259702051524 -0.12429069574381049 0.97205222844682648 0.083977121712302788 1.6540730765254126 
1 0.19223537871719582 0.012083210303702198 0.23799949835796161 0.72206157406686755 -0.053987637743703659 -1.0633788850704462 

1.4400000000000011 3 0.959888
1 -0.35790395477567039 -0.0060696333848497316 -0.11955181318045241 -1.6345895490776694 -0.029335526975207461 -0.57781338972657437 
1 0.15859583633521768 -0.005450514678886827 -0.10735721110467378 0.94227594172843021 0.088059030624854859 1.7344732557094757 
1 0.19930811843332799 0.011520148064103852 0.22690902428661625 0.69231360733082359 -0.058723503648624734 -1.1566598659803728 

1.4500000000000011 3 0.962538
1 -0.37397138265797158 -0.0063596259129972679 -0.12526371212895757 -1.5796057576930422 -0.028660708003503989 -0.5645216756281507 
1 0.1678945024804322 -0.0045467516304592984 -0.089556051747459536 0.91848426212881273 0.092832651564801111 1.8284978866234822 
1 0.20607688017022441 0.010906377543833378 0.2148197638779285 0.66112149554569311 -0.064171943560283065 -1.2639762109933286 

1.4600000000000011 3 0.965184
1 -0.38950941425729274 -0.0066428213016655581 -0.13084172978721159 -1.5286277836564821 -0.027977894400175399 -0.55107249358290045 
1 0.17698733484444473 -0.003590439970617951 -0.070719857590568619 0.90126516598294437 0.098639944999078855 1.9428824656749222 
1 0.21252207940534631 0.010233261272669965 0.20156158737930199 0.6273626176550785 -0.070662050597884066 -1.3918099720901473 

1.4700000000000011 3 0.967834
1 -0.40455575340684569 -0.0069191879784865533 -0.13628524428339145 -1.4811965194820591 -0.027296249548192774 -0.53764633209489798 
1 0.18594655961022413 -0.0025686458444939765 -0.050593874235705057 0.892133958815162 0.10605504863789747 2.0889356172766922 
1 0.21860919378894891 0.0094878338233767671 0.18687911852061517 0.58906256064862872 -0.078758799088689699 -1.5512892851798046 

1.4800000000000011 3 0.972462
1 -0.41914384945353278 -0.0071887723564538885 -0.14159516980067519 -1.4369185830260622 -0.026622366560569911 -0.52437305380383603 
1 0.19486843142358629 -0.001460443660750913 -0.028765936362928617 0.89469332525745293 0.11617949368825346 2.2883538830010206 
1 0.22427541802192832 0.008649216017608331 0.17036110616513434 0.54222525775071029 -0.089557127126776728 -1.7639808291951471 

1.4900000000000011 3 0.976619
1 -0.43330350865362405 -0.0074516774852235231 -0.14677353607861687 -1.3954573626151932 -0.025961100827586049 -0.51134829392958536 
1 0.20390951925957401 -0.00022795515395510806 -0.0044899667339820381 0.91858728822865898 0.13157299550920448 2.5915552358898144 
1 0.2293939893857028 0.0076796326395882179 0.15126350281410739 0.47687007437129159 -0.10561189468061888 -2.0802069419584259 

1.5000000000000011 3 1.00437
1 -0.44706142390399972 -0.0077080491298654663 -0.15182321420947878 -1.3565257984598016 -0.025316250489380753 -0.49864686333657249 
1 0.21341932077490172 0.0012139139996343419 0.023910112932723198 1.0002277007843163 0.1606433299767718 3.1641452054788672 
1 0.23364210312075059 0.0064941351306592584 0.12791310127816016 0.35629809765971981 -0.13532707948654796 -2.665498342141543 

1.5100000000000011 3 1.27697
1 -0.46044164807849058 -0.0079580689339388711 -0.15674778197396133 -1.3198830842524492 -0.024691387696643349 -0.48633912164553134 
1 0.2251601423245331 0.0032224650324584902 0.063471961665239801 1.6578955176687138 0.28976651616697141 5.7074472557239675 
1 0.23528150574560311 0.0047356039019201658 0.09327582030995285 -0.33801243342995457 -0.26507512846942938 -5.2211081340773502 

