0 3 0
1 1 0 0 0 0 0 
1 -0.4390978857702586 0.26622867008901635 -0.28194644004028185 0 0 0 
1 -0.56090211422974146 -0.26622867008901635 0.28194644004028185 0 0 0 

0.01 3 0.00174212
1 0.9999595070417453 8.2107004050819681e-07 -8.6954487233706218e-07 -0.0080987456952781901 0.00016420803581238379 -0.0001739026495825162 
1 -0.4390887399268435 0.26616962267325767 -0.28188390654732293 0.0018290470143792962 -0.011810275151150008 0.012507537349938987 
1 -0.56087076711490191 -0.26617044374329657 0.28188477609219398 0.0062696986808988952 0.011646067115337578 -0.012333634700356451 

0.02 3 0.00286007
1 0.99983801892327628 3.2839217206088355e-06 -3.477799886041736e-06 -0.016199340305990011 0.00032834436595200969 -0.00034772936008920137 
1 -0.43906130970224455 0.26599243288344693 -0.28169625571906332 0.0036566319771642606 -0.023630062580274284 0.025025148569497703 
1 -0.56077670922103451 -0.26599571680516582 0.28169973351894934 0.012542708328825748 0.023301718214322295 -0.024677419209408472 

0.029999999999999999 3 0.00402093
1 0.99963550790294153 7.3874786717807918e-06 -7.8236251252942223e-06 -0.024303634861583046 0.00049233707579150743 -0.00052140397115323252 
1 -0.43901561706880698 0.26569695786533637 -0.28138333626734119 0.0054812817442877219 -0.035468919946138044 0.037562955588305531 
1 -0.56061989083413866 -0.26570434534400661 0.28139115989246644 0.018822353117295292 0.034976582870346586 -0.037041551617152349 

0.040000000000000001 3 0.00583005
1 0.99935192770939341 1.3129943461022896e-05 -1.3905117039151924e-05 -0.032413484624307612 0.00065611383199412089 -0.00069484987897837813 
1 -0.43895169883248886 0.26528295877026642 -0.28094489524220406 0.0073015008452851724 -0.047336496195161691 0.050131177013143305 
1 -0.56040022887690977 -0.26529608871372373 0.28095880035924137 0.025111983779022677 0.046680382363167662 -0.049436327134165084 

0.050000000000000003 3 0.00716496
1 0.99898721348863162 2.0508792348641398e-05 -2.1719602889844012e-05 -0.040530751217563797 0.00081960167115548762 -0.00086798981250248814 
1 -0.43886960691342769 0.26475009960855361 -0.28038057681760398 0.0091157599633733422 -0.059242578531590595 0.062740177871166133 
1 -0.56011760657521115 -0.26477060840089744 0.28040229642049136 0.03141499125419054 0.058422976860434982 -0.06187218805866352 

0.060000000000000005 3 0.00880694
1 0.99854128172969803 2.9520767921068489e-05 -3.126363295064171e-05 -0.048657304768601903 0.00098272678603260008 -0.0010407456070057044 
1 -0.43876940874375375 0.26409794562553957 -0.27968992057157455 0.010922483978689473 -0.071197141010905032 0.075400521072199966 
1 -0.55977187298595144 -0.2641274663934583 0.27972118420452485 0.037734820789912388 0.070214414224871957 -0.074359775465194511 

0.070000000000000007 3 0.0103719
1 0.99801403016884749 4.0161869570502576e-05 -4.2532970423429668e-05 -0.056795026070400843 0.0011454143085417557 -0.0012130379742969148 
1 -0.43865118778783035 0.2633259611811346 -0.2788723592405809 0.012720039414135237 -0.083210395351413585 0.08812302122018302 
1 -0.55936284238102463 -0.26336612305070067 0.27891489221100463 0.044074986656265441 0.082064981042871854 -0.086909983245885863 

0.080000000000000002 3 0.0123048
1 0.99740533767197936 5.2427341784916752e-05 -5.5522579037373308e-05 -0.064945808767570071 0.0013075880886949829 -0.0013847862685988986 
1 -0.43851504419172987 0.26243350710748181 -0.27792721592118552 0.014506721109796153 -0.095292844607509017 0.10091880145521281 
1 -0.55889029348025576 -0.26248593444926199 0.2779827385002237 0.050439087657773718 0.093985256518814356 -0.099534015186613936 

0.089999999999999997 3 0.0154908
1 0.99671506409506905 6.6311660203613291e-05 -7.0226608281211562e-05 -0.073111561571157752 0.0014691704686301986 -0.0015559082472375444 
1 -0.43836109557061692 0.26141983751267944 -0.27685370068506943 0.016280737934193788 -0.10745534041178721 0.11379935407516401 
1 -0.55835396852445862 -0.26148614917287771 0.27692392729334964 0.056830823636963533 0.10598616994315767 -0.11224344582792631 

0.099999999999999992 3 0.0161028
1 0.99594305012229523 8.1808515384960376e-05 -8.663837621266556e-05 -0.081294210507285192 0.0016300820508728655 -0.0017263198252219733 
1 -0.43818947794472074 0.26028409599098606 -0.27565090656548863 0.018040197318031151 -0.11970914457448889 0.12677660577187039 
1 -0.55775357217758115 -0.2603659045063656 0.27573754494170144 0.063254013189253708 0.1180790625236164 -0.12505028594664849 

0.10999999999999999 3 0.0166998
1 0.99508911708148862 9.8910794224240709e-05 -0.00010475034977921987 -0.089495701204564473 0.0017902414599473954 -0.0018959348227818337 
1 -0.43800034683684963 0.25902531119158945 -0.27431780486442708 0.019783088367764556 -0.13206599593041393 0.13986298842459241 
1 -0.55708877024464898 -0.2591242219858067 0.27442255521420772 0.069712612836799567 0.13027575447046663 -0.13796705360181113 

0.11999999999999998 3 0.0176747
1 0.99415306673649129 0.00011761055895060842 -0.00012455412257509181 -0.097718001225291479 0.0019495650964352108 -0.0020646647049052925 
1 -0.43779387854701235 0.25764239168847908 -0.27285323971960412 0.02150726328119127 -0.14453818344951364 0.15307151652695275 
1 -0.55635918818949004 -0.25776000224742246 0.27297779384218185 0.07621073794409991 0.1425886183530776 -0.1510068518220479 

0.12999999999999998 3 0.0182657
1 0.99313468105595826 0.00013789902362300736 -0.00014604038994949913 -0.10596310244544262 0.0021079668825530933 -0.002232418311896682 
1 -0.43757027162270307 0.25613412008310338 -0.27125592185895636 0.023210416743871611 -0.15713862678263218 0.16641587248799292 
1 -0.55556440943326335 -0.2562720191067196 0.27140196224890867 0.082752685701571349 0.15503065990007847 -0.164183454176097 

0.13999999999999999 3 0.0188618
1 0.99203372195809336 0.00015976652803553 -0.00016919892137143091 -0.11423302348852361 0.0022653579983016089 -0.0023991015799475057 
1 -0.43732974854683093 0.25449914625880321 -0.26952442145681887 0.024890062931831946 -0.16988096560471957 0.17991050125007757 
1 -0.55470397341126809 -0.25465891278683123 0.26969362037819189 0.089342960556692191 0.16761560760641769 -0.17751139967012977 

0.14999999999999999 3 0.0194557
1 0.99084993103076568 0.00018320250893305592 -0.00019401852994589339 -0.12252981221832542 0.002421646607209004 -0.0025646172506885402 
1 -0.437072557669411 0.25273597969128431 -0.26765715999041007 0.026543509680317063 -0.18277965935221649 0.19357071591463723 
1 -0.55377737336136479 -0.2529191822002082 0.26785117852035761 0.095986302538008855 0.1803580127450059 -0.19100609866394919 

0.16 3 0.0200446
1 0.98958302922639108 0.00020819546842815929 -0.00022048703896619865 -0.13085554829564136 0.0025767375706724827 -0.0027288645686664209 
1 -0.43679897541386509 0.25084298070201422 -0.26565240097686688 0.028167829297439766 -0.19585009923961358 0.20741281637203723 
1 -0.55278405381253426 -0.2510511761704321 0.26587288801583447 0.10268771899820187 0.19327336166893966 -0.20468395180337123 

0.17000000000000001 3 0.0206447
1 0.98823271653087408 0.00023473293950017761 -0.0002485912453761455 -0.13921234580394179 0.002730532149877504 -0.0028917389656644694 
1 -0.43650930879450783 0.24881835052091328 -0.26350823944922952 0.029759825401630541 -0.20910873479557598 0.22145422330820771 
1 -0.55172340773637329 -0.24905308346040278 0.26375683069460576 0.10945252040231201 0.20637820264569653 -0.21856248434254477 

0.18000000000000002 3 0.0212317
1 0.98679867160595791 0.00026280144844704464 -0.0002783168800050568 -0.14760235594894389 0.0028829276942574293 -0.0030531317307695353 
1 -0.43620389828857564 0.24666012000011872 -0.26122259000388254 0.031315995037915198 -0.22257321759856796 0.23571363042622501 
1 -0.55059477331738926 -0.24692292144855624 0.26150090688388994 0.1162863609110296 0.2196902899043098 -0.2326604986954571 

0.19000000000000003 3 0.0218155
1 0.98528055140417414 0.00029238647415004751 -0.00030964856442759401 -0.1560277698368579 0.0030338173154441216 -0.0032129296650730828 
1 -0.43588312111437233 0.24436613679121111 -0.25879317322075729 0.032832485173879926 -0.23626256543786317 0.25021117829915823 
1 -0.54939743028980736 -0.24465852326535178 0.25910282178518723 0.1231952846629794 0.23322874812241998 -0.24699824863408618 

0.20000000000000004 3 0.0223997
1 0.98367799075560058 0.00032347240400116818 -0.00034256976428910345 -0.16449082133591375 0.0031830895456560751 -0.0033710147198909987 
1 -0.43554739497702299 0.24193405076275579 -0.25621750021992956 0.03430504248336947 -0.250197350807014 0.26496865399192965 
1 -0.54813059577858481 -0.24225752316674795 0.25656006998421893 0.13018577885254468 0.24701426126135925 -0.26159763927204061 

0.21000000000000005 3 0.0229867
1 0.98199060192557164 0.00035604248633211416 -0.00037706273892612716 -0.17299379002546336 0.003330627979478942 -0.0035272636173953793 
1 -0.43519718235538385 0.23936129739181378 -0.25349285507259822 0.035728955083524881 -0.26439991849144306 0.28000972149497705 
1 -0.54679341957019645 -0.23971733987813712 0.25386991781152368 0.13726483494193889 0.26106929051196542 -0.27648245787758496 

0.22000000000000006 3 0.0235786
1 0.98021797414245049 0.00039007877917386581 -0.00041310848710077007 -0.18153900423657449 0.0034763108980177607 -0.0036815474525771926 
1 -0.43483299541851217 0.23664507881030064 -0.25061627472844161 0.037098984584101671 -0.27889463809010295 0.29536018915444273 
1 -0.54538497872394787 -0.23703515758946525 0.25102938321554291 0.14444001965247275 0.27541832719208725 -0.29167864170187052 

0.23000000000000007 3 0.0241685
1 0.97835967309450056 0.00042556209516549434 -0.00045068668865704047 -0.19012884418745224 0.00362001087444681 -0.003833731275508376 
1 -0.43445540167835645 0.23378234212207152 -0.24758452605257919 0.03840928641760305 -0.29370819868041559 0.31104832173371394 
1 -0.54390427141615094 -0.23420790421722745 0.24803521274123669 0.15171955776984827 0.29008818780596973 -0.30721459045821159 

0.24000000000000007 3 0.0249746
1 0.97641524039493666 0.00046247194242165758 -0.00048977564189721639 -0.19876574521630733 0.0037615943600592832 -0.0039836736529524673 
1 -0.43406503050804957 0.23076975452614162 -0.24439407948009942 0.039653315918307945 -0.30886995458618427 0.32710520659499509 
1 -0.54235020988688998 -0.23123222646855668 0.24488385512199323 0.15911242929799727 0.30510836022612942 -0.3231215329420481 

0.25000000000000006 3 0.0257864
1 0.97438419301416124 0.00050078646115997102 -0.00053035219646780502 -0.20745220111331131 0.0039009212500340138 -0.0041312262084947622 
1 -0.4336625806835811 0.22760367468118597 -0.24104107868995217 0.040823716971657098 -0.32441233346387921 0.34356518587843354 
1 -0.54072161233058147 -0.22810446114234276 0.24157143088641758 0.16662848414165643 0.32051141221384283 -0.33943395966994167 

0.26000000000000006 3 0.0266066
1 0.97226602267814033 0.00054048235588166735 -0.0005723916815362363 -0.21619076755200753 0.0040378444283046978 -0.004276233140541358 
1 -0.4332488291424651 0.22428011961995356 -0.23752130556604639 0.041912189214326726 -0.34037132084754468 0.36046636965389206 
1 -0.53901719353566835 -0.22482060197583309 0.23809369724758006 0.17427857833768781 0.336333476419238 -0.35619013651335668 

0.27000000000000007 3 0.0274205
1 0.97006019523203191 0.00058153482289496894 -0.00061586782903529395 -0.22498406561882153 0.0041722092911501184 -0.0044185307177823339 
1 -0.43282464119848507 0.22079472636301906 -0.23383013954472764 0.042909328659499917 -0.35678703912754656 0.37785124908179724 
1 -0.53723555403354506 -0.22137626118591291 0.23444600737376192 0.18207473695933135 0.35261482983639264 -0.37343271836402536 

0.28000000000000008 3 0.0283384
1 0.96776614996801569 0.00062391747296748536 -0.00066075269174907091 -0.23383478543722189 0.0043038532494496474 -0.0045579467520620032 
1 -0.43239098250975205 0.21714270717710568 -0.22996251023161879 0.043804435157497407 -0.3737044439986742 0.39576743397856168 
1 -0.53537516745826008 -0.21776662465007451 0.23062326292336668 0.19003035027973264 0.36940059074921916 -0.39120948722650806 

0.29000000000000009 3 0.0291605
1 0.9653832989163923 0.00066760224889594541 -0.00070701655601607875 -0.24274568988017239 0.0044326052099898762 -0.0046943000490619006 
1 -0.43194893317265509 0.21331879716082064 -0.22591284189287056 0.044585278141193591 -0.3911741681672824 0.4142685463350107 
1 -0.53343436574372227 -0.21398639940971612 0.22661985844888829 0.19816041173898929 0.38674156295728584 -0.40957424628595956 

0.3000000000000001 3 0.0299857
1 0.96291102609922041 0.00071255933778794668 -0.00075462784883226837 -0.25171961836100093 0.004558285036802022 -0.0048273998378364335 
1 -0.43149970441225788 0.20931719249953434 -0.22167498806472646 0.045237809453294732 -0.4092535512105378 0.43341531097710784 
1 -0.53141132168695737 -0.21002975183731926 0.22242961591356072 0.20648180890771953 0.40469526617373669 -0.42858791113927813 

0.31000000000000011 3 0.0314436
1 0.96034868674570728 0.00075875707786435557 -0.00080355303915115881 -0.26075949068788168 0.0046807029943091768 -0.0049570451810843968 
1 -0.43104465846899465 0.20513147728343806 -0.21724215405099478 0.045745808423174883 -0.42800790689139367 0.45327689770139667 
1 -0.52930402827670486 -0.20589023436130061 0.21804570709014917 0.2150136822647199 0.42332720389708134 -0.44831985252032031 

0.32000000000000012 3 0.0330815
1 0.95769560646877683 0.00080616185961344153 -0.00085375653320224711 -0.26986831096118319 0.0047996591751281016 -0.0050830243691691052 
1 -0.43058533245351094 0.20075453618878009 -0.21260680444911823 0.046090439332726482 -0.44751209635881833 0.47393258735485505 
1 -0.52711027401524502 -0.20156069804839225 0.21346056098232391 0.22377787162847584 0.44271243718368375 -0.46884956298569042 

0.33000000000000013 3 0.0387084
1 0.95495108040255627 0.00085473802116346883 -0.00090520056368655619 -0.27904917148492964 0.0049149429167951054 -0.0052051143024083816 
1 -0.43012346717342903 0.19617844952507738 -0.20776055200112106 0.046249694350518615 -0.46785249960956488 0.49547385968895497 
1 -0.52482761322908689 -0.19703318754624 0.20866575256480843 0.23279947713443175 0.46293755669276698 -0.49026874538655085 

0.34000000000000014 3 0.0409155
1 0.95211437230091533 0.00090444773779190023 -0.00095784507276257594 -0.2883052566530655 0.005026332213583954 -0.0053230798681669616 
1 -0.42966104225231577 0.19139436606761231 -0.20269402291829486 0.046197684954995578 -0.48912951155332807 0.51800703678904025 
1 -0.52245333004857553 -0.19229881380540331 0.2036518679910595 0.24210757169808936 0.48410317933972918 -0.51268395692087732 

0.35000000000000014 3 0.0419025
1 0.94918471359743084 0.00095525090556321051 -0.001011647588814265 -0.29763984675777261 0.0051335931321282559 -0.0054366733219783246 
1 -0.42920031929900759 0.18639234760154888 -0.1973966922474408 0.045903730307772561 -0.51146073795840219 0.54165666770422061 
1 -0.51998439429840504 -0.1873475985071088 0.19840833983625877 0.25173611645002597 0.50632714482625774 -0.53621999438225165 

0.36000000000000015 3 0.0427296
1 0.94616130242790997 0.0010071050191908474 -0.0010665630971021765 -0.30705632164891317 0.0052364792429772473 -0.0055456336855401111 
1 -0.42874389550122366 0.18116117701602155 -0.19185668063509617 0.045331169593437283 -0.53498513827196714 0.56656991585392302 
1 -0.51741740692667537 -0.18216828203521038 0.19292324373220021 0.26172515205549696 0.52974865902897272 -0.56102428216839606 

0.37000000000000016 3 0.0439346
1 0.94304330261753633 0.0010599650443618718 -0.0011225439045502452 -0.31655816414960131 0.0053347310848306803 -0.005649686179318208 
1 -0.42829477089688772 0.17568811881762592 -0.1860605007020541 0.044435793147333646 -0.55986846940586221 0.5929223242072329 
1 -0.51474853172064161 -0.17674808386198676 0.18718304460660476 0.27212237100228087 0.55453373832101827 -0.58727263802793461 

0.38000000000000017 3 0.0466666
1 0.93982984263549318 0.0011137832849600999 -0.001179539499129992 -0.32614896310077612 0.0054280756844806216 -0.0057485417141464861 
1 -0.42785643385724464 0.16995861663403222 -0.17999273668802904 0.043163737826322934 -0.5863105478661037 0.62092550615844366 
1 -0.51197340877823627 -0.17107239991899165 0.18117227618716128 0.28298522527446096 0.58088247218160804 -0.61517696444430991 

0.39000000000000018 3 0.0475268
1 0.93652001452175926 0.00116850924589464 -0.0012374964045906854 -0.33583241586360063 0.0055162261641220206 -0.0058418964753538744 
1 -0.42743297121920426 0.16395590592745182 -0.17363563430027135 0.041448614582708411 -0.61455510236989808 0.65083757982881896 
1 -0.50908704330253551 -0.16512441517334411 0.17487313070486674 0.29438380128090497 0.60903887620576913 -0.64499568335348989 

0.40000000000000019 3 0.0486557
1 0.93311287279248589 0.001224089492614387 -0.001296358031679726 -0.34561233004805803 0.0055988814796920985 -0.0059294316456552625 
1 -0.42702921239798841 0.15766051054071714 -0.1669685675364059 0.039207511315808331 -0.64490339696932331 0.68297759548053982 
1 -0.50608366039449371 -0.15888460003333021 0.16826492556809289 0.30640481873226638 0.63930451548963019 -0.67704816383494004 

0.4100000000000002 3 0.0509357
1 0.92960743333333151 0.0012804675089043949 -0.0013560645275434613 -0.35549262415140992 0.0056757263508094872 -0.006010813330955018 
1 -0.42665092132729232 0.15104957682422607 -0.15996733349921002 0.036335306781345438 -0.67773347692865094 0.71774591764392148 
1 -0.50295651200601388 -0.15233004433313665 0.16132339802674753 0.31915731737008829 0.67205775057785999 -0.71173510431298381 

0.42000000000000021 3 0.0530088
1 0.92600267229335476 0.0013375835552805783 -0.0014165526257620561 -0.36547732666947025 0.0057464314671327645 -0.0060856927788870696 
1 -0.4263050573314407 0.14409597536632537 -0.1526032010943229 0.032696375519772072 -0.7135280346080366 0.75565373616378873 
1 -0.49969761496189546 -0.14543355892161761 0.15401975372008381 0.33278095114969936 0.70778160314091454 -0.74956804338492111 

0.43000000000000022 3 0.0552619
1 0.92229752499826667 0.0013953745313125773 -0.0014777555005433816 -0.37557057306720049 0.0058106540914420824 -0.0061537070175039961 
1 -0.42600013809206433 0.13676706124027516 -0.14484159808397989 0.028112129084851618 -0.75291591782116296 0.79736702515312141 
1 -0.49629738690619307 -0.13816243577160128 0.14631935358451781 0.34745844398235098 0.7471052637297394 -0.79121331813562512 

0.44000000000000022 3 0.0574119
1 0.91849088490793818 0.001453773846655257 -0.0015396026301411608 -0.38577659973191503 0.0058680392329956248 -0.0062144800979040196 
1 -0.42574675870556883 0.12902291671802979 -0.13664025005307237 0.022341655272761246 -0.79673604499570394 0.84377423161527132 
1 -0.49274412620236119 -0.13047669056470368 0.13817985268320321 0.36343494445915614 0.79086800576275362 -0.8375597515173846 

0.45000000000000023 3 0.0595431
1 0.91458160265458988 0.0015127113076864437 -0.0016020196767995805 -0.3960997336242808 0.0059182216470453223 -0.0062676252117987892 
1 -0.42555835848663059 0.12081378053547127 -0.12794645790174322 0.015050391672255605 -0.84613976786669087 0.89609468148854676 
1 -0.48902324416794313 -0.12232649184318423 0.12954847757853979 0.38104934195201512 0.84022154621970124 -0.88982705627674308 

0.46000000000000024 3 0.0606642
1 0.91056848521374112 0.0015721130298128397 -0.0016649283938818035 -0.40654437568820995 0.0059608290485594871 -0.0063127480949665259 
1 -0.42545239903049736 0.11207614159904788 -0.11869296092991899 0.0057569083894294989 -0.90276276026897606 0.95606061651318541 
1 -0.48511608618323682 -0.11364825462888815 0.12035788932379791 0.40078746729877213 0.89680193122046503 -0.94974786841822789 

0.47000000000000025 3 0.0617564
1 0.90645029528449905 0.0016319013903976283 -0.0017282465760186257 -0.41711497498021433 0.0059954871502312067 -0.006349452362698558 
1 -0.4254522634068475 0.10272652003954302 -0.10879135073315249 -0.0062630846411874559 -0.96903097151428563 1.0262412106701011 
1 -0.48099803187767404 -0.10435842142996667 0.11051959730916498 0.42337805962137814 0.9630354843641441 -1.0198917583074023 

0.48000000000000026 3 0.0632315
1 0.90222575099419933 0.0016919950451408632 -0.0017918880764556315 -0.42781598851595792 0.0060218275301227604 -0.0063773478419394923 
1 -0.4255905095954029 0.092650968075820739 -0.098120952211984455 -0.022163526156531079 -1.0487467881190049 1.1106633380806865 
1 -0.47663524139891411 -0.094342963120997658 0.099912840288421984 0.4499795146724519 1.0427249605888245 -1.1042859902387663 

0.49000000000000027 3 0.0646503
1 0.89789352611065898 0.0017523090441521349 -0.0018557629299794367 -0.43865181806157222 0.006039500092034209 -0.0063960637672978646 
1 -0.4259149028929613 0.081685938388443471 -0.086508562440961584 -0.043929402081708813 -1.1483254463909744 1.2161209816708116 
1 -0.47197862321788614 -0.083438247432622473 0.08836432537092985 0.48258122014321508 1.1422859462987818 -1.2097249179036145 

0.50000000000000022 3 0.0709682
1 0.89345225106600434 0.0018127551085400709 -0.0019197776458367522 -0.44962670710977504 0.0060481934844135027 -0.0064052704054596002 
1 -0.42650087718737417 0.069579601368016428 -0.07368748414125037 -0.075365522094582901 -1.2797712523807538 1.3553271650045926 
1 -0.4669513738784033 -0.071392356476605634 0.075607261787131008 0.52499222920438071 1.2737230588963784 -1.3489218945984276 

0.51000000000000023 3 0.0747662
1 0.88890051534504577 0.0018732421783660893 -0.0019838357880345237 -0.46074456188373791 0.0060476707316235853 -0.0064047167900724358 
1 -0.42748168411898285 0.055900824029155624 -0.059201130836383974 -0.12507872167037123 -1.4693860258827496 1.5561365306898001 
1 -0.46141883122583655 -0.057774066207539478 0.061184966624482896 0.58582328355441793 1.4633383551508623 -1.5497318138997718 

0.52000000000000024 3 0.0793142
1 0.88423687238904847 0.0019336774619153679 -0.0020478390865576574 -0.4720086022911667 0.0060378389456290796 -0.0063943045491040816 
1 -0.42914304529844882 0.039764576436525513 -0.042112221656231845 -0.21915463551388348 -1.7931739881987179 1.8990404834274677 
1 -0.4550938270915591 -0.04169825389859376 0.044160060742610537 0.69116323780804245 1.7871361492605258 -1.892646178878268 

0.53000000000000025 3 0.165246
1 0.87945985002360105 0.0019939685892810311 -0.0021116897181273865 -0.48342049602774656 0.0060189228322614328 -0.0063742716547501134 
1 -0.43245015919295321 0.018414104984684768 -0.019501248100992217 -0.52409159662557492 -2.6896402067132583 2.8484328191265664 
1 -0.4470096908319558 -0.020408073573989799 0.021612937818924278 1.0075120926548968 2.683621283886819 -2.842058547475224 

