0 3 0
1 1 0 0 0 0 0 
1 -0.4232124384189615 0.30903622696521571 0.11974194980561596 0 0 0 
1 -0.5767875615810385 -0.30903622696521571 -0.11974194980561596 0 0 0 

0.01 3 0.00184512
1 0.99995834643177484 1.2577653417106714e-06 4.8734504654470191e-07 -0.0083308820563049273 0.00025153510626833132 9.7462049562629496e-05 
1 -0.4232140133602828 0.30893315611758715 0.1197020130500286 -0.00031547546424401602 -0.02061628467894976 -0.0079881706732166831 
1 -0.57674433307150252 -0.30893441388292431 -0.11970250039507527 0.0086463575205489324 0.020364749572681147 0.0078907086236540934 

0.02 3 0.00269628
1 0.99983337562125207 5.0299833691459161e-06 1.9489624955171436e-06 -0.016663785473602238 0.00050285456744754962 0.00019484054334381639 
1 -0.42321876744119213 0.30862381657380106 0.11958215357436566 -0.00063680647717031743 -0.041257984838466884 -0.015986189056613479 
1 -0.57661460818006693 -0.30862884655716383 -0.11958410253686141 0.017300591950772482 0.040755130271018424 0.015791348513269583 

0.029999999999999999 3 0.00349116
1 0.99962505723958117 1.1313417355530664e-05 4.3835982157144933e-06 -0.025000733860470147 0.00075374219159509597 0.00029205171367337608 
1 -0.42322678868245883 0.30810782641137058 0.11938222339551001 -0.00096989864047611297 -0.061950700195936993 -0.024003974246422373 
1 -0.57639826855711884 -0.30811913982871603 -0.11938660699372747 0.025970632500946118 0.061196958004341821 0.023711922532748612 

0.040000000000000001 3 0.00444031
1 0.99933334070120938 2.0102663636972634e-05 7.7891584550322301e-06 -0.033343755323802411 0.0010039806916654732 0.00038901136856274448 
1 -0.42323822462282534 0.30738454601054693 0.11910197468065685 -0.001320758565491305 -0.082720402169914845 -0.032051589361544848 
1 -0.57609511607838959 -0.3074046486741801 -0.11910976383911237 0.034664513889293279 0.081716421478248327 0.031662577992981951 

0.050000000000000003 3 0.0072422
1 0.9989581551076504 3.1390137909173342e-05 1.216270453086509e-05 -0.041694884725785919 0.001253351134480826 0.00048563467819808751 
1 -0.42325328359113823 0.30645307337412625 0.11874105793386941 -0.0016955466664017233 -0.10359362790314532 -0.040139316721454141 
1 -0.57570487151650762 -0.30648446351203107 -0.11875322063840013 0.043390431392187671 0.10234027676866392 0.039653682043256734 

0.060000000000000005 3 0.00880837
1 0.99849940916854496 4.5166055994270209e-05 1.7500445377855088e-05 -0.050056165950149327 0.0015016323855630716 0.00058183595983007019 
1 -0.4232722365197239 0.30531223745951158 0.1182990194124779 -0.0021006327833998375 -0.12459768438798834 -0.048277736938464752 
1 -0.57522717264882295 -0.30535740351550367 -0.11831651985785718 0.052156798733549677 0.12309605200242373 0.047695900978635047 

0.070000000000000007 3 0.0104272
1 0.99795699110013292 6.1418409029795847e-05 2.3797727934381934e-05 -0.058429654180565324 0.0017486005485095072 0.00067752846054922901 
1 -0.42329541933256604 0.30396058940310539 0.11777529772679096 -0.00254265572348474 -0.14576086657044476 -0.056477813426273907 
1 -0.57466157176756005 -0.3040220078121405 -0.11779909545472714 0.060972309904050843 0.14401226602192968 0.055800284965724548 

0.080000000000000002 3 0.0118454
1 0.99733076850074232 8.0132933018824674e-05 3.1049025344191285e-05 -0.066817418193923603 0.0019940283976507471 0.00077262413745858994 
1 -0.4233232359535693 0.30239639147586189 0.11716921956071641 -0.0030285879401556596 -0.16711269377898844 -0.064750984008800486 
1 -0.57400753254717674 -0.30247652440888906 -0.11720026858606084 0.069846006134079319 0.16511866538133035 0.063978359871341553 

0.089999999999999997 3 0.0126343
1 0.99662058820338861 0.00010129307266814747 3.9247922944809051e-05 -0.075221542670924554 0.0022376848028083525 0.00086703343478503037 
1 -0.42335616199301845 0.30061760356247708 0.11647999443287066 -0.0035658067531981969 -0.18868416945732155 -0.073109261558568395 
1 -0.57326442621037366 -0.30071889663515983 -0.11651924235581587 0.078787349424123201 0.18644648465450631 0.072242228123781685 

0.099999999999999992 3 0.0131993
1 0.99582627610501595 0.00012487993943012231 4.8387102010058091e-05 -0.083644130526167718 0.0024793341450725392 0.00096066505751132522 
1 -0.42339474918563852 0.29862186690300319 0.1157067083969561 -0.0041621737463733511 -0.21050807001149704 -0.08156534591600241 
1 -0.57243152691938326 -0.29874674684244756 -0.11575509549896654 0.087806304272541214 0.20802873586641832 0.080604680858489042 

0.10999999999999999 3 0.0137572
1 0.99494763697248556 0.0001508722636527954 5.8458321209718141e-05 -0.092087305259443183 0.0027187357226564758 0.0010534257411630634 
1 -0.42343963067153828 0.29640648477206727 0.11484831655556055 -0.0048261242877364122 -0.23261926965895161 -0.090132749758353864 
1 -0.57150800630095722 -0.29655735703573433 -0.11490677487677083 0.096913429547179311 0.22990053393628973 0.089079324017189015 

0.11999999999999998 3 0.0143204
1 0.9939844542248516 0.00017924634073656631 6.9452395746901814e-05 -0.10055321332950379 0.0029556431460575168 0.0011452200174524383 
1 -0.4234915272324522 0.29396839969601163 0.11390363423250206 -0.0055667695142295253 -0.25505510955840899 -0.098825941626083103 
1 -0.57049292699241294 -0.29414764603676363 -0.11397308662824947 0.10611998284373345 0.25209946641234549 0.097680721608628493 

0.12999999999999998 3 0.0148914
1 0.99293648969180981 0.00020997597118602531 8.135917413000259e-05 -0.10904402655089611 0.003189803721982624 0.0012359499755684466 
1 -0.42355125462183385 0.29130416671610421 0.11287132661315437 -0.0063940136329791999 -0.27785582128710434 -0.10766051000714565 
1 -0.56938523506998973 -0.29151414268730597 -0.11295268578728537 0.11543804018387512 0.27466601756511505 0.10642456003157506 

0.13999999999999999 3 0.0154834
1 0.99180348334805102 0.00024303239444381495 9.4167512535367576e-05 -0.1175619445136562 0.0034209578257824893 0.0013255150190145781 
1 -0.42361973215885168 0.28840992209482857 0.11174989661910661 -0.0073186900530582202 -0.30106501704314825 -0.11665335327519984 
1 -0.56818375118921627 -0.28865295448928652 -0.11184406413164336 0.12488063456671444 0.2976440592173577 0.11532783825618295 

0.14999999999999999 3 0.0160763
1 0.99058515302333694 0.00027838421639166485 0.00010786524671619986 -0.12610919702469336 0.0036488382625081937 0.0014138116180381151 
1 -0.4236979927956504 0.28528134672395644 0.11053767072992493 -0.0083527207190973521 -0.32473026194277732 -0.12582290143703401 
1 -0.56688716022770702 -0.28555973094036219 -0.11064553597664274 0.13446191774379079 0.32108142368026166 0.12440908981899333 

0.16 3 0.0168943
1 0.98928119408802084 0.00031599733040712087 0.00012243916141449254 -0.1346880465684149 0.0038731696171752533 0.0015007330578775402 
1 -0.4237871949162843 0.28191362332073511 0.10923278239800296 -0.0095093041378827847 -0.34890374768176113 -0.13518937715546439 
1 -0.56549399917175758 -0.28222962065115409 -0.10935522155941912 0.14419735070629905 0.34503057806458298 0.13368864409758333 

0.17000000000000001 3 0.0177164
1 0.98789127911391339 0.00035583483187439204 0.00013787495723661803 -0.14330079078262759 0.0040936675954187122 0.001586169183287007 
1 -0.42388863618765704 0.27830138628179307 0.10783315261850812 -0.010803139061912121 -0.37364309194974332 -0.14477510549758088 
1 -0.56400264292627889 -0.27865722111367375 -0.10797102757574498 0.15410392984454116 0.36954942435432248 0.14318893631428614 

0.18000000000000002 3 0.0186074
1 0.98641505751033509 0.00039785692606026117 0.00015415721495813106 -0.15194976494375206 0.0043100383564925009 0.0016700061400941092 
1 -0.42400376986177796 0.27443866278733725 0.10633646710908366 -0.012250692744196439 -0.39901229475041966 -0.15460488447915194 
1 -0.56241128764859372 -0.2748365197134115 -0.10649062432404265 0.16420045768794644 0.39470225639392598 0.15293487833905023 

0.19000000000000003 3 0.0194342
1 0.98485215513528468 0.00044202082929426266 0.00017126935723412457 -0.16063734445302069 0.0045219778415401118 0.0017521261149255833 
1 -0.42413422403013373 0.27031880339488629 0.10474014941707353 -0.013870525291173368 -0.42508289182368958 -0.16470643197992713 
1 -0.56071793110517465 -0.27076082422419995 -0.10491141877430754 0.17450786974419158 0.42056091398214246 0.16295430586499235 

0.20000000000000004 3 0.0202641
1 0.98320217388178788 0.00048828066342448907 0.00018919360770415345 -0.16936594731222393 0.0047291711013174179 0.001832407074720966 
1 -0.42428182446303314 0.26593439990111523 0.1030413290935335 -0.015683685167673055 -0.45193535754409225 -0.17511092932324568 
1 -0.55892034941877999 -0.26642268056456114 -0.103230522701237 0.1850496324798955 0.44720618644276916 0.17327852224851506 

0.21000000000000005 3 0.0210831
1 0.98146469123964897 0.00053658734357126512 0.00020791094750025001 -0.17813803657364641 0.0049312916291543137 0.0019107225082757738 
1 -0.42444862184011845 0.26127718764828045 0.10123680384000752 -0.017714195729708372 -0.47966082627876366 -0.18585368824884602 
1 -0.55701606939954784 -0.26181377499186737 -0.10144471478750755 0.19585223230335019 0.47472953464960777 0.18394296574056496 

0.22000000000000006 3 0.0219052
1 0.97963925983281985 0.00058688845926829509 0.00022740106919280607 -0.18695612274401024 0.005128000707003675 0.0019869411728558697 
1 -0.42463692440856071 0.25633792865360799 0.099322994224787006 -0.019989659329054173 -0.50836322409640755 -0.19697497688394242 
1 -0.5550023354242859 -0.25692481711288861 -0.099550395293980451 0.20694578207305872 0.50323522338940474 0.19498803571108075 

0.23000000000000007 3 0.0227292
1 0.97772540693320187 0.00063912814917227261 0.00024764232824443913 -0.19582276611586913 0.0053189467750970956 0.0020609268499583956 
1 -0.42484933741486874 0.25110627086997328 0.097295889150797413 -0.022542014878660591 -0.53816193473393259 -0.20852105272259167 
1 -0.55287606951835699 -0.25174539901915782 -0.097543531479043141 0.21836478099452356 0.53284298795881857 0.20646012587262491 

0.24000000000000007 3 0.023541
1 0.97572263395148962 0.00069324696964362788 0.00026861169208911701 -0.20474057899187309 0.0055037648391856276 0.0021325381156361927 
1 -0.4250888110776635 0.24557057743384403 0.095150979694459542 -0.025408498053732929 -0.56919516910845336 -0.22054546820705706 
1 -0.5506338228738501 -0.24626382440350231 -0.095419591386551789 0.23014907704559751 0.56369140426925124 0.21841293009141077 

0.25000000000000006 3 0.0243559
1 0.97363041590661459 0.00074918175766248269 0.00029028468701632851 -0.21371222775685039 0.0056820759338718592 0.0022016281325554555 
1 -0.42535869945041527 0.2397177177569306 0.0928831781602035 -0.028632872490479567 -0.6016242729946969 -0.23311073981912758 
1 -0.54827171645621819 -0.24046689951460737 -0.093173462847223623 0.24234510024731915 0.59594219706080709 0.23090911168656003 

0.26000000000000006 3 0.0251718
1 0.97144820087536399 0.00080686548875734756 0.00031263534312286727 -0.22274043473904309 0.0058534866664871465 0.002268044473262561 
1 -0.42566283333849875 0.23353280952470418 0.090486718112887707 -0.03226702853527403 -0.63563930315397166 -0.2462905086571241 
1 -0.54578536753688822 -0.23433967501347996 -0.090799353456013934 0.25500746327430474 0.62978581648746845 0.24402246418384743 

0.27000000000000007 3 0.0259929
1 0.9691754094248215 0.00086622713090619714 0.00033563613770404012 -0.23182797978383241 0.0060175888738671921 0.0023316289871949856 
1 -0.42600561159704636 0.22699889669683779 0.087955029612959715 -0.036373088307942843 -0.6714663449313647 -0.26017237577774832 
1 -0.54316979782780617 -0.22786512382776128 -0.088290665750667838 0.2682010680917668 0.66544875605745846 0.25784074679054098 

0.28000000000000008 3 0.0268137
1 0.96681143403092884 0.00092719149574330563 0.00035925793760091301 -0.24097770143939301 0.0061739594349597138 0.0023922177280726936 
1 -0.42639211682306566 0.22009654286544661 0.085280581655400062 -0.041026220383686189 -0.70937726173095594 -0.27486167981527382 
1 -0.54041931720789471 -0.22102373436120695 -0.085639839593004793 0.28200392182306944 0.70320330229596495 0.27246946208718925 

0.29000000000000009 3 0.0279047
1 0.96435563848758599 0.00098967908890287143 0.00038346994121312919 -0.25019249762129109 0.0063221602965475377 0.0024496409638651399 
1 -0.42682826395471646 0.21280331085703752 0.082454680531618946 -0.046318468403602722 -0.74970290558777664 -0.2904866156682645 
1 -0.53752737453289157 -0.21379298994596577 -0.082838150472832536 0.2965109660248974 0.7433807452911888 0.28803697470438377 

0.3000000000000001 3 0.0298376
1 0.96180735731247058 0.0010536059619962214 0.00040823962114464995 -0.25947532557893421 0.0064617387890946809 0.0025037232991714457 
1 -0.42732099407951096 0.20509308668004608 0.079467207880088611 -0.052364060160072341 -0.79285135982010524 -0.30720530296137821 
1 -0.53448636323291399 -0.20614669264205784 -0.079875447501226937 0.31183938573899705 0.78638962103093579 0.3047015796621978 

0.31000000000000011 3 0.0318856
1 0.95916589515767869 0.0011188835696194928 0.00043353266879867761 -0.26882920092466628 0.0065922283372709016 0.0025542839505273605 
1 -0.42787853164466355 0.19693518613101058 0.076306274523973552 -0.059306932030494981 -0.83933367644627144 -0.32521575849586415 
1 -0.53128736351290673 -0.19805406970064468 -0.076739807192765241 0.32813613295515587 0.83274144810894313 0.32266147454534466 

0.32000000000000012 3 0.0340886
1 0.95643052623605318 0.001185418636018673 0.00045931294271451547 -0.27825719539899346 0.0067131497089325852 0.0026011372303455823 
1 -0.42851073269536721 0.18829315085194315 0.072957753980715495 -0.067331662412506779 -0.88980108761656385 -0.34477031452483275 
1 -0.5279197935405785 -0.1894785694879754 -0.073417066923420857 0.34558885781149079 0.88308793790756923 0.34216917729450608 

0.33000000000000013 3 0.0352366
1 0.95360049377805012 0.0012531130377434353 0.00048554242309954541 -0.28776243291700393 0.0068240130034195566 0.0026440933173199968 
1 -0.42922956737599088 0.17912308875334201 0.069404639427424003 -0.076679822630755679 -0.94510034825605072 -0.3661970623103743 
1 -0.52437092640192307 -0.18037620179110142 -0.069890181850515709 0.36444225554775922 0.93827633525256804 0.36355296899308048 

0.34000000000000014 3 0.0363166
1 0.95067500953906192 0.0013218637110271828 0.00051218117594188216 -0.29734808325021556 0.0069243206653559642 0.002682959424179687 
1 -0.43004980677332549 0.16937132504616753 0.065626133548659149 -0.087675266055250348 -1.0063588056296413 -0.38993281394060891 
1 -0.52062520276566016 -0.17069318875721173 -0.066138314724587199 0.38502334930546933 0.99943448496418474 0.3872498545164671 

0.35000000000000014 3 0.0373979
1 0.94765325338611039 0.0013915625961011821 0.00053918733143373571 -0.30701735240211375 0.0070135719417862849 0.0027175415246905349 
1 -0.43099003246301382 0.15897097171582886 0.061596319314026711 -0.10076483147126579 -1.0751203741178064 -0.41657578833657555 
1 -0.51666322092303829 -0.16036253431195335 -0.062135506645446682 0.40778218387339638 1.0681068021758908 0.41385824681193606 

0.36000000000000015 3 0.039185
1 0.94453437300221799 0.0014620966357982573 0.0005665170834305332 -0.3167734682607723 0.0070912694115070792 0.0027476468835694011 
1 -0.43207417871719078 0.14783672502673481 0.057282144172615068 -0.11658707770717766 -1.1535733472022849 -0.44697388132855137 
1 -0.51246019428493106 -0.14929882166255848 -0.057848661256032427 0.43336054596795215 1.1464820777905362 0.44422623444501835 

0.37000000000000016 3 0.04129
1 0.94131748376705771 0.0015333478537027849 0.00059412471973164594 -0.32661965931160303 0.0071569285699967086 0.0027730877703464338 
1 -0.43333400267689726 0.13585660236332836 0.052640218335269238 -0.1360954136475982 -1.2449547986809144 -0.48238135857993636 
1 -0.50798348109004243 -0.13738995021706596 -0.053234343054986158 0.462715072959199 1.2377978701107577 0.47960827080960694 

0.38000000000000017 3 0.042706
1 0.93800166889947956 0.0016051935497760526 0.00062196269787895048 -0.33655912276453476 0.0072100920846907956 0.002793686982841429 
1 -0.43481328397851998 0.12287803162563074 0.047611424846933342 -0.16079574527863869 -1.3543228011446953 -0.52475806628817434 
1 -0.50318838492084683 -0.12448322517545093 -0.04823338754479238 0.49735486804309742 1.3471127090598167 0.52196437930542927 

0.39000000000000018 3 0.0441291
1 0.93458597999650994 0.0016775066728974576 0.00064998178950497506 -0.34659497570048209 0.0072503515463881721 0.0028092862751620275 
1 -0.43657554087238931 0.10868259386895636 0.04211113314320785 -0.19325210520240593 -1.490178446488641 -0.57739791380824501 
1 -0.49801043912403259 -0.11036010054189532 -0.042761114932694556 0.53984708090284161 1.4829280949420947 0.57458862753289031 

0.40000000000000019 3 0.0459402
1 0.93106943819311683 0.0017501564691274096 0.00067813133151493888 -0.35673017701772908 0.0072773821041548885 0.002819759777647098 
1 -0.43871978793309702 0.09293519671704914 0.036009505324810405 -0.23831641990203042 -1.6683480975343949 -0.64643312570565481 
1 -0.49234965025982785 -0.09468535318615974 -0.036687636656315074 0.59504659691962059 1.6610707154307447 0.64361336592797025 

0.4100000000000002 3 0.0482442
1 0.92745103634753534 0.001823009584506782 0.00070635965338728464 -0.36696739382040588 0.007291001575760906 0.002825036900336995 
1 -0.44141807751438167 0.075065293115054013 0.029085472109851161 -0.30677295737868693 -1.9232473696291505 -0.74519868515015808 
1 -0.48603295883267539 -0.076888302699592431 -0.029791831763217525 0.67374035119910547 1.9159563680536398 0.74237364824934005 

0.42000000000000021 3 0.0508683
1 0.92372974308488243 0.0018959319911886377 0.00073461482348668213 -0.37730874386690133 0.007291284067861387 0.0028251463572427911 
1 -0.44503061671653066 0.053912618561006195 0.020889467002066734 -0.43040053101115572 -2.3529987921145343 -0.9117140279178696 
1 -0.47869912637245027 -0.055808550552028172 -0.021624081825551478 0.80770927487915112 2.3457075080521568 0.90888888155840342 

0.43000000000000022 3 0.0993342
1 0.91990451091218794 0.0019687926956532707 0.00076284608589608969 -0.38775516481354477 0.0072788376360537121 0.0028203237510746231 
1 -0.45071407587666162 0.025950886308082101 0.010055163293372749 -0.79780468376288693 -3.5006136540903285 -1.3563791810934336 
1 -0.46919043504163199 -0.027919679003458417 -0.010818009379329842 1.1855598485786647 3.4933348164691251 1.3535588573404793 

