0 3 0
1 1 0 0 0 0 0 
1 -0.31036061011970384 0.02559856319047147 0.006601401569002705 0 0 0 
1 -0.68963938988029616 -0.02559856319047147 -0.006601401569002705 0 0 0 

0.01 3 0.00286603
1 0.99995339107429149 3.0309841826512776e-07 7.816354218827506e-08 -0.0093216779048666473 6.0583395492885558e-05 1.5623350384412147e-05 
1 -0.31066939492462159 0.025552385698191977 0.0065894932377532191 -0.061796878181482377 -0.0092407174693030381 -0.0023830121380904309 
1 -0.68928399614968261 -0.025552688796610681 -0.0065895714012953292 0.071118556086349136 0.0091801340738101884 0.0023673887877060126 

0.02 3 0.00439215
1 0.99981357072751365 1.210217211785832e-06 3.1209289917065132e-07 -0.018642070393376352 0.00012073163693055694 3.1134482491514675e-05 
1 -0.31159815363313925 0.025413538856463976 0.0065536871750451952 -0.12407616499404131 -0.018544512751485786 -0.0047822908912176195 
1 -0.68821541709438527 -0.025414749073676631 -0.0065539992679442662 0.14271823538741876 0.018423781114555209 0.0047511564087260403 

0.029999999999999999 3 0.0064342
1 0.99958055821117964 2.7148353090534316e-06 7.0010640579392951e-07 -0.027959899999100802 0.00018001123612213857 4.6421607639963243e-05 
1 -0.31315419300363551 0.025181067164055132 0.0064937369745751523 -0.18733919299615714 -0.027976964527544907 -0.0072147478025958774 
1 -0.68642636520754907 -0.025183781999366349 -0.0064944370809806922 0.21529909299526356 0.027796953291423596 0.0071683261949560999 

0.040000000000000001 3 0.00845528
1 0.9992543854774083 4.8061121710292462e-06 1.2394084851780456e-06 -0.037273905485934677 0.000237992078035704 6.1373807024453134e-05 
1 -0.3153500129593636 0.024853335569660621 0.006409220986496298 -0.25212698308699372 -0.037608895516718567 -0.0096986467570545128 
1 -0.68390437251802871 -0.024858141681835044 -0.0064104603949811803 0.28940088857294693 0.037370903438683524 0.0096372729500299997 

0.050000000000000003 3 0.0105953
1 0.99883509697254103 7.4689303983401262e-06 1.926100636333068e-06 -0.046582850815478596 0.00029424921434980446 7.5881494239873949e-05 
1 -0.31820382296376359 0.024427961253232697 0.0062995247250701818 -0.31904502641686655 -0.047519644401244648 -0.012254447750629017 
1 -0.68063127400880485 -0.024435430183634393 -0.0063014508257060496 0.36562787723236123 0.047225395186894448 0.012178566256389601 

0.060000000000000005 3 0.0118704
1 0.99832274933601151 1.0683956918356328e-05 2.755197213188034e-06 -0.055885535214197556 0.00034836479543311509 8.9836913503567493e-05 
1 -0.3217403381227425 0.023901708490103292 0.0061638137560461126 -0.38879503482371802 -0.057801254464293843 -0.014905887063729086 
1 -0.67658241121330454 -0.023912392447025428 -0.0061665689532585119 0.44468057003792144 0.057452889668859482 0.014816050150225898 

0.070000000000000007 3 0.0130346
1 0.99771741099082323 1.4427724446870197e-05 3.7206464320693943e-06 -0.065180804848801357 0.00039993020546282969 0.00010313469026329599 
1 -0.32599194514287688 0.023270334745464166 0.0060009940072393653 -0.46221807011991789 -0.068564158149105214 -0.01768144320503574 
1 -0.67172546584800086 -0.023284762469914851 -0.0060047146536707785 0.52739887496871829 0.068164227943639397 0.017578308514773332 

0.080000000000000002 3 0.0142624
1 0.99701916160668247 1.8672735658794749e-05 4.8153572354190455e-06 -0.074467566770512944 0.00044854848543121351 0.00011567245604638231 
1 -0.33100038435265261 0.022528368786244625 0.0058096545476419899 -0.54035612349804041 -0.079945285180114803 -0.020616427847747063 
1 -0.66601877725403302 -0.022547041521907289 -0.0058144699048768133 0.61482369026852146 0.079496736694680076 0.020500755391700903 

0.089999999999999997 3 0.0155053
1 0.99622809140860713 2.3387593495845549e-05 6.0312328957657114e-06 -0.083744806027821223 0.00049383716041118424 0.0001273515775598306 
1 -0.33681918678681766 0.021668789432277395 0.0055879847432182385 -0.62454414874888309 -0.092120167079501589 -0.023756107363157562 
1 -0.65940890462179569 -0.021692177025776249 -0.0055940159761135198 0.70828895477662879 0.091626329919086716 0.023628755785597387 

0.099999999999999992 3 0.0167363
1 0.99534430029366472 2.8537162435406175e-05 7.359212604015877e-06 -0.093011607226747797 0.00053543163797032398 0.00013807803307914072 
1 -0.34351726757194012 0.020682552325512384 0.0053336522193356767 -0.71655406134175736 -0.10532185314425546 -0.027160580905399967 
1 -0.65182703272177633 -0.020711089487950078 -0.0053410114319390398 0.80956566856843037 0.10478642150627918 0.027022502872319564 

0.10999999999999999 3 0.0180032
1 0.994367896702128 3.4082767593187142e-05 8.7893228143932484e-06 -0.10226718243775638 0.00057298942760704167 0.00014776350056384257 
1 -0.35118437691483612 0.019557872860551027 0.0050436179416547752 -0.81883156907576926 -0.11987197785606819 -0.030912792128626486 
1 -0.64318351978737842 -0.019591955628148298 -0.0050524072644686918 0.92109875151342524 0.11929898842845917 0.030765028628061977 

0.11999999999999998 3 0.0192344
1 0.99329899616611506 3.9982441674862656e-05 1.0310740928745886e-05 -0.11151090840217073 0.00060619557298090482 0.00015632675853033374 
1 -0.35993970128218589 0.018279096225156895 0.0047138448202306829 -0.93490890032238205 -0.13623481619509811 -0.035132469064436511 
1 -0.63335929488405374 -0.018319078666835711 -0.0047241555611592405 1.046419808724409 0.13562862062212272 0.03497614230590626 

0.12999999999999998 3 0.0212615
1 0.99213771942079731 4.6191234857518489e-05 1.1911875209317774e-05 -0.12074237788118954 0.0006347699445079858 0.00016369556667903919 
1 -0.36994616445229822 0.016824821677921216 0.0043388139950050449 -1.0701768069581932 -0.15511820354687139 -0.040002149521289047 
1 -0.622191554968479 -0.016871012912779024 -0.0043507258702139562 1.1909191848391447 0.15448343360232217 0.039838453954607743 

0.13999999999999999 3 0.0228715
1 0.99088418989823057 5.2661611342796179e-05 1.3580467042542777e-05 -0.12996147362037119 0.00065847753366738413 0.00016980932060773067 
1 -0.38143591767594592 0.01516456593600826 0.003910664384494866 -1.2334654729307444 -0.17767972975761645 -0.045820354762674348 
1 -0.60944827222222131 -0.015217227547349657 -0.0039242448515361518 1.3634269465507336 0.17702125222390847 0.045650545442069194 

0.14999999999999999 3 0.0249455
1 0.98953853030660344 5.9343972266066781e-05 1.5303725787788911e-05 -0.13916848103597207 0.00067714393335769035 0.00017462304391261782 
1 -0.39476029595397438 0.013252240507806073 0.0034175106090963397 -1.4407021797949728 -0.206002437491935 -0.053124263419014793 
1 -0.59477823435254773 -0.013311584480075236 -0.0034328143348826231 1.5798706608303843 0.20532529355860191 0.052949640375063285 

0.16 3 0.0278203
1 0.98810085775866197 6.6187377030130784e-05 1.7068514796069044e-05 -0.1483642739043729 0.00069068068204373653 0.00017811392398087934 
1 -0.41050206408529283 0.011011545038237159 0.0028396762018125256 -1.7250057384469877 -0.24440267944077265 -0.063026983957056276 
1 -0.5775987936734055 -0.011077732415276436 -0.0028567447166082008 1.8733700123511916 0.24371199875874575 0.062848870033066703 

0.17000000000000001 3 0.0324862
1 0.98657127636514974 7.3140610931791722e-05 1.8861626731560256e-05 -0.15755065934972173 0.00069913230967674495 0.00018029344427337497 
1 -0.42978873608900298 0.008295391686162076 0.0021392298968003838 -2.1737458054547321 -0.30420487645394939 -0.078448877533135175 
1 -0.55678254027008134 -0.0083685322969514302 -0.0021580915235492695 2.3312964648047139 0.30350574414732195 0.07826858408788176 

0.18000000000000002 3 0.0950503
1 0.98494986455444122 8.0153970870738448e-05 2.0670244073130817e-05 -0.16673117274912649 0.00070278512993941062 0.00018123543985441702 
1 -0.45563129394460589 0.0047140329015629709 0.0012156629245349327 -3.1751470935793198 -0.43517561968951529 -0.11222383839555612 
1 -0.52931857060524612 -0.0047941868722592065 -0.0012363331686364772 3.3418782663311455 0.43447283456273511 0.11204260295471889 

