0 3 0
1 1 0 0 0 0 0 
1 -0.42536467213032919 -0.29571021258894098 -0.062518870850604327 0 0 0 
1 -0.57463532786967075 0.29571021258894098 0.062518870850604327 0 0 0 

0.01 3 0.00271606
1 0.99995785971594398 -1.1926773157171906e-06 -2.5215510284529285e-07 -0.0084282336465465856 -0.00023851103814103174 -5.0425856650107878e-05 
1 -0.42537255515205702 -0.29558291681133192 -0.06249195805577485 -0.0015774449102475593 0.025462578402780694 0.0053832826291314922 
1 -0.57458530456388757 0.29558410948864722 0.062492210210877926 0.010005678556794221 -0.025224067364639762 -0.0053328567724813735 

0.02 3 0.00430703
1 0.99983142825248061 -4.7692434202949246e-06 -1.008310503847841e-06 -0.016858589745993809 -0.00047672885069327455 -0.00010078971972699359 
1 -0.42539625470361697 -0.2952008239129289 -0.062411176210741104 -0.0031649958540755064 0.050966302072793603 0.01077526416529645 
1 -0.57443517354885421 0.29520559315634354 0.062412184521245542 0.020023585600069328 -0.050489573222099432 -0.010674474445569336 

0.029999999999999999 3 0.00621605
1 0.99962067376426711 -1.0725297361232014e-05 -2.2675357563428319e-06 -0.025293193026339728 -0.00071435952705594654 -0.00015102945083262731 
1 -0.42543592277091868 -0.29456331526347851 -0.062276394525076224 -0.0047728644303392138 0.076552703713063427 0.016184725426965162 
1 -0.57418475099333377 0.29457404056083308 0.062278662060833156 0.030066057456679007 -0.075838344186006879 -0.016033695976132481 

0.040000000000000001 3 0.00742197
1 0.99932554313785127 -1.9053492798428992e-05 -4.028277701635237e-06 -0.03373417276645381 -0.00095110778594266487 -0.00020108262177947502 
1 -0.4254918144320512 -0.29366935332356042 -0.062087393642834117 -0.0064114758100922995 0.10226409970588651 0.021620612917595729 
1 -0.5738337287057802 0.29368840681634689 0.062091421920536842 0.040145648576547073 -0.10131299191994117 -0.021419530295816055 

0.050000000000000003 3 0.00844312
1 0.99894596193473695 -2.9743520863901075e-05 -6.2883568452107171e-06 -0.042183665073079406 -0.001186676288437997 -0.00025088636935732594 
1 -0.42556429055269529 -0.29251747175561393 -0.061843863551833321 -0.0080915817297454451 0.12814400433937581 0.027092126401156255 
1 -0.57338167138202112 0.29254721527645888 0.061850151908678715 0.050275246802826586 -0.12695732805093451 -0.026841240031798753 

0.060000000000000005 3 0.00946212
1 0.99848183431172932 -4.2782086143577594e-05 -9.0449622788223974e-06 -0.050643815159381267 -0.00142076494928735 -0.00030037724972665212 
1 -0.4256538216477796 -0.2911057612618615 -0.061545400589513584 -0.0098243812278465698 0.15423757195244775 0.032608812380145 
1 -0.57282801266393535 0.29114854334797846 0.061554445551792562 0.06046819638723 -0.15281680700316264 -0.032308435130418617 

0.070000000000000007 3 0.0104702
1 0.99793304291847518 -5.8152875761720888e-05 -1.2294645144338179e-05 -0.059116779624964942 -0.0016530702460959142 -0.0003494910923698474 
1 -0.42576099300194492 -0.28943185081537831 -0.0611915034748255 -0.011621652220091377 0.18059207813724812 0.038180665831108719 
1 -0.57217204991651915 0.28949000369111455 0.061203798119969621 0.070738431845058541 -0.17893900789115222 -0.037831174738738822 

0.080000000000000002 3 0.0114851
1 0.99729944877217724 -7.583652154643104e-05 -1.6033310634794783e-05 -0.067604728736774214 -0.0018832845263566775 -0.00039816285358354432 
1 -0.42588651117459719 -0.28749288383113902 -0.06078156827032067 -0.013495897492419216 0.20725745286887517 0.043818242918603423 
1 -0.5714129375975735 0.2875687203526574 0.060797601580956803 0.081100626229196879 -0.20537416834251701 -0.043420080065018858 

0.089999999999999997 3 0.0124991
1 0.99658089110954717 -9.5810555255436674e-05 -2.0256208528262617e-05 -0.076109848709566663 -0.0021110953125545173 -0.0004463264695641375 
1 -0.42603121205439809 -0.28528548868371451 -0.060314882149034653 -0.015460509360486272 0.23428688081459487 0.049532787912196292 
1 -0.57054967905515164 0.28538129923894268 0.060335138357563857 0.091570358070056396 -0.23217578550204201 -0.049086461442630611 

0.099999999999999992 3 0.0135241
1 0.99577718721591235 -0.00011804935684592024 -2.4957922251082088e-05 -0.084634343983730001 -0.0023361846060212456 -0.00049391470922922833 
1 -0.426196070674632 -0.28280574281073761 -0.059790615805245612 -0.017529958145855395 0.2617374872861748 0.055336378210083671 
1 -0.56958111654129506 0.28292379216755759 0.059815573727498676 0.10216430212958705 -0.25940130268015438 -0.054842463500853027 

0.10999999999999999 3 0.014555
1 0.9948881322316051 -0.00014252409578147151 -3.0132356469018958e-05 -0.093180439497082268 -0.0025582281907669704 -0.00054085902703408112 
1 -0.42638221305833496 -0.28004912943585403 -0.059207814304883685 -0.019720010826324068 0.28967113259151156 0.061242092280428401 
1 -0.5685059191732682 0.28019165353161191 0.059237946661354519 0.11290045032340565 -0.28711290440074977 -0.060701233253392474 

0.11999999999999998 3 0.0165792
1 0.99391349893563996 -0.0001692026653849498 -3.5772723208185066e-05 -0.10175038294576409 -0.0027768949392162848 -0.00058708941619085755 
1 -0.42659093043321067 -0.27701048569040032 -0.058565386117436148 -0.022047987830813173 0.31815534327024653 0.067264206542610991 
1 -0.56732256850242679 0.27717968835575429 0.058601158840645359 0.12379837077657627 -0.31537844833103118 -0.066677117126418189 

0.12999999999999998 3 0.0180221
1 0.99285303750694553 -0.00019804961026954985 -4.1871526512558798e-05 -0.11034644702754175 -0.0029918461226715646 -0.00063253426288709894 
1 -0.42682369624634559 -0.27368394059143331 -0.05786209000331044 -0.024533068111146559 0.34726441636453353 0.073418428831485832 
1 -0.56602934126058213 0.27388199020167497 0.057903961529824986 0.13487951513868776 -0.34427257024185876 -0.07278589456859573 

0.13999999999999999 3 0.019829
1 0.99170647526319999 -0.00022902604691407818 -4.8420545652059086e-05 -0.11897093165844499 -0.0032027347304621869 -0.0006771202023407426 
1 -0.42708218652394614 -0.27006284092350102 -0.057096519343796441 -0.027196655538264058 0.37708074319803686 0.079722178269907407 
1 -0.56462428873924408 0.27029186697038893 0.05714493988945029 0.14616758719670681 -0.37387800846757574 -0.079045058067563526 

0.14999999999999999 3 0.02126
1 0.99047351637773695 -0.00026208957749497715 -5.5410816904966964e-05 -0.1276261661507796 -0.0034092048031830894 -0.0007207719778338312 
1 -0.42736830427047234 -0.26613966254005955 -0.056267083388471195 -0.03006282363396651 0.40769641314521565 0.086194924336656958 
1 -0.56310521210727005 0.26640175211752509 0.056322494205377861 0.1576889897847433 -0.40428720834203324 -0.085474152358820235 

0.16 3 0.0229211
1 0.9891538415749267 -0.00029719419715047338 -6.2832613951767935e-05 -0.13631451133680442 -0.0036108907872684521 -0.00076341230425682166 
1 -0.42768420879767288 -0.26190590390501695 -0.055371984747814067 -0.033158861092321829 0.43921517707616026 0.092858601976728045 
1 -0.56146963277724915 0.26220309810214043 0.055434817361766767 0.16947337242912336 -0.43560428628889386 -0.092095189672468991 

0.17000000000000001 3 0.0246141
1 0.98774710780463093 -0.00033429019493601655 -7.0675426935206599e-05 -0.14503836161768677 -0.0038074169205022193 -0.00080496173819363857 
1 -0.42803235113387961 -0.2573519577720963 -0.054409192263739102 -0.036515948106315033 0.47175487678573269 0.09973812522974497 
1 -0.55971475667075399 0.25768624796700129 0.054479867690674359 0.18155430972399869 -0.46794745986522912 -0.098933163491547779 

0.18000000000000002 3 0.0258262
1 0.9862529478966835 -0.00037332404884060888 -7.8927940264714462e-05 -0.15380014691133398 -0.0039983966610972286 -0.00084533855721791726 
1 -0.42841551701452424 -0.25246695566051047 -0.053376408128740262 -0.040170004156592609 0.50545048410394955 0.10686202975680568 
1 -0.55783743088216309 0.25284027970931755 0.053455336069005016 0.19397015106791954 -0.50145208744285397 -0.10601669119958429 

0.19000000000000003 3 0.0267701
1 0.98467097019653471 -0.00041423831537888841 -8.7578009274027747e-05 -0.1626023344649915 -0.0041834321768925552 -0.00088445865189946905 
1 -0.42883687943268839 -0.24723857809821836 -0.052271027767631574 -0.044162763111443307 0.54045794664108904 0.11426328590553751 
1 -0.55583409076384893 0.24765281641356701 0.052358605776905175 0.20676509757643141 -0.53627451446420649 -0.1133788272536351 

0.20000000000000004 3 0.027709
1 0.98300075818363375 -0.00045697151446341032 -9.6612635880959124e-05 -0.17144743048857922 -0.004362113916318985 -0.00092223543509796502 
1 -0.42930006339011545 -0.24165282127323881 -0.051090090503117379 -0.048543153524163635 0.57695911418366708 0.12198034024570147 
1 -0.55370069479351736 0.24210979278767045 0.051186703138997529 0.21999058401273641 -0.57259700026735827 -0.12105810481059937 

0.21000000000000005 3 0.02863
1 0.98124187007456243 -0.00050145801051027102 -0.00010601794345082157 -0.18033798155160155 -0.0045340202894792077 -0.00095857977453724932 
1 -0.42980922641995273 -0.23569370746352566 -0.04983021833505244 -0.053369094544483971 0.61516813321916219 0.13005846749567129 
1 -0.55143264365461331 0.23619516547400674 0.049936236278502043 0.23370707609608216 -0.61063411292969649 -0.12909988772112768 

0.22000000000000006 3 0.0295851
1 0.97939383841376126 -0.00054762789105672024 -0.00011577915113384263 -0.18927657566947526 -0.0046987174965673548 -0.00099339995652976258 
1 -0.43036915978441714 -0.22934292194838563 -0.048487539176477808 -0.058709866821083832 0.65533986735595273 0.13855155076241152 
1 -0.54902467862934934 0.22989054983941232 0.048603318327610369 0.2479864424905518 -0.65064114985939847 -0.1375581508058748 

0.23000000000000007 3 0.030916
1 0.97745616965524829 -0.00059540684459851139 -0.0001258805480376015 -0.19826584298192018 -0.0048557595527454608 -0.0010266016912360454 
1 -0.4309854171931608 -0.22257935231645312 -0.047057589454398696 -0.064649293060609611 0.69778116247672017 0.14752446321327947 
1 -0.54647075246208587 0.22317475916102586 0.047183470002436841 0.26291513604252953 -0.69292540292399818 -0.14649786152203209 

0.24000000000000007 3 0.0322509
1 0.97542834374012188 -0.00064471603992190165 -0.00013630546771547226 -0.20730845589524485 -0.0050046885747485927 -0.0010580881732584813 
1 -0.43166448078180575 -0.21537849600524783 -0.045535188852160798 -0.071290081487994941 0.74286618531849069 0.15705631094914316 
1 -0.54376386295830403 0.21602321204514946 0.045671494319874113 0.27859853738324408 -0.73786149674369539 -0.155998222775873 

0.25000000000000006 3 0.0336061
1 0.97330981367611846 -0.00069547200996375176 -0.00014703626361244366 -0.21640712851730096 -0.0051450354167389967 -0.0010877602160732208 
1 -0.4324139785027506 -0.20771168658594008 -0.04391427673104898 -0.078759877294972691 0.79105772492028725 0.16724493654336295 
1 -0.54089583517339357 0.20840715859588402 0.044061312994659228 0.2951670058122754 -0.78591268950348581 -0.16615717632726915 

0.26000000000000006 3 0.0354002
1 0.97110000512722272 -0.00074758654425520813 -0.00015805428632555108 -0.22556461515406259 -0.0052763207741459957 -0.0011155164854033735 
1 -0.43324297399143719 -0.19954506540048236 -0.042187694714457338 -0.08721988707425167 0.84293744402018445 0.17821331477344857 
1 -0.53785703113577643 0.20029265194473303 0.042345749000778858 0.31278450222832493 -0.83766112324596587 -0.17709779828800562 

0.27000000000000007 3 0.0367613
1 0.96879831602418487 -0.00080096659540077172 -0.00016933986383181184 -0.23478370755091638 -0.0053980569188847062 -0.0011412538660779447 
1 -0.43416236112381151 -0.19083818672884847 -0.040346891793184916 -0.096877493411060916 0.89924995413536546 0.19011887094731161 
1 -0.5346359549003894 0.19163915332423639 0.040516231657013971 0.3316612009619892 -0.89385189721637304 -0.18897761708119665 

0.28000000000000008 3 0.0381463
1 0.96640411621083799 -0.00085551420698566692 -0.00018087228624640532 -0.24406723043533393 -0.0055097502948224979 -0.0011648680107636811 
1 -0.4351854141124572 -0.18154208074341788 -0.038381514796465954 -0.10800526833753565 0.96096896037639812 0.20316746519919648 
1 -0.53121870209839872 0.18239759495039076 0.038562387082711848 0.35207249877286867 -0.95545921008147638 -0.20200259718839569 

0.29000000000000009 3 0.0394864
1 0.96391674714595144 -0.0009111264730506444 -0.00019262979725485668 -0.2534180347274318 -0.0056109053011134825 -0.0011862541398352097 
1 -0.43632857638743089 -0.17159648789767029 -0.036278823688126308 -0.12097065857840816 1.0294000303017581 0.21763511981747258 
1 -0.52758817075857345 0.17250761437070927 0.03647145348538243 0.37438869330584174 -1.0237891250006248 -0.21644886567759677 

0.3000000000000001 3 0.0408304
1 0.96133552168833802 -0.00096769554326106599 -0.00020458959520589981 -0.26283898748642054 -0.0057010297450754543 -0.0012053081942191421 
1 -0.43761263055466687 -0.16092577788702234 -0.034022828755794633 -0.13628431533877447 1.1063469898001903 0.233903198559544 
1 -0.52372289113368231 0.16189347343028496 0.034227418351003257 0.39912330282519565 -1.1006459600550678 -0.23269789036528232 

0.31000000000000011 3 0.0428512
1 0.95865972400435517 -0.0010251086938611622 -0.00021672784811257363 -0.27233295717497635 -0.0057796426967216272 -0.0012219284959940728 
1 -0.43906450555710652 -0.14943268213045985 -0.031592965536032684 -0.15468287512679638 1.1943951381661524 0.25251828380848357 
1 -0.51959521844726131 0.15045779082433669 0.031809693384150357 0.42701583230176537 -1.1886154954693999 -0.25129635531245142 

0.32000000000000012 3 0.0452783
1 0.95588860965548628 -0.0010832484937646689 -0.00022901972876697774 -0.28190279198995927 -0.0058462859050802205 -0.0012360181620222962 
1 -0.4407202121235968 -0.13698818124176326 -0.028961956829741349 -0.17727994832906019 1.2974240439827185 0.27430059156247039 
1 -0.5151683975318887 0.1380714297355661 0.029190976558513437 0.45918274031907363 -1.291577758077499 -0.27306457340049328 

0.33000000000000013 3 0.0470073
1 0.95302140595124252 -0.0011419931102210359 -0.00024143947936418691 -0.29155128748671727 -0.0059005407153278179 -0.0012474886805586955 
1 -0.44262992571246679 -0.1234141332951836 -0.026092139980789797 -0.20586448405640331 1.4216120947323685 0.30055635269448611 
1 -0.51039148023882153 0.12455612640541615 0.026333579460161762 0.49741577154325073 -1.4157115540169893 -0.29930886401393014 

0.34000000000000014 3 0.0487432
1 0.95005731270689142 -0.0012012168246527271 -0.00025396052055996982 -0.301281136714042 -0.005942053961808887 -0.001256265385538202 
1 -0.44486756112636883 -0.10845086668437402 -0.022928615378262157 -0.24355632125023249 1.5776203815414225 0.33353952851798374 
1 -0.50518975158059698 0.10965208350906532 0.02318257589882889 0.54483745796443572 -1.5716783275794159 -0.3322832631325105 

0.35000000000000014 3 0.0515072
1 0.94699550363739249 -0.0012607908785136437 -0.00026655563030212947 -0.31109484945723204 -0.0059705796836903675 -0.0012622962760740874 
1 -0.44755103956250403 -0.091689417212562629 -0.01938492006377715 -0.29647665977997018 1.7860833404260492 0.37761263877521645 
1 -0.49944446407497484 0.092950208091103159 0.019651475694088958 0.60757150923767067 -1.7801127607414915 -0.3763503424992074 

0.36000000000000015 3 0.0555792
1 0.94383512882635801 -0.0013205848733264692 -0.00027919723982473767 -0.32099461025067638 -0.0059860521208766719 -0.0012655674492056054 
1 -0.45089338250109456 -0.072403483401802748 -0.015307499826598576 -0.37908248478027429 2.0948245738251252 0.44288652001219131 
1 -0.49294174632751631 0.07372406827502774 0.015586697066411149 0.70007709503186788 -2.0888385217043739 -0.44162095256395212 

0.37000000000000016 3 0.0862541
1 0.94057531923393134 -0.0013804692133133816 -0.00029185795006806358 -0.33098198994455191 -0.0059887333364446954 -0.001266134310146801 
1 -0.45537694527485006 -0.048990553530993172 -0.010357552626571381 -0.53968773719416352 2.6588804759402134 0.5621388711166162 
1 -0.4851983739617805 0.050371022744321203 0.010649410576613338 0.87066972714040192 -2.6528917426018963 -0.56087273680724259 

0.38000000000000017 3 0.369492
1 0.93721519602506809 -0.0014403200152061774 -0.00030451156970828791 -0.34105713747752953 -0.0059796254890751976 -0.001264208734668731 
1 -0.46307573743913055 -0.014983879486959039 -0.0031678825641138844 -1.2870514801665718 4.967226484318541 1.0501679611926507 
1 -0.47413945858789125 0.016424199502138765 0.0034723941337890776 1.6281086176456214 -4.9612468588226681 -1.0489037524604827 

