0 3 0
1 1 0 0 0 0 0 
1 -0.45294101409455806 -0.25486485995356528 -0.32886013735146596 0 0 0 
1 -0.547058985905442 0.25486485995356528 0.32886013735146596 0 0 0 

0.01 3 0.00134206
1 0.99996014169494218 -5.9208130613159098e-07 -7.6398111412122874e-07 -0.0079718075715848619 -0.00011841327735816894 -0.00015279237264541253 
1 -0.45292798323598454 -0.25481776745825252 -0.32879937242498963 0.0026061391929128614 0.0094190230075345584 0.01215366135817543 
1 -0.54703215845895892 0.25481835953955961 0.32880013640610228 0.005365668378671991 -0.0093006097301764224 -0.012000868985529996 

0.02 3 0.00193119
1 0.9998405579851759 -2.3681461359208569e-06 -3.0556933728298173e-06 -0.015945374227754036 -0.00023679072755859103 -0.00030553851638340088 
1 -0.45288889261381893 -0.25467645852322768 -0.32861703706581247 0.0052118873003228301 0.018844337901633455 0.024315441335293085 
1 -0.54695166537135764 0.25467882666936359 0.3286200927591823 0.010733486927431188 -0.018607547174074899 -0.024009902818909676 

0.029999999999999999 3 0.00307727
1 0.99964122247694187 -5.3276566568986242e-06 -6.8744427939906214e-06 -0.023922461051292809 -0.00035509641005934732 -0.00045819205600337181 
1 -0.45282374811119358 -0.25444083867691392 -0.32831300937429381 0.0078168487420485575 0.028282261454533886 0.036493490661061188 
1 -0.54681747436574857 0.25444616633357231 0.3283198838170846 0.016105612309244181 -0.027927165044474584 -0.036035298605057831 

0.040000000000000001 3 0.0090673
1 0.99936209114731522 -9.4697145901909245e-06 -1.2219070300146238e-05 -0.031904833126223685 -0.00047329415708230536 -0.00061070632308472274 
1 -0.45273255960841746 -0.25411075005106071 -0.32788708564806551 0.010420618896314205 0.03773916044982923 0.048696024596411626 
1 -0.5466295315388976 0.25412021976565274 0.32789930471836232 0.02148421422990952 -0.037265866292746995 -0.048085318273327397 

0.050000000000000003 3 0.0105102
1 0.99900310229414502 -1.4793058365184736e-05 -1.9087948047092733e-05 -0.039894261550528894 -0.00059134745882292138 -0.00076303420787939827 
1 -0.45261534109655699 -0.25368597075308302 -0.32733897957215313 0.013022779447382274 0.047221477292407436 0.060931355978810012 
1 -0.54638776119759092 0.25370076381144901 0.32735806752019725 0.02687148210314675 -0.046630129833584576 -0.06016832177093108 

0.060000000000000005 3 0.0116363
1 0.99856417646579365 -2.1296059119623213e-05 -2.7478974262676621e-05 -0.047892525463439091 -0.00070921934724653228 -0.0009151280093706313 
1 -0.4524721108382766 -0.25316621397883687 -0.32666832107415916 0.015622893572541405 0.056735756355490309 0.073207929218666368 
1 -0.54609206562752155 0.25318751003795853 0.32669580004841875 0.032269631890897578 -0.056026537008243962 -0.072292801209295973 

0.070000000000000007 3 0.0128055
1 0.99804521637050947 -2.8976715528588445e-05 -3.7389566574469358e-05 -0.055901414092214698 -0.00082687227798848724 -0.0010669392828849733 
1 -0.45230289157786235 -0.25255112685713504 -0.32587465483330347 0.018220500910212815 0.066288671330814716 0.085534355590134323 
1 -0.54574232479264906 0.25258010357266703 0.32591204439987359 0.037680913182001709 -0.065461799052826258 -0.08446741630724966 

0.080000000000000002 3 0.0136006
1 0.99744610676519185 -3.7832647440957732e-05 -4.8816653798686171e-05 -0.063922728823408173 -0.00094426800986552838 -0.0012184186846220413 
1 -0.45210771080291356 -0.2518402890145765 -0.32495743842857583 0.020815112246747237 0.075887053866171159 0.097919450183027015 
1 -0.54533839596228206 0.25187812166202195 0.3250062550823698 0.043107616576661158 -0.074942785856305497 -0.096701031498405449 

0.089999999999999997 3 0.0141737
1 0.99676671432336139 -4.7861088296930824e-05 -6.1756666156284631e-05 -0.071958285303669309 -0.0010613674814932536 -0.0013695158124501007 
1 -0.45188660106085343 -0.25103321084628255 -0.32391604010741615 0.023406203854015248 0.085537923798190765 0.11037227091313205 
1 -0.54488011326251451 0.25108107193458207 0.32397779677356642 0.048552081449654193 -0.084476556316697066 -0.10900275510068216 

0.099999999999999992 3 0.0151398
1 0.99600688748187505 -5.9058876295101108e-05 -7.6205523875557226e-05 -0.080009915575239468 -0.0011781306844894286 -0.001520179042296383 
1 -0.4516396003341237 -0.25012933147493821 -0.32274973615220232 0.025993211402987087 0.095248521318151369 0.1229021600267628 
1 -0.54436728714775939 0.25018839035123597 0.32282594167607032 0.054016704172251961 -0.094070390633662307 -0.12138198098446676 

0.10999999999999999 3 0.0157049
1 0.99516645626614908 -7.142244427225731e-05 -9.2158624133721248e-05 -0.08807947025139945 -0.0012945165327254227 -0.0016703553594381057 
1 -0.45136675247869701 -0.24912801637697421 -0.32145770781722949 0.028575523369935373 0.10502634144555617 0.13551878858309771 
1 -0.54379970378745945 0.24919943882124881 0.32154986644135641 0.059503946881463272 -0.10373182491283102 -0.13384843322365908 

0.11999999999999998 3 0.0162687
1 0.99424523209337834 -8.4947808253622585e-05 -0.00010961082628293559 -0.09616882073723447 -0.001410482727067549 -0.0018199901839738789 
1 -0.45106810773146316 -0.24802855465073503 -0.32003903780375803 0.031152473841406618 0.11487917122944058 0.14823220445619756 
1 -0.54317712436192134 0.24811350245899105 0.32014864863003389 0.065016346895827401 -0.11346868850237309 -0.14641221427222215 

0.12999999999999998 3 0.0168338
1 0.99324300755330119 -9.9630554625545841e-05 -0.00012855643529881915 -0.10427986150122535 -0.0015259856150270704 -0.0019690271897258144 
1 -0.45074372329299367 -0.24683015589704893 -0.31849270623490045 0.033723334611356078 0.12481513015229337 0.16105288446945348 
1 -0.54249928426031158 0.24692978645167762 0.3186212626701902 0.070556526889868854 -0.12328914453726687 -0.1590838572797266 

0.13999999999999999 3 0.0193188
1 0.99215955616598339 -0.00011546582587671838 -0.00014898918338189328 -0.11241451240330279 -0.0016409800447121916 -0.0021174081157891616 
1 -0.45039366399339037 -0.24553194667752071 -0.31681758608564781 0.036287306448389456 0.1348427142778236 0.17399179136083878 
1 -0.54176589217259574 0.24564741250340139 0.31696657526902028 0.076127205954913055 -0.1332017342331113 -0.17187438324504864 

0.14999999999999999 3 0.0204997
1 0.99099463211599614 -0.00013244830484779045 -0.0001709022096343692 -0.12057472108516612 -0.0017554192124467026 -0.0022650725699097578 
1 -0.45001800305017819 -0.24413296651007668 -0.31501243801579765 0.038843509392377788 0.14497084476391958 0.18706043638070474 
1 -0.54097662906582078 0.24426541481492847 0.31518334022542172 0.081731211692787811 -0.14321542555147157 -0.18479536381079384 

0.16 3 0.0215907
1 0.98974796996238013 -0.00015057219742273728 -0.00019428803772627228 -0.12876246542881742 -0.0018692545033889372 -0.002411957822829827 
1 -0.44961682292876681 -0.24263216335460133 -0.313075904544932 0.041390971917126367 0.15520892145877838 0.20027094844855056 
1 -0.5401311470336152 0.24278273555202642 0.31327019258264815 0.087371493511690268 -0.15333966695538911 -0.19785899062571913 

0.17000000000000001 3 0.0226967
1 0.98841928432362791 -0.00016983121358852063 -0.00021913855145613121 -0.13697975608943666 -0.0019824353244511706 -0.0025579985926984725 
1 -0.44919021631772205 -0.24102838853378228 -0.31100650349862208 0.04392861876845025 0.16556688241487072 0.21363615094575875 
1 -0.53922906800590886 0.24119821974737352 0.31122564205006781 0.093051137320986119 -0.16358444709042003 -0.21107815235305855 

0.18000000000000002 3 0.0237987
1 0.98700826953695964 -0.00019021854678239351 -0.00024544496810215231 -0.14522863910889303 -0.0020949089287831454 -0.0027031268185974005 
1 -0.44873828723320403 -0.23932039102522479 -0.30880262064336084 0.046455257253867517 0.17605527029656914 0.22716964740344764 
1 -0.53826998230375789 0.23951060957201067 0.30904806561145426 0.098773381855025405 -0.17396036136778653 -0.22446652058484898 

0.19000000000000003 3 0.0248966
1 0.98551459929103347 -0.00021172685143864639 -0.00027319780945008333 -0.15351119861634632 -0.0022066202310452115 -0.0028472714221818886 
1 -0.44826115226933749 -0.23750681105031898 -0.30646250141407966 0.048969561719829469 0.18668530682850001 0.24088591756552197 
1 -0.5372534470216922 0.23771853790176117 0.30673569922352045 0.1045416368965171 -0.18447868659745578 -0.23803864614333817 

0.20000000000000004 3 0.0258846
1 0.98393792623116849 -0.00023434821863865904 -0.00030238687037370716 -0.16182955962257567 -0.0023175116126555335 -0.0029903580563852726 
1 -0.44775894201414446 -0.23558617287287292 -0.30398424162199883 0.051470055903252251 0.19746897664004492 0.25480042557586013 
1 -0.53617898421702359 0.23582052109151475 0.30428662849236238 0.11035950371932407 -0.19515146502739092 -0.25181006751947349 

0.21000000000000005 3 0.0264466
1 0.98227788153615214 -0.00025807414975973181 -0.00033300118483310561 -0.17018589091480624 -0.0024275227161540285 -0.0031323088400802166 
1 -0.44723180265411899 -0.23355687670573388 -0.30136577701148493 0.053955092783931534 0.20841912211587357 0.26892974236694428 
1 -0.53504607888203737 0.23381495085549556 0.30169877819630719 0.11623079813087604 -0.20599159939972125 -0.26579743352686341 

0.22000000000000006 3 0.0270135
1 0.98053407446557095 -0.00028289552800941323 -0.00036502898914450333 -0.17858240805895603 -0.0025365902277821239 -0.003273042077534529 
1 -0.44667989779460793 -0.23141718960600899 -0.29860487151186865 0.056422831490409692 0.21954955117453259 0.28329168472996352 
1 -0.53385417667096646 0.23170008513402052 0.29896990050100075 0.12215957656854744 -0.2170129609467534 -0.28001864265242665 

0.23000000000000007 3 0.0281875
1 0.97870609187650215 -0.00030880258772277946 -0.00039845768236358367 -0.18702137651630593 -0.0026446476473338076 -0.003412471961442808 
1 -0.44610341052805846 -0.22916523521843823 -0.29569910400299754 0.058871210720420203 0.2308751602816887 0.29790547404265272 
1 -0.53260268134844524 0.22947403780616329 0.29609756168534962 0.12815016579588775 -0.2282305126343592 -0.29449300208120532 

0.24000000000000007 3 0.0287595
1 0.97679349770849933 -0.00033578488129048947 -0.00043327378361172246 -0.19550511488168812 -0.0027516250442906421 -0.0035505082582596606 
1 -0.44550254578816428 -0.2267989822010878 -0.29264585338054616 0.061297918023493762 0.24241207548081387 0.31279191824562308 
1 -0.53129095192033393 0.22713476708238023 0.29307912716414714 0.13420719685819729 -0.23966045043652781 -0.30924140998735727 

0.25000000000000006 3 0.0293314
1 0.97479583243552625 -0.00036383124357533704 -0.00046946288616154554 -0.20403599825025234 -0.0028574487992124912 -0.0036870559745081728 
1 -0.4448775330351088 -0.22431623113686988 -0.28944228166753255 0.06370035415153838 0.25417781481700119 0.3279736214229273 
1 -0.5299182994004159 0.22468006238044605 0.28991174455368346 0.14033564409871585 -0.25132036601779367 -0.32428656544841056 

0.26000000000000006 3 0.0299056
1 0.97271261248356078 -0.00039292975366457674 -0.00050700960808474391 -0.21261646171982299 -0.0029620413293195685 -0.0038220150026897414 
1 -0.44422862932593166 -0.22171459969705437 -0.28608531487034006 0.066075591505176806 0.26619147627193906 0.34347522630044824 
1 -0.52848398315763023 0.22210752945071899 0.28659232447841326 0.14654087021464796 -0.26322943494262491 -0.33965321129775061 

0.27000000000000007 3 0.0304704
1 0.97054332961246537 -0.00042306769379445473 -0.00054589753925112948 -0.22124900403565109 -0.0030653207971711657 -0.0039552797453830495 
1 -0.44355612283482188 -0.21899150577728033 -0.28257162121856855 0.068420325478633803 0.27847395626327498 0.35932369618249993 
1 -0.52698720677764432 0.21941457347107443 0.28311751875781016 0.15282867855701854 -0.2754086354661075 -0.35536841643710865 

0.28000000000000008 3 0.0312533
1 0.96828745026066565 -0.00045423150527238262 -0.00058610918445359923 -0.22993619138405702 -0.0031672008013267582 -0.0040867387160944827 
1 -0.44286033690152649 -0.21614414827029482 -0.27889758635551426 0.0707308172198087 0.29104820494747402 0.37554864437712776 
1 -0.52542711335913539 0.21659837977556834 0.27948369553996061 0.15920537416425048 -0.28788100414615236 -0.37146190566102 

0.29000000000000009 3 0.0320373
1 0.96594441485114291 -0.00048640674121102853 -0.00062762590241945788 -0.23868066134093174 -0.003267590047870382 -0.0042162741154152987 
1 -0.4421416347026067 -0.21316948507015651 -0.27505928495628928 0.07300282595538729 0.30393952608022878 0.39218272111541053 
1 -0.52380278014852699 0.2136558918113656 0.27568691085870345 0.16567783538554523 -0.30067193603236225 -0.38796644699998312 

0.3000000000000001 3 0.0328171
1 0.96351363705710913 -0.00051957801587722578 -0.0006704278404537665 -0.24748512698029618 -0.0033663920016939871 -0.0043437613810625147 
1 -0.44140042466106544 -0.21006420781546772 -0.27105244813823148 0.075231528557860194 0.31717593113520731 0.40926207048202312 
1 -0.5221132123960317 0.21058378583134102 0.27172287597867872 0.17225359842243615 -0.31380953913351484 -0.40491830910094917 

0.31000000000000011 3 0.0336051
1 0.96099450302580602 -0.00055372895044819993 -0.00071449386444679558 -0.25635238114710834 -0.0034635045164804487 -0.0044690687104332683 
1 -0.44063716673602044 -0.20682471277048828 -0.26687242588787002 0.077411423415124692 0.33078855990985295 0.42682687313609724 
1 -0.52035733628976788 0.20737844172093306 0.26758691975231286 0.17894095773198579 -0.32732505539337065 -0.42235780442565546 

0.32000000000000012 3 0.0343981
1 0.9583863705587492 -0.00058884211495688734 -0.00075980148396434077 -0.2652853008969579 -0.0035588194424085243 -0.0045920565544148211 
1 -0.43985237976745084 -0.20344706710465901 -0.26251414355034897 0.079536214855355725 0.34481218314881551 0.44492199486205436 
1 -0.51853399079129325 0.20403590921960993 0.26327394503430918 0.18574908604160181 -0.34125336370640003 -0.44032993830763228 

0.33000000000000013 3 0.0351911
1 0.95568856824673709 -0.00062489896619941706 -0.00080632677212779812 -0.27428685210328729 -0.0036522222107385634 -0.004712577081362323 
1 -0.43904665009334859 -0.19992696965506709 -0.25797205120001826 0.081598673309167299 0.35928580707462582 0.46359776661451618 
1 -0.51664191815337113 0.20055186862126165 0.25877837797215375 0.19268817879412328 -0.35563358486388597 -0.4588851895331566 

0.34000000000000014 3 0.0359821
1 0.95290039455789743 -0.00066187978137007941 -0.00085404427998122699 -0.28336009423021208 -0.0037435913946440862 -0.0048304736104261602 
1 -0.43822064171200287 -0.196259705029944 -0.25324006441870039 0.083590464959097541 0.37425340552207204 0.48291092921427115 
1 -0.51467975284587852 0.1969215848113092 0.2540941086986927 0.19976962927111594 -0.37050981412742112 -0.47808045560385354 

0.35000000000000014 3 0.036772
1 0.95002111687728297 -0.00069976358718430872 -0.00090292694503647992 -0.29250818526516709 -0.0038327982459566133 -0.0049455800137986677 
1 -0.43737510833341009 -0.19244008961703751 -0.24831149462862429 0.085501942690560287 0.3897648131898207 0.50292578593897663 
1 -0.51264600854385811 0.19313985320421542 0.24921442157367477 0.20700624257460568 -0.38593201494386181 -0.49798020592517789 

0.36000000000000015 3 0.0375619
1 0.94704997049634654 -0.00073852808424878765 -0.00095294599368566551 -0.30173438680110465 -0.0039197062079215578 -0.0050577200880085804 
1 -0.436510907758484 -0.18846240767530456 -0.2431789666295272 0.087321887511451507 0.40587682416472426 0.52371561998350669 
1 -0.51053906273785121 0.18920093575954902 0.24413191262322412 0.21441249928965506 -0.40195711795680056 -0.51865789989549216 

0.37000000000000016 3 0.0383389
1 0.94398615755089976 -0.0007781495664419166 -0.0010040708371751627 -0.31104206925153072 -0.004004170404666595 -0.0051667068951654436 
1 -0.43562901915027535 -0.18432033517741298 -0.23783432033021423 0.089037185943753525 0.42265455453624373 0.5453644526842113 
1 -0.50835713840060659 0.18509848474385335 0.23883839116740158 0.22200488330777596 -0.41865038413157146 -0.54019774578903212 

0.38000000000000017 3 0.0391309
1 0.94082884590637017 -0.00081860283507836896 -0.0010562689608495047 -0.32043471717325506 -0.0040860371089212165 -0.0052723420761417363 
1 -0.4347305639305501 -0.18000684838577335 -0.23226849278137035 0.090632423750995408 0.44017314838544763 0.56796924481013999 
1 -0.50609828197580042 0.18082545122085009 0.23332476174222797 0.22980229342225716 -0.43608711127651573 -0.56269690273399231 

0.39000000000000018 3 0.039912
1 0.93757716798944035 -0.00085986110765285903 -0.0011095058064005577 -0.32991593466089492 -0.0041651431906757543 -0.0053744151391596851 
1 -0.43381683126592857 -0.17551411321575308 -0.2264713754174216 0.092089369051553516 0.45851993541023545 0.59164268061462577 
1 -0.50376033672347997 0.17637397432340399 0.22758088122382653 0.23782656560933915 -0.45435479221954844 -0.58626826547545563 

0.40000000000000019 3 0.0407
1 0.93423021956558572 -0.0009018959209920978 -0.0011637446469014035 -0.33948945076229409 -0.0042413155510514361 -0.0054727027292968975 
1 -0.43288930942676795 -0.17083335016155918 -0.22043163976617325 0.093386307294071519 0.47779719011189475 0.61651672810042013 
1 -0.50134091013879523 0.17173524608255056 0.22159538441307863 0.24610314346822149 -0.47355587456082804 -0.61104402537112157 

0.4100000000000002 3 0.0414798
1 0.93078705846265353 -0.00094467702869723436 -0.0012189464544731571 -0.34915912484456568 -0.0043143705478209012 -0.0055669678872169361 
1 -0.4319497247498495 -0.16595466777611914 -0.21413652258265053 0.094497175019852081 0.49812570339266188 0.64274724756427037 
1 -0.49883733371278782 0.16689934480481544 0.21535546903712766 0.25466194982470625 -0.49381133284482637 -0.63718027967706148 

0.42000000000000021 3 0.0422628
1 0.92724670324135539 -0.00098817229283759537 -0.0012750697605340535 -0.35892895181413448 -0.004384113422002827 -0.0056569593092862316 
1 -0.43100009057527933 -0.16086685516475602 -0.20757155809717029 0.095390416027138436 0.51964946817103996 0.67052003759358714 
1 -0.49624661266605397 0.1618550274575907 0.20884662785770763 0.26353853578698994 -0.51526535474902724 -0.66486307828430591 

0.43000000000000022 3 0.0430448
1 0.92360813181489787 -0.0010323475699699778 -0.0013320705087263955 -0.3688030670587028 -0.004450337739071668 -0.0057424106265499784 
1 -0.43004276945729047 -0.15555712029565286 -0.20072024034912192 0.096027447875915412 0.54254191861685053 0.70005888574743025 
1 -0.49356536235758369 0.15658946786562003 0.20205231085784986 0.27277561918278792 -0.5380915808777661 -0.69431647512089212 

0.44000000000000022 3 0.0442448
1 0.91987028002129156 -0.0010771665917204824 -0.0013899019008277713 -0.37878575093036676 -0.0045128248640528548 -0.005823039727430205 
1 -0.42908055332723971 -0.15001075554171045 -0.19356359162510492 0.096360570786214753 0.56701437725410253 0.73163646811889327 
1 -0.49078972669402365 0.15108792213342775 0.19495349352593344 0.2824251801441453 -0.56250155239003563 -0.72581342839146024 

0.45000000000000023 3 0.0462699
1 0.91603204015403228 -0.0011225908403964568 -0.0014485142362489478 -0.38888143252205876 -0.0045713434978066399 -0.0058985481593786682 
1 -0.42811676837942603 -0.14421070375004386 -0.18607960254477149 0.096330061141711498 0.59332770663956069 0.7655893838619533 
1 -0.48791527177462052 0.14533329459044184 0.18752811678101838 0.29255137138036169 -0.5887563631417142 -0.75969083570258955 

0.46000000000000024 3 0.0482998
1 0.912092259460213 -0.0011685794204225363 -0.0015078547461439789 -0.39909469239538353 -0.0046256493132139686 -0.0059686206594361775 
1 -0.42715541470782958 -0.13813698559537116 -0.17824249315691337 0.095860043109514306 0.62180872453342417 0.80233933620217657 
1 -0.4849368447523964 0.13930556501579852 0.17975034790303862 0.303234649285887 -0.61718307522019433 -0.79637071554274341 

0.47000000000000025 3 0.0503469
1 0.90804973861798288 -0.0012150889268590693 -0.0015678674237554347 -0.40943026378319786 -0.0046754847464121063 -0.0060329248848577845 
1 -0.42620135594158465 -0.13176592904827603 -0.17002171869810404 0.094852477493647142 0.65287389480549252 0.84242370155709534 
1 -0.48184838267641572 0.13298101797512923 0.17158958612184441 0.31457778628959049 -0.64819841005905121 -0.83639077667227191 

0.48000000000000026 3 0.0523779
1 0.90390323021290686 -0.001262073312926113 -0.0016284928534761455 -0.41989303159499708 -0.0047205790223559018 -0.0060911114460939437 
1 -0.42526058277392864 -0.12506910909139127 -0.16138060147527078 0.093178154961747972 0.68706448380023455 0.88654089289914362 
1 -0.47864264743899521 0.12633118240431454 0.16300909432874089 0.32671487663327586 -0.68234390477782481 -0.88044978145309094 

0.49000000000000027 3 0.0536158
1 0.89965143723875118 -0.0013094837594157791 -0.0016896680423481021 -0.43048802826013388 -0.004760648530199761 -0.0061428143911587494 
1 -0.4243405891564736 -0.11801185012230657 -0.15227439846902766 0.090662741883389825 0.72510045257102185 0.93561989859861772 
1 -0.4753108480822667 0.11932133388172683 0.15396406651136232 0.33982528637675946 -0.72033980404078879 -0.92947708420751973 

0.50000000000000022 3 0.0547059
1 0.89529301166132369 -0.0013572685502916736 -0.0017513262595446404 -0.44122042499470904 -0.0047953977199324789 -0.0061876523625859128 
1 -0.4234509267002875 -0.1105510444006176 -0.14264748640734234 0.087064288233075646 0.76796630334017979 0.99093105280873284 
1 -0.47184208496104157 0.11190831295091264 0.1443988126668744 0.35415613676162294 -0.76317090562019607 -0.98474340044620345 

0.51000000000000023 3 0.0558228
1 0.89082655310115355 -0.0014053729608973751 -0.0018133968921217412 -0.4520955163590592 -0.0048245207811050328 -0.0062252307635435366 
1 -0.42260405360099734 -0.10263185430569882 -0.13242910658516976 0.082035205012082515 0.81705428542836278 1.0542708185762502 
1 -0.46822249950015182 0.10403722726660107 0.13424250347729885 0.37006031134696016 -0.81222976464718744 -1.048045587812737 

0.52000000000000024 3 0.0569308
1 0.88625060771725717 -0.0014537391684851519 -0.0018758053295712704 -0.46311869477566886 -0.0048477045137654811 -0.0062551454622916218 
1 -0.42181669706629266 -0.094182496237842431 -0.12152663436819924 0.075054117059593292 0.87441719666435491 1.1282879854441721 
1 -0.46443391065094858 0.095636235406334411 0.12340243969777588 0.38806457771607072 -0.8695694921505166 -1.1220328399819541 

0.53000000000000025 3 0.0583436
1 0.88156366741717795 -0.001502306200064018 -0.0019384728965270688 -0.47429540956212429 -0.0048646330649456237 -0.0062769889038203786 
1 -0.42111217279519036 -0.085105507848684203 -0.1098143110257708 0.065294389914563752 0.94324758496634931 1.2171019983100535 
1 -0.46045149462204238 0.086607814048757156 0.11175278392230856 0.40900101964754376 -0.93838295190145937 -1.2108250094061761 

0.54000000000000026 3 0.0598288
1 0.87676416959151282 -0.0015510099415090642 -0.0020013168645187833 -0.48563110102746887 -0.0048749957022224998 -0.0062903601403210187 
1 -0.42052464806087225 -0.075262011631681641 -0.097112938547321753 0.051344949501773124 1.0288742392255923 1.3275887609252599 
1 -0.4562395215307174 0.076813021573227599 0.099114255411855076 0.43428615152560907 -1.0239992435231273 -1.3212984007847102 

0.55000000000000027 3 0.0616817
1 0.87185049770006473 -0.0015997832481012765 -0.0020642505946056426 -0.49713109183923493 -0.0048784998313580507 -0.0062948816282563545 
1 -0.42010783413739428 -0.064440392061384619 -0.083149462770741575 0.030534520233627516 1.1411129629880494 1.472413913045203 
1 -0.45174266356283427 0.06604017530950522 0.085213713365364124 0.46659657160545842 -1.1362344631565422 -1.4661190314165207 

0.56000000000000028 3 0.0635188
1 0.8668209833005347 -0.001648556229108101 -0.0021271839045801651 -0.50880039810423505 -0.0048748939163526864 -0.0062902288028156344 
1 -0.41995558260499566 -0.052284332063998601 -0.067464116579311215 -0.0030498366308498782 1.3009336559948317 1.6786355752379196 
1 -0.44686540069573305 0.053932888293101833 0.069591300483943366 0.51185023473494884 -1.2960587620785564 -1.6723453464334481 

0.57000000000000028 3 0.0941219
1 0.86167391071535659 -0.0016972568541325547 -0.0021900238513540122 -0.52064336575741399 -0.0048640120129120612 -0.0062761875408656386 
1 -0.42026408164267931 -0.038084668911131846 -0.049141845020731857 -0.066543535045807262 1.5660640416468901 2.0207416429692322 
1 -0.44140982907247495 0.03978192576523816 0.051331868872151326 0.5871869008031283 -1.5612000296350783 -2.0144654554265027 

0.58000000000000029 3 0.149092
1 0.85640752732837677 -0.0017458122521287404 -0.002252676407128713 -0.53266280770306551 -0.0048458802683068042 -0.0062527915810553199 
1 -0.42164187610349801 -0.019817418921028045 -0.025571038351417875 -0.2533538422469882 2.2216685041287723 2.8666886818031885 
1 -0.43476565122410604 0.021563231173155208 0.027823714758655162 0.78601664994866072 -2.2168226238611517 -2.8604358902201614 

