0 3 0
1 1 0 0 0 0 0 
1 -0.81116044712462032 0.25532367132808093 -0.22867918408520216 0 0 0 
1 -0.18883955287537968 -0.25532367132808093 0.22867918408520216 0 0 0 

0.01 3 0.00404286
1 0.99995415660715092 -4.7018457920472252e-06 4.211181257996988e-06 -0.0091688349212004899 -0.00094035574219742118 0.00084222423544592787 
1 -0.81110678089984289 0.25528946172313688 -0.22864854444844052 0.010733654652111627 -0.0068421673820938484 0.0061281480333293444 
1 -0.18884737570730406 -0.25528475987734467 0.228644333267182 -0.001564819730911157 0.0077825231242912487 -0.0069703722687752701 

0.02 3 0.00515366
1 0.99981661704670466 -1.880657791662468e-05 1.6844003813035838e-05 -0.018339546362044205 -0.0018805503874888118 0.0016843041853705069 
1 -0.81094575763728893 0.25518681812103772 -0.22855661229401869 0.021472228020328329 -0.013687292830549282 0.012258945441855769 
1 -0.18887085940940743 -0.25516801154311969 0.22853976829020542 -0.0031326816582842201 0.015567843218038103 -0.013943249627226255 

0.029999999999999999 3 0.00572062
1 0.99958735316451797 -4.2311777820802479e-05 3.7896301502035121e-05 -0.027514012533382773 -0.0028204222790381497 0.0025260950627543168 
1 -0.81067730350792877 0.25501569612319724 -0.22840334785660113 0.032220651702420514 -0.020538341770877353 0.018395048191956268 
1 -0.18891004965658448 -0.25497338434537425 0.22836545155509866 -0.004706639169037811 0.023358764049915361 -0.020921143254710624 

0.040000000000000001 3 0.00628877
1 0.99926631800884602 -7.521340524319798e-05 6.7364455688024262e-05 -0.036694115031018118 -0.0037598086380259154 0.0033674510756797988 
1 -0.81030129524837491 0.25477602160915802 -0.22818868475062604 0.04298388314257591 -0.027398294392156033 0.024539125472912284 
1 -0.18896502276046059 -0.25470080820391483 0.22812132029493667 -0.00628976811155785 0.031158103030181815 -0.027906576548592174 

0.050000000000000003 3 0.00685263
1 0.99885344578797186 -0.00011750578416702593 0.000105243382679074 -0.045881740534510079 -0.0046985449973380462 0.0042082249201181076 
1 -0.8098175598369568 0.25446769055157886 -0.2279125298045962 0.05376691876331656 -0.034270153142501529 0.030693866410185212 
1 -0.18903588595100163 -0.25435018476741011 0.22780728642191653 -0.0078851782288065497 0.038968698139839428 -0.034902091330303517 

0.060000000000000005 3 0.00740671
1 0.99834865181085075 -0.0001691815830797944 0.00015152651604800592 -0.055078782513583786 -0.0056364646288448407 0.0050482672669746372 
1 -0.80922587403722612 0.25409056875559982 -0.22757476282765823 0.064574807350661664 -0.041156950362419953 0.036861986902184472 
1 -0.18912277777361017 -0.25392138717251811 0.22742323631160941 -0.0094960248370780237 0.046793414991264923 -0.041910254169159049 

0.070000000000000007 3 0.00796962
1 0.99775183241066356 -0.0002302317894646539 0.00020620578378571512 -0.064287142944666475 -0.0065733979620858632 0.0058874262414375621 
1 -0.80852596380604014 0.25364449152100788 -0.22717523630700642 0.075412663781667721 -0.048061756104454637 0.043046236623889227 
1 -0.18922586860460469 -0.25341425973153886 0.22696903052322007 -0.011125520837001563 0.054635154066540438 -0.048933662865326889 

0.080000000000000002 3 0.00852847
1 0.99706286485107709 -0.00030064567842638684 0.00026927158020121662 -0.073508734040087925 -0.0075091719921387213 0.0067255468926389408 
1 -0.80771750356221816 0.25312926322504559 -0.22671377503423978 0.086285683187641238 -0.054987686189705488 0.049249406242624513 
1 -0.18934536128883853 -0.25282861754661196 0.22644450345403716 -0.012776949147553333 0.062496858181844063 -0.055974953135263517 

0.089999999999999997 3 0.00908542
1 0.99628160721520087 -0.00038041077533255323 0.00034071273246140144 -0.082745479992470131 -0.0084436096743983752 0.0075624706515921066 
1 -0.80680011531100471 0.25254465682325755 -0.2261901756582933 0.097199155651659083 -0.061937910554576481 0.055474334893777615 
1 -0.18948149190417307 -0.25216424604791948 0.22584946292583055 -0.014453675659189182 0.070381520228974453 -0.063036805545370042 

0.099999999999999992 3 0.00964236
1 0.99540789827698162 -0.00046951281232728844 0.00042051646164287558 -0.091999318736830246 -0.0093765293039342733 0.0083980347753164781 
1 -0.80577336761845009 0.25189041326518735 -0.22560420616210827 0.1081584815456879 -0.068915661944545112 0.061723917967322829 
1 -0.18963453065850761 -0.25142090045285598 0.22518368970046473 -0.016159162808858114 0.078292191248478887 -0.07012195274263959 

0.10999999999999999 3 0.0101984
1 0.99444155735488404 -0.00056793567855158394 0.0005086683381470261 -0.10127220373291632 -0.010307743877020029 0.0092320717749954668 
1 -0.80463677442873882 0.25116624082114353 -0.22495560525965516 0.11916918762064817 -0.07592424501593048 0.068001115259767972 
1 -0.18980478292612243 -0.25059830514258696 0.22444693692150733 -0.01789698388773258 0.086231988892950806 -0.077233187034763701 

0.11999999999999998 3 0.0107584
1 0.99338238414764812 -0.00067566136387939453 0.00060515223130759631 -0.1105661057702834 -0.011237060432351139 0.01006440882594181 
1 -0.8033897937163591 0.25037181431562761 -0.22424408170936283 0.13023694397244498 -0.082967045911626541 0.074308959550604209 
1 -0.18999259043126332 -0.24969615295174299 0.2236389294780548 -0.019670838202162998 0.094204106343977481 -0.084373368376546534 

0.12999999999999998 3 0.0113852
1 0.99223015855184582 -0.00079266989595367895 0.00070995025299737358 -0.11988301479860268 -0.012164279369371728 0.010894867157060534 
1 -0.80203182596368061 0.24950677426235959 -0.22346931353940278 0.14136758201843561 -0.090047542382664908 0.080650565667628238 
1 -0.19019833258814181 -0.24871410436640015 0.22275936328640311 -0.021484567219834487 0.1022118217520368 -0.091545432824688897 

0.13999999999999999 3 0.0126503
1 0.9909846404610243 -0.00091893927028009065 0.00082304269501701319 -0.12922494178568422 -0.013089193741027497 0.011723261417407552 
1 -0.80056221245307257 0.24857072589501025 -0.22263094717957344 0.15256711363229386 -0.097169314534422249 0.087029140111718875 
1 -0.19042242800792814 -0.24765178662472448 0.22180790448455362 -0.023342171846611259 0.11025850827545038 -0.098752401529126316 

0.14999999999999999 3 0.0135534
1 0.98964556954611171 -0.0010544453731087661 0.00094440796002453955 -0.13859392060565992 -0.014011588518148351 0.012549399017338128 
1 -0.79898023336125878 0.24756323808700942 -0.22172859649383062 0.16384175160105915 -0.10433605628438948 0.093447991318922827 
1 -0.19066533618482676 -0.24650879271389464 0.22078418853380244 -0.025247830995401496 0.11834764480253876 -0.1059973903362607 

0.16 3 0.0146635
1 0.98821266501677396 -0.0011991618968059249 0.0010740224857384128 -0.14799200995974368 -0.014931239822535865 0.013373079441625819 
1 -0.79728510564170074 0.24648384215280628 -0.22076184170664478 0.17519793158665631 -0.11155158762789029 0.099910540646175466 
1 -0.19092755937504791 -0.2452846802559937 0.21968781922090247 -0.027205921626914369 0.12648282745042699 -0.113283620087801 

0.17000000000000001 3 0.0157645
1 0.986685625363388 -0.0013530602473871955 0.0012118606621202687 -0.15742129533195084 -0.015847914125693134 0.014194093531809854 
1 -0.79547598067899705 0.24533203052199953 -0.21973022821549165 0.18664233579578679 -0.11881986781915777 0.10642033417685776 
1 -0.1912096446843651 -0.24397897027460508 0.21851836755336754 -0.029221040463837014 0.13466778194485135 -0.12061442770866752 

0.18000000000000002 3 0.0168545
1 0.98506412807929944 -0.0015161094438530887 0.0013578947412153379 -0.16688389098208939 -0.016761367409983526 0.015012222734891383 
1 -0.7935519416971466 0.24410725527658025 -0.21863326528074498 0.19818191858733092 -0.12614500958800673 0.11298105545387682 
1 -0.19151218638212869 -0.24259114583272012 0.21727537053952603 -0.031298027605241641 0.14290637699798978 -0.12799327818876891 

0.19000000000000003 3 0.0179455
1 0.9833478293629172 -0.0016882760089342772 0.001512094739299053 -0.1763819419782732 -0.017671344288843899 0.015827238315357348 
1 -0.79151200090092544 0.24280892654027525 -0.21747042458309845 0.20982393427585175 -0.13353129452725984 0.1195965392613258 
1 -0.19183582846196426 -0.24112065053133408 0.21595832984379629 -0.03344199229757782 0.15120263881610299 -0.13542377757668347 

0.20000000000000004 3 0.0191445
1 0.98153636379930342 -0.0018695238508194796 0.0016744283309473372 -0.1859176262711294 -0.018577577082500893 0.016638900527351952 
1 -0.78935509632710243 0.24143641070753502 -0.21624113863737179 0.2215759674242555 -0.14098318980347957 0.12627078659135402 
1 -0.19218126747217584 -0.23956688685670799 0.21456671030642013 -0.035658341153125044 0.15956076688597978 -0.14290968711870633 

0.21000000000000005 3 0.0202634
1 0.97962934402079882 -0.0020598141354026432 0.0018448607346154648 -0.19549315681174817 -0.019479784845458127 0.017446957743650182 
1 -0.78708008837885224 0.23998902849809037 -0.21494479905007965 0.23344596595895911 -0.1485053663638308 0.13300798095104166 
1 -0.19254925564191747 -0.23792921436268008 0.21309993831545898 -0.037952809147211032 0.16798515120928895 -0.15045493869469173 

0.22000000000000006 3 0.0215394
1 0.97762636034623585 -0.0022591051485474105 0.0020233545892761121 -0.20511078371530891 -0.020377672341820877 0.018251145537913439 
1 -0.78468575601340562 0.23846605282114058 -0.21358075460651196 0.24544227748821054 -0.15610271883558069 0.13981250618526797 
1 -0.19294060433279972 -0.23620694767258446 0.21155740001722945 -0.040331493772902773 0.17648039117740097 -0.1580636517231816 

0.23000000000000007 3 0.0226436
1 0.97552698039827501 -0.0024673521478270565 0.0022098698216309934 -0.21477279647215136 -0.021270928964318966 0.019051185716519016 
1 -0.78217079254863919 0.23686670643117555 -0.21214830917117761 0.25757368925974405 -0.16378038734244954 0.14668896601641132 
1 -0.19335618784960462 -0.23439935428334091 0.20993843934953987 -0.042800892787594892 0.18505131630676844 -0.16574015173293044 

0.24000000000000007 3 0.0237565
1 0.97333074869841141 -0.002684507203154897 0.0024043635033724562 -0.22448152620786863 -0.022159227592675568 0.019846785296064411 
1 -0.77953380104989201 0.23519015935499005 -0.21064671938332688 0.26984947225942113 -0.17154378149455762 0.15364220553079405 
1 -0.19379694764848959 -0.23250565215182653 0.20824235587994874 -0.045367946051554753 0.19370300908723312 -0.17348899082685895 

0.25000000000000006 3 0.0249317
1 0.97103718623909208 -0.0029105190256763173 0.0026067896979315827 -0.23423934799376617 -0.023042223386739995 0.020637635422443353 
1 -0.77677328925267386 0.23343552606671394 -0.20907519212678796 0.28227943002978384 -0.17939860684689876 0.16067733487607505 
1 -0.19426389698639385 -0.23052500704102888 0.20646840242885101 -0.048040082036020296 0.20244083023363907 -0.18131497029851909 

0.26000000000000006 3 0.0260465
1 0.96864579003251527 -0.003145332784245823 0.0028170992961069016 -0.24404868320877052 -0.023919552509576423 0.021423410227187599 
1 -0.77388766397085362 0.23160186238452729 -0.20743288175051888 0.2948739528790747 -0.18735089416639122 0.16779975547410764 
1 -0.19475812606163545 -0.22845652960027252 0.20461578245440662 -0.050825269670307156 0.2112704466759672 -0.18922316570129577 

0.27000000000000007 3 0.0272264
1 0.96615603263550753 -0.0033888899087640111 0.0030352398399242741 -0.25391200195352076 -0.024790830775465393 0.022203765616558006 
1 -0.77087522493262095 0.22968816205904338 -0.20571888701302041 0.30764407826007628 -0.19540703190081965 0.1750151891015668 
1 -0.19528080770285869 -0.22629927215026951 0.20268364717308976 -0.053732076306558366 0.22019786267628447 -0.19721895471812584 

0.28000000000000008 3 0.0283153
1 0.96356736165001888 -0.0036411278795970719 0.0032611553340317284 -0.2638318255170175 -0.025655652217544834 0.022978337988658924 
1 -0.76773415797804767 0.22769335301911953 -0.20393224771991061 0.32060155822797343 -0.20357380230627306 0.18232971024728015 
1 -0.19583320367194201 -0.22405222513951198 0.20067109238587408 -0.056769732710959121 0.22922945452381865 -0.20530804823594043 

0.29000000000000009 3 0.0294194
1 0.96087919919870524 -0.0039019800022482014 0.0034947860438851253 -0.27381072889573294 -0.026513587569584298 0.023746742873649439 
1 -0.76446252754234845 0.22561629323592364 -0.20207194101960899 0.33375893504179116 -0.21185842176495873 0.18974978222264421 
1 -0.19641667165632154 -0.22171431323366608 0.19857715497571862 -0.059948206146061979 0.23837200933454308 -0.21349652509629585 

0.3000000000000001 3 0.0305223
1 0.95809094137501649 -0.0041713751663936547 0.00373606827993023 -0.28385134336453449 -0.02736418265617695 0.024508573491927498 
1 -0.7610582683372662 0.22345576616031743 -0.20013687731684485 0.34712962616059279 -0.22026858591524753 0.19728229758209617 
1 -0.19703267303771629 -0.21928439099391484 0.1964008090369091 -0.063278282796062832 0.24763276857142386 -0.2217908710740262 

0.31000000000000011 3 0.0318491
1 0.95520195766736993 -0.0044492375883381551 0.0039849341669343143 -0.2939563590981969 -0.028206956685431956 0.025263399224989259 
1 -0.75751917612947017 0.22121047568188962 -0.19812589575774958 0.36072802011085586 -0.22881252032373114 0.20493462350725042 
1 -0.19768278153787072 -0.21676123809354242 0.19414096159081054 -0.066771661012664324 0.25701947700916283 -0.23019802273224296 

0.32000000000000012 3 0.0329511
1 0.95221159035683045 -0.004735486535884491 0.0042413113975673135 -0.30412852784146471 -0.029041400438082513 0.026010763993514409 
1 -0.75384289749876998 0.2188790405500351 -0.1960377592331308 0.37456958497414966 -0.23749903755902724 0.21271465292472275 
1 -0.19836869285803219 -0.21414355401414267 0.19179644783555855 -0.070441057132690693 0.26654043799711213 -0.23872541691823976 

0.33000000000000013 3 0.0340993
1 0.94911915388785628 -0.0050300360345504839 0.0045051229692765864 -0.31437066562487365 -0.029866974346800669 0.026750184537115817 
1 -0.7500269184398447 0.21645998818813028 -0.19387114883816736 0.38867099157629098 -0.24633760168420488 0.220630862268404 
1 -0.19909223544798449 -0.21142995215357197 0.18936602586888587 -0.074300325951422067 0.27620457603100723 -0.24738104680552267 

0.34000000000000014 3 0.0351932
1 0.94592393421171239 -0.0053327945540038802 0.0047762869034442051 -0.32468565552242584 -0.030683106459439558 0.027481148590128214 
1 -0.74606855164840147 0.21395174782073934 -0.19162465771683493 0.40305025386490956 -0.25533840137564712 0.2286923769679495 
1 -0.19985538256328317 -0.20861895326672777 0.18684837081338579 -0.078364598342488587 0.28602150783508873 -0.25617352555808104 

0.35000000000000014 3 0.0364292
1 0.94262518810206219 -0.0056436646735232255 0.0050547159457589325 -0.33507645044617829 -0.031489190279935055 0.02820311294782496 
1 -0.7419649223053929 0.21135264282061322 -0.18929678420754034 0.4177268894612059 -0.26451243310915978 0.23690904595394316 
1 -0.20066026579664231 -0.20570897814708283 0.18424206826177578 -0.082650439015032995 0.29600162338909586 -0.26511215890177203 

0.36000000000000015 3 0.0375271
1 0.93922214244250468 -0.0059625427252303605 0.0053403172466792784 -0.34554607597137754 -0.032284582480712587 0.028915501417548142 
1 -0.7377129521401542 0.20866088216643147 -0.18688592419229288 0.43272210398757238 -0.27387159613992151 0.24529152672614374 
1 -0.20150919030232556 -0.20269833944119331 0.18154560694560823 -0.087176028016200086 0.30615617862063627 -0.27420702814369613 

0.37000000000000016 3 0.0386221
1 0.9357139934857146 -0.0062893184137796333 0.0056329920208106309 -0.3560976331842885 -0.033068600480697083 0.029617702649466907 
1 -0.73330934151354699 0.20587455088327603 -0.18439036253477589 0.44805900353796113 -0.28342880135522258 0.25385138284681541 
1 -0.20240465197214227 -0.19958523246948925 0.17875737051396012 -0.091961370353678323 0.31649740183592084 -0.28346908549628685 

0.38000000000000017 3 0.040128
1 0.93209990608402626 -0.006623874411132079 0.0059326351839666313 -0.36673430154306724 -0.033840519883452255 0.0303090678420605 
1 -0.72875054921394999 0.20299159931494093 -0.18180826347214332 0.46376284061362671 -0.29319809651573825 0.26260119611236371 
1 -0.20334935687004824 -0.19636772490380053 0.17587562828817158 -0.097028539070567035 0.32703861639918907 -0.29291026395442465 

0.39000000000000018 3 0.0410872
1 0.9283790128914009 -0.0069660859249922637 0.0062391349666425667 -0.37745934173998102 -0.034599571770625809 0.030988908318011502 
1 -0.72403276960000673 0.20000983104941225 -0.17913765980055751 0.47986130004877892 -0.30319481094601464 0.27155469614452998 
1 -0.2043462432913615 -0.19304374512441499 0.17289852483390664 -0.10240195830880908 0.33779438271664375 -0.30254360446254008 

0.40000000000000019 3 0.0418692
1 0.92455041353683987 -0.0073158202394376076 0.0065523725025826273 -0.38827609855097017 -0.035344939846859179 0.031656492967055416 
1 -0.71915190665134843 0.19692688928490126 -0.17637644066398545 0.49638483296978575 -0.31343572341755344 0.2807269107539267 
1 -0.20539850688546032 -0.18961106904545663 0.16982406816139259 -0.10810873441882779 0.3487806632644187 -0.31238340372097884 

0.4100000000000002 3 0.0427043
1 0.92061317376937668 -0.0076729362262448276 0.0068722213911014953 -0.39918800365586571 -0.036075757433609863 0.03231104555351972 
1 -0.71410354439887103 0.19374024138231116 -0.17352233771872977 0.51336704876939576 -0.3239392578316429 0.29013434120223403 
1 -0.20650962937048006 -0.1860673051560609 0.16665011632761623 -0.11417904511354147 0.36001501526525748 -0.32244538675574502 

0.42000000000000021 3 0.0434802
1 0.91656632457516551 -0.0080372838253939 0.0071985472318017224 -0.41019857840949758 -0.036791104311189281 0.032951741887909267 
1 -0.70888291309451978 0.19044716129865527 -0.1705729093999952 0.53084517756144245 -0.3347257124055294 0.29979516747148605 
1 -0.20768341148060593 -0.18240987747325491 0.16337436216818141 -0.12064659915195793 0.37151681671671755 -0.33274690935938495 

0.43000000000000022 3 0.0442572
1 0.91240886126715171 -0.0084087034932402646 0.0075312071303317166 -0.42131143654048625 -0.037490003410738194 0.033577706864096057 
1 -0.70348485034043418 0.18704470953214905 -0.16752552295984663 0.54886061879554449 -0.34581752947087235 0.30972948990751592 
1 -0.20892401092668061 -0.17863600603890142 0.15999431582950213 -0.12754918225507667 0.38330753288159736 -0.34330719677160176 

0.44000000000000022 3 0.0450351
1 0.90813974254824581 -0.0087870256168753273 0.0078700491738612974 -0.43253028675062832 -0.038171417361091614 0.034188011366536125 
1 -0.69790375622023815 0.18352971012997052 -0.16437733387432676 0.56745959590165784 -0.35723961480688926 0.31995961522886313 
1 -0.21023598632799273 -0.17474268451309069 0.15650728470045347 -0.13492930915104825 0.39541103216796492 -0.35414762659538968 

0.45000000000000023 3 0.0458181
1 0.90375788954914882 -0.0091720698932661101 0.0082149118750112736 -0.44385893518327024 -0.038834244899709984 0.034781669055742967 
1 -0.6921335412508276 0.17989872420917036 -0.16112526212761422 0.58669394234645866 -0.36901971779060044 0.3305103970061351 
1 -0.21162434829830321 -0.17072665431590098 0.15291035025259123 -0.14283500716320088 0.40785396269029889 -0.36529206606187481 

0.46000000000000024 3 0.046597
1 0.89926218484219922 -0.0095636446718834669 0.0085656235830827605 -0.45530128772421774 -0.039477317162406413 0.035357633045201606 
1 -0.68616756568395565 0.17614801931359814 -0.15776596476672958 0.6066220518032126 -0.38118888674480189 0.34140964349184888 
1 -0.21309461915824227 -0.16658437464171372 0.14920034118363762 -0.15132076407901268 0.42066620390719511 -0.37676727653704667 

0.47000000000000025 3 0.047394
1 0.89465147143342316 -0.0099615462597082531 0.0089220018615898157 -0.46686135209301716 -0.040099393873771032 0.035914792489343962 
1 -0.67999856831319605 0.17227353376638091 -0.15429580397404363 0.62731003495410387 -0.39378201797052359 0.35268860935817881 
1 -0.21465290312022003 -0.16231198750667139 0.14537380211244069 -0.16044868286109235 0.43388141184428619 -0.38860340184752368 

0.48000000000000026 3 0.0482101
1 0.88992455173465479 -0.010365558187773152 0.0092838528313410155 -0.47854323967649548 -0.040699159469530712 0.036451969110560749 
1 -0.67361858245390138 0.16827083496646331 -0.15071080971580628 0.64883313875505755 -0.40683852244740043 0.36438259282334756 
1 -0.21630596928074067 -0.15790527677868876 0.14142695688444759 -0.17028989907857028 0.44753768191692267 -0.40083456193391032 

0.49000000000000027 3 0.0490363
1 0.88508018651907572 -0.010775450438759052 0.0096509704786423411 -0.49035116704947795 -0.041275219194180097 0.036967913704071292 
1 -0.66701883611874713 0.16413507030265034 -0.14700663577858492 0.67127750225235627 -0.42040314162375297 0.37653166630933083 
1 -0.21806135040032407 -0.15335961986388838 0.13735566529992727 -0.18092633520288162 0.46167836081793018 -0.41349958001340031 

0.50000000000000022 3 0.0498571
1 0.88011709386322656 -0.011190978635685855 0.01002313592865086 -0.50228945712051243 -0.041826095232934339 0.037461302673527638 
1 -0.66018963255090368 0.15986090899609462 -0.14317850768083334 0.6947423484019708 -0.43452695390268226 0.38918157789535274 
1 -0.21992746131232158 -0.14866993036040188 0.13315537175216893 -0.19245289128145204 0.47635304913561649 -0.42664288056887756 

0.51000000000000023 3 0.0506771
1 0.8750339480797763 -0.011611883192413255 0.010400116684526594 -0.51436253983242941 -0.042350222957451042 0.037930734668514952 
1 -0.65312020611435806 0.15544247269945505 -0.13922116051442021 0.71934274705394152 -0.44926862755157232 0.40238487347912144 
1 -0.2219137419654113 -0.14383058950703281 0.12882104382988097 -0.20498020722149898 0.49161885050902793 -0.44031560814764165 

0.52000000000000024 3 0.0514989
1 0.869829378645809 -0.012037888427598018 0.010781665833852868 -0.5265749523394494 -0.042845947391424784 0.038374727418981527 
1 -0.64579854694930461 0.15087325203021404 -0.13512876418816969 0.7452131352941781 -0.46469599561176655 0.41620230733567037 
1 -0.22403083169649901 -0.13883536360260856 0.124347098354306 -0.21863818295470847 0.50754194300318956 -0.45457703475465705 

0.53000000000000025 3 0.0527458
1 0.86450196913231869 -0.01246870164497416 0.011167521224895376 -0.53893133857443398 -0.043311520037061318 0.03879171489289187 
1 -0.63821118559171186 0.14614600532671287 -0.1308948327492904 0.77251185544213929 -0.48088805670455248 0.43070463412776011 
1 -0.22629078354059809 -0.13367730368173097 0.1197273115243834 -0.23358051686768055 0.52419957674161277 -0.46949634902065734 

0.54000000000000026 3 0.0542617
1 0.85905025614152264 -0.012904012184462667 0.011557404616733746 -0.5514364481120253 -0.043745096249504317 0.039180044944643708 
1 -0.63034292564207273 0.14125263468424168 -0.12651211335580001 0.80142708053403777 -0.49793754669586454 0.44597491220264657 
1 -0.22870733049943795 -0.12834862249977327 0.1149547087390544 -0.24999063242199185 0.54168264294537283 -0.485154957147301 

0.55000000000000027 3 0.0557826
1 0.85347272825939247 -0.013343490450767324 0.011951020809227515 -0.56409513422675261 -0.044144733407481596 0.039537977676617861 
1 -0.62217650810190794 0.1361840325958292 -0.12197244892123259 0.83218466218442766 -0.51595428680325328 0.46211150230494175 
1 -0.2312962201574546 -0.12284054214505209 0.11002142811199182 -0.26808952795766056 0.56009902021074875 -0.50164947998156451 

0.56000000000000028 3 0.0572965
1 0.84776782503212178 -0.013786786928992352 0.012348056761362624 -0.57691235104106564 -0.044508390210578556 0.039863684809789635 
1 -0.61369218447090157 0.13092989004198405 -0.11726660623132136 0.86505868986429524 -0.53506960499161749 0.47923202757432914 
1 -0.23407564056118382 -0.11714310311298141 0.10491854946994601 -0.28814633882321344 0.57957799520221676 -0.51909571238412011 

0.57000000000000028 3 0.0589805
1 0.84193393597614063 -0.014233531200653644 0.012748180709944535 -0.58989314965823902 -0.044833927545034652 0.040155250459169317 
1 -0.60486716595846268 0.12547845325473997 -0.11238405809109063 0.90038595138221245 -0.5554422679169394 0.49747868645704613 
1 -0.23706677001763965 -0.11124492205407316 0.09963587738113229 -0.31049280172396504 0.6002761954619954 -0.53763393691621897 

0.58000000000000029 3 0.0610285
1 0.83596939963218442 -0.014683330978590254 0.013151041305224719 -0.6030426731823727 -0.045119111513427491 0.040410673847322998 
1 -0.59567490128801603 0.11981621098790493 -0.10731270323026484 0.93858613336617414 -0.57726658200311698 0.51702550838895622 
1 -0.24029449834411151 -0.10513288000929588 0.094161661925031073 -0.33554346018378794 0.62238569351655848 -0.55743618223626135 

0.5900000000000003 3 0.0623026
1 0.82987250267507084 -0.01513577118625983 0.013556266786274361 -0.61636615054800759 -0.045361619438409363 0.040627874681584422 
1 -0.58608411224246237 0.11392748589495243 -0.10203850032321118 0.980190683696335 -0.60078368069375065 0.53808846315788772 
1 -0.24378839043259221 -0.098791714708669348 0.088482233536925789 -0.36382453314829361 0.64614530013218363 -0.57871633783947207 

0.60000000000000031 3 0.0634058
1 0.82364147909162189 -0.015590413116433105 0.013963464227475993 -0.62986888912183714 -0.045559049957451477 0.040804702195355015 
1 -0.57605747840132515 0.10779389071495121 -0.096544980924969229 1.0258851283468913 -0.62629761351317659 0.56093987097920794 
1 -0.24758400069028852 -0.092203477598489306 0.082581516697481094 -0.39601623922500112 0.67185666347064421 -0.60174457317456853 

0.61000000000000032 3 0.0645018
1 0.81727450943796898 -0.01604679371757789 0.014372218899376165 -0.64355626611520789 -0.045708938774158742 0.040938949255680056 
1 -0.56554979948451178 0.10139358912066146 -0.090812587454092361 1.0765729942743631 -0.65419888756407307 0.58592948730311734 
1 -0.25172470995343404 -0.085346795403054967 0.076440368554699573 -0.43301672815913667 0.69990782633827919 -0.62686843655882518 

0.62000000000000033 3 0.0655918
1 0.81076972018865423 -0.016504425075007993 0.01478209380397996 -0.65743371898205527 -0.045808782307202499 0.041028373544287067 
1 -0.55450535405515278 0.094700266202279601 -0.084817751112307799 1.1334758027132876 -0.68499997453463646 0.61351630446239758 
1 -0.25626436613347697 -0.078195841127246021 0.070035657308315374 -0.47604208373119955 0.73080875684191005 -0.65454467800671357 

0.63000000000000034 3 0.0666828
1 0.80412518318487591 -0.016962794181155712 0.015192629468998898 -0.67150673522126836 -0.045856072530435409 0.041070728761911778 
1 -0.54285397348518938 0.087681652788341002 -0.078531570200991843 1.1982961097187743 -0.71939080646874598 0.64431825614112936 
1 -0.26127120969962758 -0.07071885860715528 0.063338940731979723 -0.52678937449735375 0.76524687899922028 -0.68538898490311262 

0.64000000000000035 3 0.0677838
1 0.797338915184438 -0.017421363130078932 0.015603344122056275 -0.68578084244954218 -0.045848348008492829 0.041063810338070855 
1 -0.53050496519588219 0.080297336781512851 -0.071917849856592622 1.2734969994829815 -0.75832926820656188 0.6791932664111151 
1 -0.26683394998852067 -0.062875973651400671 0.056314505734523339 -0.58771615703329361 0.80417761621512796 -0.72025707674924755 

0.65000000000000036 3 0.0691707
1 0.79040887750308431 -0.017879569934635495 0.016013734422584133 -0.70026160046036823 -0.045783269060104777 0.041005522750632448 
1 -0.51733722652966418 0.072495380095809303 -0.06493007202983013 1.3628117451709076 -0.80319651828721927 0.71937836200846628 
1 -0.27307165097331432 -0.05461581016113997 0.048916337607230943 -0.66255014471047968 0.84897978734759461 -0.76038388475931895 

0.66000000000000036 3 0.0705268
1 0.78333297571189886 -0.018336830267976709 0.016423277021586438 -0.71495459870362532 -0.045658730324786567 0.040893980345528491 
1 -0.5031821165423418 0.064206815800547226 -0.057506466884179493 1.4722489036233295 -0.85608097256930638 0.76674402063743541 
1 -0.28015085916937221 -0.045869985532536739 0.0410831898625749 -0.75729430491967065 0.9017397028945251 -0.80763800098321825 

0.67000000000000037 3 0.0718768
1 0.77610905930541663 -0.018792540610327851 0.016831431380038779 -0.72986546641375116 -0.045473034594927304 0.040727663028480798 
1 -0.48779123548086739 0.055336101494377017 -0.049561462415007224 1.6122893454620535 -0.92034052549536183 0.8242977212260657 
1 -0.28831782382449406 -0.036543560884015044 0.032730031034951687 -0.88242387904849673 0.96581356009062092 -0.86502538425478348 

0.68000000000000038 3 0.0736198
1 0.76873492114270647 -0.019246083621163743 0.017237644580428493 -0.74499991210196304 -0.045225175152798773 0.040505669138527871 
1 -0.47076857276944573 0.045743113633472159 -0.040969557772698957 1.8034232236697896 -1.0018351943235828 0.89728795467303213 
1 -0.29796634837330299 -0.026497030012235308 0.023731913192249751 -1.0584233115678414 1.0470603694762277 -0.93779362381206699 

0.69000000000000039 3 0.0768819
1 0.76120829618203378 -0.019696837278985933 0.017641359512772219 -0.76036383752344117 -0.04491533393205363 0.040228161623518159 
1 -0.45140176028984197 0.035205219133121156 -0.031531352909922851 2.0934126318988548 -1.1120024171321432 0.99595859689657162 
1 -0.30980653589209606 -0.015508381854069494 0.013889993397135213 -1.3330487943743781 1.1569177510645023 -1.0361867585205011 

0.7000000000000004 3 0.0817609
1 0.7535268581533604 -0.020144191171458992 0.018042029464601653 -0.77596368433806973 -0.044545897818839775 0.039897278284170119 
1 -0.42810782491410826 0.023325896194365946 -0.020891705348222909 2.6349231559397772 -1.2763844699148486 1.143186441118313 
1 -0.32541903323800742 -0.0031817050230195294 0.0028496758834969577 -1.8589594716008582 1.3209303677316577 -1.183083719401903 

0.71000000000000041 3 0.25519
1 0.74568820865238328 -0.020587579787042103 0.018439147939023182 -0.79180798238466998 -0.044124282947486451 0.039519661339088082 
1 -0.39498861000643481 0.0094122446017120259 -0.008430022977367127 4.5639701113134619 -1.4784877942594519 1.3241991261995287 
1 -0.35069959864500355 0.011175335185165272 -0.010009124961764381 -3.7721621289183589 1.5226120772027629 -1.3637187875415206 

0.72000000000000042 3 5.30452
1 0.73768977582217876 -0.021026572347046617 0.01883232911136935 -0.80793181702206951 -0.043669863564731834 0.039112663221242711 
1 -0.36411569887689871 0.032129399909049561 -0.028776513035743592 -0.67797162387602206 2.8795874229943177 -2.5790859851066652 
1 -0.37357407694479516 -0.011102827562194877 0.0099441839242838028 1.4859034408997054 -2.835917559425873 2.5399733218953187 

0.73000000000000043 3 5.39576
1 0.72952853239869964 -0.021460917869053801 0.01922134819074733 -0.82436910577294553 -0.043198482164685324 0.038690473169644808 
1 -0.37136616958933333 0.054637556079365095 -0.048935814214337479 -0.70415835991403941 1.856023918232639 -1.6623371936328588 
1 -0.35816236280885844 -0.033176638210645489 0.029714466023378662 1.528527465692354 -1.8128254360642397 1.6236467204580782 

0.74000000000000044 3 5.40091
1 0.72120131647036734 -0.021890555902849353 0.019606151035187515 -0.84112973254778345 -0.04273101286168092 0.03827178696553455 
1 -0.37795763871483995 0.071130377068194667 -0.063707514884884409 -0.61484189841976866 1.4843626945373378 -1.3294609469937104 
1 -0.34324367775302955 -0.049239821165384799 0.044101363849366353 1.4559716309788604 -1.4416316816719623 1.2911891600208365 

0.75000000000000044 3 5.40388
1 0.71270478632009404 -0.022315595480443449 0.019986835298761007 -0.85823584800037522 -0.042280668986034428 0.0378684390523416 
1 -0.38370437055137435 0.084830224206838389 -0.075977704521263859 -0.53679003127849156 1.2713798672236452 -1.1387040973826141 
1 -0.32900041576684702 -0.062514628726695443 0.055990869221928988 1.3950258792865169 -1.2290991982375843 1.100835658321067 

0.76000000000000045 3 5.40528
1 0.70403536727959737 -0.022736261069209368 0.020363602024351425 -0.87571168614072081 -0.041857830924351115 0.03748972656382378 
1 -0.38873446961697605 0.096779933299467866 -0.086680393038749318 -0.47100902087479468 1.1264977514376635 -1.0089412600624865 
1 -0.31530089766056374 -0.07404367223056274 0.066316791013734125 1.3467207070231042 -1.0846399205138058 0.97145153348972302 

0.77000000000000046 3 5.4067
1 0.695189234110698 -0.023152875082471578 0.020736739979539377 -0.89358312927077799 -0.041471880626075104 0.037144052389367611 
1 -0.39315513744469976 0.10748128319378585 -0.096264995789155858 -0.41443363360355834 1.0184374963207257 -0.91215771138617119 
1 -0.30203409666378805 -0.084328408111631115 0.075528255808840303 1.3080167628821431 -0.97696561569484197 0.87501365898774397 

0.78000000000000047 3 5.40813
1 0.68616229403113249 -0.023565852057248066 0.021106620442038974 -0.91187783837468994 -0.041131949322137824 0.036839594863661757 
1 -0.39704577483740161 0.11722356772740058 -0.10499061714142863 -0.36467261918113669 0.93304385088640196 -0.83567538186913748 
1 -0.28911651919134995 -0.093657715670463881 0.083883996698525726 1.2765504575636943 -0.89191190156444944 0.79883578699632207 

0.79000000000000048 3 5.40954
1 0.6769501677883426 -0.02397569844040482 0.021473697008084339 -0.93062549046909171 -0.040847345807311919 0.036584691355424852 
1 -0.40046571586644941 0.12619241208502921 -0.11302351122929251 -0.32006578498859234 0.86282194787235511 -0.77278153656831383 
1 -0.27648445191936721 -0.10221671364494515 0.091549814220237641 1.2506912754657 -0.82197460206532769 0.73619684520375006 

0.80000000000000049 3 5.41064
1 0.66754816811414752 -0.024383015963448815 0.021838508615049993 -0.94985806206580692 -0.040627864258605609 0.036388113963213592 
1 -0.40346037037362792 0.13451573136758996 -0.12047824448032965 -0.27945360533625013 0.80336864095434224 -0.71953252269322399 
1 -0.26408779773793889 -0.11013271540446569 0.09863973586421533 1.2293116674100981 -0.76274077669601059 0.68314440872086435 

0.8100000000000005 3 5.41173
1 0.65795127515358809 -0.024788507826932552 0.022201685080486564 -0.96961015101322945 -0.040484046405030664 0.036259304326249284 
1 -0.40606530991102507 0.14228629334785334 -0.12743790381899492 -0.24200514079773222 0.75189738622285174 -0.67343258814889939 
1 -0.25188596523989809 -0.11749778552125578 0.10523621873735968 1.2116152918189296 -0.71141333981805621 0.63717328381351079 

0.82000000000000051 3 5.41284
1 0.64815410846795329 -0.025192987436716906 0.02256395492669247 -0.98991934085854083 -0.040427434158877847 0.036208599892178138 
1 -0.40830896177699433 0.14957400842559707 -0.13396510409448534 -0.20710813396970745 0.70654304157264414 -0.63281122908976628 
1 -0.23984514668819271 -0.12438102098921348 0.11140114916656009 1.1970274748362186 -0.66611560741408316 0.59660262918845641 

0.83000000000000052 3 5.41394
1 0.63815089514876577 -0.025597389713068297 0.022926155509651536 -1.0108266159465966 -0.040470834595423479 0.036247471244633026 
1 -0.41021442274733894 0.15643315695333557 -0.14010846119369683 -0.17429960332070268 0.66600120161276533 -0.59650016229711278 
1 -0.22793647239861067 -0.13083576724060184 0.11718230568272553 1.1851262192752106 -0.62553036701766818 0.5602526910433937 

0.84000000000000052 3 5.41504
1 0.62793543348352177 -0.026002785181511737 0.023289245639418584 -1.0323768379451064 -0.040628613906114483 0.036388785380711844 
1 -0.41180071263635115 0.16290689772509404 -0.1459066300433419 -0.14322117799821998 0.62932677363057832 -0.56365292089505981 
1 -0.21613472084422461 -0.13690411254390605 0.12261738440251015 1.1755980159512298 -0.58869815972474016 0.52726413550532647 

0.85000000000000053 3 5.41612
1 0.61750105149525636 -0.026410397212131453 0.023654321020407029 -1.0546192968984567 -0.040917035740081688 0.036647108744626108 
1 -0.41308366309139655 0.1690302155153928 -0.15139094455638871 -0.1135896016537517 0.59581470539424408 -0.53363802888982104 
1 -0.20441738840084361 -0.14261981830360057 0.12773662353447909 1.1682088985601184 -0.55489766965443577 0.49699092013618229 

0.86000000000000054 3 5.41767
1 0.60684055953418092 -0.026821622932181509 0.024022632981639546 -1.0776083527896063 -0.041354660468712022 0.037039064826712667 
1 -0.4140765625015651 0.17483192314804571 -0.15658721077347498 -0.085176733242017716 0.56492590753161565 -0.50597265397234548 
1 -0.19276399702951796 -0.14801030021620218 0.13256457779024228 1.1627850860395332 -0.52357124706317204 0.4689335891366207 

0.87000000000000055 3 5.41921
1 0.59594619592078613 -0.027238058515264195 0.024395611126862914 -1.1014041872238294 -0.041962824807713552 0.037583763734211781 
1 -0.41479063357730189 0.18033606513344339 -0.16151696402263993 -0.057795644831134835 0.53623938147277894 -0.48027973118436562 
1 -0.18115556234032024 -0.15309800661851963 0.13712135289409325 1.1591998320628891 -0.49427655666532111 0.44269596744115719 

0.88000000000000056 3 5.42078
1 0.58480956442289556 -0.027661529766495989 0.024774890727972714 -1.1260736895109646 -0.042766225900095496 0.038303325321829035 
1 -0.4152353933282269 0.1855629283016402 -0.16619837408704538 -0.031290732889055019 0.50942022377879259 -0.45625930617869603 
1 -0.16957417109143458 -0.1579013985354884 0.14142348335730087 1.1573644224079411 -0.46665399787896888 0.41795598084787172 

0.89000000000000057 3 5.42243
1 0.57342156207646577 -0.028094129195958405 0.025162345929641398 -1.1516915074346989 -0.043793640733668655 0.039223523533902058 
1 -0.41541892853891066 0.19052978609353852 -0.17064691182512312 -0.0055305343047659964 0.48419761302294423 -0.43366881929534895 
1 -0.15800263353425034 -0.16243565689792733 0.14548456589362119 1.1572220417473815 -0.44040397228954836 0.3944452957524589 

0.90000000000000058 3 5.42404
1 0.56177229552049779 -0.028538261126445547 0.025560130149810973 -1.1783413007884089 -0.045078821286910591 0.040374588136669498 
1 -0.41534810927814958 0.19525145736500069 -0.17487584966025824 0.01959759528930621 0.46034927629355343 -0.41230919307387104 
1 -0.1464241862389635 -0.16671319623890543 0.14931571950849928 1.1587437055070109 -0.41527045500691429 0.37193460492821395 

0.91000000000000059 3 5.42562
1 0.54985098358678275 -0.028996696848242597 0.025970725478754855 -1.2061172458936751 -0.046661619100842981 0.041792211934633498 
1 -0.41502875610255008 0.19974073287872138 -0.17889664356581267 0.044191495909056515 0.4376902787306895 -0.39201479166600395 
1 -0.13482222748076586 -0.17074403603083244 0.15292591808502393 1.1619257499925253 -0.39102865963011424 0.35022257972237741 

0.9200000000000006 3 5.42649
1 0.53764584334000176 -0.029472642458660263 0.026397003439169005 -1.2351258525732574 -0.048589411635834197 0.043518828278858453 
1 -0.41446577203937551 0.2040087053678632 -0.18271922868472174 0.068337283990253961 0.41606476677040255 -0.37264602571971189 
1 -0.1231800712970811 -0.17453606290955762 0.15632222524342862 1.1667885685908819 -0.36747535513482599 0.32912719743185676 

0.9300000000000006 3 5.42732
1 0.52514395606566855 -0.029969822871907571 0.026842300229133989 -1.2654881724676934 -0.050918929172029143 0.045605247319883885 
1 -0.41366324732340581 0.20806502793333492 -0.18635225076153367 0.092111756211870982 0.39533977147185045 -0.35408380236460052 
1 -0.11148070873864513 -0.17809520506178375 0.15950995053018796 1.1733764162636817 -0.34442084230008646 0.30847855503571925 

0.94000000000000061 3 5.42817
1 0.51233110880510568 -0.030492586649874202 0.027310510613203578 -1.2973425005724362 -0.053718618778468209 0.048112773283126194 
1 -0.41262454270735777 0.21191811819276521 -0.18980324898727099 0.1155842959764429 0.37540047411352406 -0.33622528487025988 
1 -0.099706566094040452 -0.18142553154324653 0.16249273837176442 1.1817582046038586 -0.32168185533532417 0.28811251157813783 

0.95000000000000062 3 5.429
1 0.49919160587264561 -0.031046037926114559 0.027806206079366142 -1.3308477023177681 -0.057071736606964331 0.051115974064179864 
1 -0.41135235564488154 0.21557532063280313 -0.19307880140934902 0.13881841037460074 0.3561465248607264 -0.31898059548191288 
1 -0.087839250223980384 -0.18452928270704988 0.16527259532758726 1.1920292919510316 -0.299074788254028 0.26786462140873346 

0.96000000000000063 3 5.42981
1 0.48570804327480943 -0.031636203983946592 0.028334784929409603 -1.3661873389064596 -0.061080440234345917 0.054706346511712814 
1 -0.40984877255495672 0.21904303618157106 -0.19618464098237651 0.16187298999423602 0.33748912819672305 -0.30227020500348667 
1 -0.07585927071599563 -0.18740683219798634 0.16784985605048072 1.2043143489201131 -0.27640868796263895 0.24756385848277454 

0.97000000000000064 3 5.43059
1 0.47186103696849319 -0.032270250326906953 0.028902664905542212 -1.4035748171426079 -0.065871272965360925 0.05899722841195687 
1 -0.40811530958420211 0.22232682558982231 -0.19912574816091852 0.18480335913807847 0.31934869032141627 -0.28602282570374271 
1 -0.063745727380343287 -0.19005657526327729 0.17022308325280669 1.2187714580124129 -0.25347741735632762 0.22702559728278313 

0.98000000000000065 3 5.43137
1 0.45762889329691603 -0.032956759847254997 0.029517533226065686 -1.4432598604206932 -0.071602614638980752 0.064130471760706284 
1 -0.40615294370152577 0.22543149145325958 -0.20190642436232167 0.20766216623817416 0.30165287851009714 -0.27017367319200508 
1 -0.051475949591363895 -0.19247473160636847 0.17238889113359609 1.2355976941904123 -0.23005026387139102 0.20604320142229371 

0.99000000000000066 3 5.43215
1 0.44298720653786589 -0.033706099752557922 0.030188675221068079 -1.4855366887380763 -0.078474956229880585 0.070285645151292958 
1 -0.4039621355305073 0.22836114240575114 -0.20453034946098284 0.23050015104382882 0.28433497949886899 -0.25466299611550131 
1 -0.039025071003251866 -0.19465504265356007 0.17434167423716176 1.2550365377021473 -0.205860023269265 0.18437735095520985 

1.0000000000000007 3 5.43294
1 0.42790836406891219 -0.034530910543537498 0.030927412282633102 -1.5307544095256287 -0.086745302278410014 0.077692933228512298 
1 -0.40154284501324033 0.23111924201713357 -0.20700062558339002 0.25336681473746653 0.26733246894828372 -0.23943479490766309 
1 -0.026365519051484879 -0.19658833147397034 0.17607321329791142 1.2773875947960771 -0.18058716667015071 0.16174186167015653 

1.0100000000000007 3 5.43398
1 0.41236093398782331 -0.035446767690977266 0.031747694491973587 -1.5793302525417128 -0.096747726808501272 0.086651547478780969 
1 -0.3988945407834984 0.23370864413802742 -0.2093198087644963 0.27631101005628933 0.25058572047676209 -0.22443566554129152 
1 -0.013466393200083117 -0.19826187644742166 0.17757211426959393 1.3030192424933122 -0.15383799366852899 0.13778411805351573 

1.0200000000000007 3 5.43501
1 0.39630890305253985 -0.036473092375447616 0.032666916318248931 -1.6317664044659947 -0.1089233023982342 0.097556532030804305 
1 -0.39601620400145293 0.23613161577423925 -0.21148992943509493 0.29938145934855354 0.23403679288916543 -0.20961371331675299 
1 -0.00029269904675723599 -0.19965852339918377 0.17882301311383006 1.3323849451252565 -0.12511349049118942 0.11205718127695445 

1.0300000000000007 3 5.43607
1 0.3797107249632064 -0.03763442907674585 0.033707060884234682 -1.6886712274516702 -0.12386464988415025 0.11093866434311775 
1 -0.39290632737549092 0.23838984798952706 -0.21351250218673984 0.32262719753557584 0.21762823947256849 -0.19491748641460993 
1 0.013195602416696055 -0.20075541891318058 0.17980544129939116 1.3660440299239769 -0.093763589588677115 0.08397882206250265 

1.0400000000000007 3 5.43709
1 0.36251813223411017 -0.038962276307873786 0.034896339652719363 -1.7507853417325372 -0.14238389844082969 0.12752532326016536 
1 -0.38956291019779982 0.24048445478358468 -0.21538852476686965 0.34609792162684033 0.20130188455981518 -0.18029488013171507 
1 0.027044777968188341 -0.20152217847611187 0.18049218511094264 1.4046874201135302 -0.058917986119253578 0.05276955686256507 

1.0500000000000007 3 5.43818
1 0.34467466524193824 -0.040497773386445959 0.036271598817934549 -1.8190117656840896 -0.16561922237800925 0.14833590808457736 
1 -0.38598345051519173 0.24241595933799948 -0.2171184657600907 0.36984420449414235 0.18499751089947555 -0.16569196123165852 
1 0.041308785277833208 -0.2019181859519637 0.18084686693886989 1.4491675611977328 -0.019378288521736658 0.017356053138100267 

1.0600000000000007 3 5.43923
1 0.32611389668730867 -0.042295750804294784 0.037881946995898079 -1.8944452713011304 -0.19520696504575219 0.17483600036711863 
1 -0.38216493616087449 0.24418426644319091 -0.21870223989248697 0.39391749046206265 0.16865139834117304 -0.1510516591266588 
1 0.056051039478221043 -0.20188851563931595 0.18082029289320695 1.5005277808468005 0.026555566704311223 -0.023784341249437749 

1.0700000000000007 3 5.44028
1 0.30675742652217924 -0.044431022846999124 0.039794391173054638 -1.9783844248424007 -0.23356904919581301 0.20919478135097602 
1 -0.37810383751713461 0.24578861931723953 -0.22013916935665431 0.41836971973802645 0.15219465397979451 -0.13631227028078982 
1 0.071346410999696366 -0.20135759647067672 0.18034477818013583 1.5600147051121229 0.081374395215753639 -0.072882511079156248 

1.0800000000000007 3 5.44132
1 0.2865130260422693 -0.047008495889667441 0.042102890143511297 -2.0722763306187337 -0.28440998534849027 0.25473017466928644 
1 -0.37379610698444177 0.24722753847587725 -0.22142792906098924 0.44325230044490221 0.13555128708824948 -0.12140573403447702 
1 0.087283080946976219 -0.20021904258665316 0.17932503891393173 1.6290240301815611 0.14885869825997519 -0.13332444064376658 

1.0900000000000007 3 5.44266
1 0.26527421139661633 -0.050180001926865322 0.044943431363712844 -2.1774463978234522 -0.35360637460084871 0.31670552444158978 
1 -0.36923719401718474 0.24849874007070061 -0.22256647348973382 0.46861390720573681 0.11863603874949603 -0.10625568872694716 
1 0.10396298262539461 -0.19831873814426029 0.17762304212238836 1.7088324906253165 0.23497033585108087 -0.21044983572357354 

1.1000000000000008 3 5.44375
1 0.24292521167257158 -0.05417335641092403 0.048520056438933805 -2.2941693257110232 -0.45084046946962347 0.40379268468786556 
1 -0.36442209183730911 0.24959903195956384 -0.22355194361908523 0.49449612816915167 0.1013521591152354 -0.090775480910598949 
1 0.12149688016963683 -0.19542567554906259 0.17503188717642196 1.7996731975494595 0.34948831035412958 -0.31301720378621661 

1.1100000000000008 3 5.44516
1 0.21936351595617284 -0.059343880983720607 0.053151007162918811 -2.4187049082976335 -0.59257744965807624 0.53073859931943468 
1 -0.35934544560501142 0.25052418994904363 -0.2243805560743416 0.52092511505114147 0.083589870381483036 -0.074866788723946476 
1 0.13998192965384895 -0.19118030896573324 0.17122954890763098 1.8977797932536946 0.50898757927628868 -0.4558718106043893 

1.1200000000000008 3 5.44658
1 0.19457795565696423 -0.066264673411259523 0.059349575267880664 -2.5339809417589567 -0.806783564131484 0.7225910790700325 
1 -0.35400177726049481 0.25126883056422533 -0.22504748917713768 0.54789587926314132 0.065227832707768524 -0.05842093483378475 
1 0.15942382160859553 -0.18500415715339921 0.16569791390533711 1.9860850625028545 0.74155573142350184 -0.66417014424517828 

1.1300000000000008 3 5.4484
1 0.16889724905835346 -0.075859485390201389 0.067943113670940039 -2.5819079497929551 -1.1347642522273638 1.0163451041414338 
1 -0.34838592465144863 0.25182633822022632 -0.2255468177166699 0.57534431216246118 0.046144294080417959 -0.041328872746179753 
1 0.1794886755981964 -0.17596685283052108 0.15760370404180474 2.0065636376379539 1.0886199581470615 -0.97501623140403959 

1.1400000000000008 3 5.45063
1 0.14367084102035943 -0.089419151298136351 0.08008775079039572 -2.4065044389471217 -1.5948214440807764 1.4283926934494535 
1 -0.34249382750838592 0.25218901483051065 -0.22587164694560774 0.60310762544069729 0.026254080285747473 -0.023514316664560792 
1 0.1988229864935111 -0.16276986353281908 0.14578389615098319 1.8033968135180329 1.5685673637969362 -1.4048783767938526 

1.1500000000000008 3 5.47276
1 0.12222487854102347 -0.10771143743103347 0.096471132112320196 -1.8095950670218242 -2.0323544171401098 1.8202665951774117 
1 -0.33632361580202208 0.25234880910898821 -0.22601476577593252 0.63091865317158635 0.0055870633370422923 -0.0050040212864459 
1 0.21409873726648851 -0.14463737167818883 0.12954363365948843 1.1786764138634833 2.0267673538025175 -1.8152625739004171 

1.1600000000000008 3 5.5055
1 0.10826019853536543 -0.12895922552739675 0.11550159184264994 -0.99000991152184536 -2.1551854924966731 1.930279544411956 
1 -0.32987606720984897 0.25229879754041351 -0.22596997320088655 0.65855647883779855 -0.015666772799250946 0.014031855336529214 
1 0.22161586868032113 -0.12333957201336705 0.11046838135422271 0.33145343269780492 2.1708522652972015 -1.9443113997565939 

1.1700000000000008 3 5.50759
1 0.10167063230067472 -0.149905587390529 0.13426208089352193 -0.37797196973249164 -2.009190903021004 1.7995203264042758 
1 -0.32315293490012709 0.25203423608815362 -0.22573302025099951 0.68606760275405954 -0.037297452540650186 0.033405249776448924 
1 0.22148230260570387 -0.10212864869730533 0.091470939353260103 -0.30809563300772963 2.0464883555647759 -1.8329255761857828 

1.1800000000000008 3 5.5097
1 0.099806250495258361 -0.16894519175051856 0.15131479350577459 -0.030491470116853572 -1.7983986142029398 1.6107254200541006 
1 -0.31615423504076196 0.25155184972247535 -0.22530097366493779 0.7137242531855954 -0.059231916767883593 0.053050727051435043 
1 0.21634798455153276 -0.082606657971957292 0.073986180155095768 -0.68323278305445123 1.8576305309757186 -1.6637761471079384 

1.1900000000000008 3 5.51144
1 0.10052803860440443 -0.1859444596845431 0.16654009048232571 0.15561486449720477 -1.6067805102405295 1.4391037625650243 
1 -0.30887684796641901 0.25084842449745687 -0.22467095489045327 0.74186116558623594 -0.081520360993638089 0.07301324448492591 
1 0.20834880936820607 -0.064903964812956183 0.058130864404018406 -0.89747603006919907 1.6883008712396534 -1.5121170070522567 

1.2000000000000008 3 5.51316
1 0.10263642207565775 -0.20119120766645177 0.18019575299991675 0.25587348295166529 -1.447837412859768 1.296747287604328 
1 -0.30131430183371993 0.24991988309267679 -0.22383931209860244 0.77081096893469048 -0.10427773055615853 0.093395752210949395 
1 0.19867787976439955 -0.048728675426194433 0.043643559094631912 -1.0266844518722247 1.5521151434218285 -1.3901430398169832 

1.2100000000000009 3 5.51449
1 0.10549368489005385 -0.21499628753794564 0.19256019373027322 0.3099712337852949 -1.3173847425340137 1.1799081004804846 
1 -0.29345681521195677 0.24876080821117433 -0.22280119331855372 0.80090535833913368 -0.12765450791754726 0.11433302898491361 
1 0.18796313032836129 -0.033764520673095162 0.030240999584206073 -1.1108765921102222 1.4450392504575924 -1.2942411294668899 

1.2200000000000009 3 5.51616
1 0.10875041491465673 -0.22761267630377358 0.20385999007905159 0.33814109856688984 -1.2091076589488925 1.082930350629745 
1 -0.28529121974277682 0.24736413577794264 -0.2215502716519871 0.83249354783243146 -0.15182946608117256 0.13598519182354413 
1 0.17654080483471282 -0.019751459474019004 0.017690281568877936 -1.1706346463851707 1.3609371250362052 -1.2189155424548634 

1.2300000000000009 3 5.51877
1 0.11220622961952216 -0.23923467858994571 0.21426916987181985 0.35107818864978629 -1.1177475636631222 1.0011042044718996 
1 -0.27680067451758389 0.24572086120553463 -0.2200784821916375 0.86596484903720372 -0.17701309057381823 0.15854076088354987 
1 0.16459444490475103 -0.0064861826153452696 0.0058093123157447824 -1.2170430376728649 1.2947606542430998 -1.159644965357024 

1.2400000000000009 3 5.52083
1 0.11574124827367936 -0.250010798744701 0.22392074017760233 0.3547174919372213 -1.0393739132759197 0.93090929331908923 
1 -0.26796413718005524 0.24381967801369736 -0.21837569835323956 0.90177511824184464 -0.20345738238983124 0.18222543941238237 
1 0.15222288891320843 0.0061911207313009066 -0.0055450418284476548 -1.256492610165006 1.2428312956719196 -1.1131347327330965 

1.2500000000000009 3 5.52295
1 0.11928123278727742 -0.26005577908072763 0.23291746929172658 0.35250940839176481 -0.97111204980664856 0.86977094621296647 
1 -0.25875553779889454 0.24164648897937238 -0.21642929403969094 0.94048051391981113 -0.23147171069653555 0.20731631213315743 
1 0.1394743050186078 0.01840929010171739 -0.016488175256122669 -1.292989922297537 1.2025837605093401 -1.0770872583476694 

1.2600000000000009 3 5.52508
1 0.12277899405280962 -0.26945964772622705 0.24133999039162171 0.34654361321516386 -0.91085029996585321 0.81579785506451485 
1 -0.24914255557243356 0.23918372084513012 -0.21422352986361198 0.98278438594532402 -0.26144677849306913 0.23416330994964413 
1 0.1263635615267498 0.030275926881524143 -0.02711646053211629 -1.3293279991464437 1.1722970784651026 -1.0499611650156324 

1.2700000000000009 3 5.52623
1 0.12620399748090397 -0.27829416989622469 0.24925257958114619 0.3381305831717108 -0.85701655267305921 0.76758196758738573 
1 -0.23908482333225164 0.2364093409804025 -0.21173867242560621 1.0296068846782689 -0.29389130481174475 0.26322206414990207 
1 0.11288082585860362 0.041884828916304295 -0.037513907159684487 -1.3677374678359977 1.1509078574909977 -1.0308040317387743 

1.2800000000000009 3 5.52734
1 0.12953630026046609 -0.28661740993207813 0.25670724185515842 0.32811665489152331 -0.80842115817381743 0.7240577807916817 
1 -0.2285312563303192 0.23329540961819412 -0.2089496976333465 1.0821942535726072 -0.3294901963279227 0.29510600747556465 
1 0.098994956077241528 0.05332200031442115 -0.047757544225965697 -1.4103109084502035 1.1379113545079009 -1.0191637882687226 

1.2900000000000009 3 5.52844
1 0.13276288140775033 -0.29447698058050226 0.26374662129761051 0.31706207716904622 -0.76414857181217855 0.68440529234933989 
1 -0.21741596520918507 0.22980587737773875 -0.20582431806541146 1.1423000672468131 -0.36920121303314773 0.33067295217836856 
1 0.084653083808961208 0.064671103203374519 -0.057922303236357497 -1.4593621444019844 1.1333497848514777 -1.0150782445291673 

1.3000000000000009 3 5.52953
1 0.13587534803508217 -0.30191238670232523 0.27040610021081107 0.3053455214966479 -0.72348241776169053 0.64798288435379903 
1 -0.20565174439292508 0.22589309010205108 -0.20231985254898557 1.2125045043432665 -0.41442509044196379 0.37117745900049914 
1 0.069776396365498122 0.076019296600931138 -0.068086247665997676 -1.5178500258260361 1.1379075082097627 -1.0191603433557057 

1.3100000000000009 3 5.53095
1 0.13886846230611835 -0.30895673949463404 0.27671533444880358 0.29322754839974707 -0.68585303752914029 0.61428034543781984 
1 -0.19311912081168317 0.22149193081236232 -0.19837797943496852 1.2968192044278133 -0.46732711354863143 0.41855885304744861 
1 0.054250658513336464 0.087464808682960693 -0.078337355018103086 -1.5900467528136437 1.1531801510836039 -1.0328391984866894 

1.320000000000001 3 5.53236
1 0.14173917407405426 -0.31563802667716828 0.28269939105260072 0.28089037434017106 -0.65080013671220382 0.58288541555585827 
1 -0.1796465640221572 0.21650927001377918 -0.19391528782448925 1.4019446204832928 -0.53150365411624489 0.47603820409397091 
1 0.037907389956056629 0.099128756664164611 -0.08878410323242128 -1.6828349948097441 1.1823037908342824 -1.0589236196511518 

1.330000000000001 3 5.53417
1 0.14448597492053497 -0.3219800632012349 0.28837959974699118 0.26846357829842266 -0.61794556513867649 0.55345940667187754 
1 -0.16497103987757014 0.21080301610834712 -0.18880451419162053 1.5402329295504202 -0.61354735558826046 0.54952017548696364 
1 0.020485064965036472 0.11117704709394259 -0.09957508555975364 -1.8086965078351716 1.2314929207322294 -1.1029795821597319 

1.340000000000001 3 5.53597
1 0.14710846344283807 -0.32800320556968099 0.29377419271705252 0.25604136571976538 -0.5869727637236859 0.52571879445419389 
1 -0.14864742272391634 0.20413421634747539 -0.18283164187535372 1.7380646238162378 -0.72745285297395257 0.65153898193140303 
1 0.0015389592892340669 0.12386898922330308 -0.11094255084598049 -1.9941059895223823 1.3144256167027186 -1.1772577763871803 

1.350000000000001 3 5.5382
1 0.14960705642420852 -0.33372488225824976 0.29889877967693929 0.24369499371479242 -0.55761006981753303 0.49942026580744991 
1 -0.12978757679578939 0.19602988430373566 -0.17557304329080045 2.0677431821710011 -0.91129012827259659 0.81619178479501986 
1 -0.019819479620270766 0.13769499795572579 -0.12332573639099731 -2.3114381758692311 1.4689001980976963 -1.3156120506036504 

1.360000000000001 3 5.59601
1 0.15198281326100183 -0.33915996213094002 0.30376667783978484 0.23148367828670371 -0.52961407822370998 0.47434581625863986 
1 -0.10587600528583138 0.18516631607896131 -0.16584315062162638 2.8775612950618137 -1.346099886146648 1.2056266544820542 
1 -0.046106807966807495 0.15399364605291097 -0.13792352722324641 -3.1090449733315757 1.8757139643762577 -1.6799724707407555 

