0 3 0
1 1 0 0 0 0 0 
1 -0.54879489832906703 -0.48107074128899541 0.036348463262602083 0 0 0 
1 -0.45120510167093297 0.48107074128899541 -0.036348463262602083 0 0 0 

0.01 3 0.00890303
1 0.99996157132811592 1.0904876084785233e-06 -8.2394428455362392e-08 -0.0076858631532519903 0.00021809589395436742 -1.6478762703139246e-05 
1 -0.54877140746716235 -0.48101236280677667 0.03634405233519758 0.0046982831414913865 0.011676129413740003 -0.00088221819499464873 
1 -0.45119016386095467 0.48101127231916901 -0.036343969940769057 0.0029875800117606112 -0.011894225307694377 0.00089869695769778895 

0.02 3 0.00989294
1 0.99984627758505984 4.3618527218629178e-06 -3.295703309511174e-07 -0.015373271923509513 0.00043617223753721952 -3.2956048230678268e-05 
1 -0.54870092823457262 -0.48083720137521907 0.036330817589632018 0.0093978958671739506 0.023357456926467006 -0.0017648291449291534 
1 -0.45114534935049366 0.48083283952249994 -0.036330488019300951 0.0059753760563354928 -0.023793629164004189 0.0017977851931598396 

0.029999999999999999 3 0.0107558
1 0.99965409558037843 9.8138017256618268e-06 -7.4150552273429703e-07 -0.023063773583144816 0.00065420938464356895 -4.9430372173642856e-05 
1 -0.54858344067808895 -0.48054517897243293 0.03630875313077276 0.014100170280405493 0.035049194082833496 -0.0026482266206631576 
1 -0.45107065490229575 0.48053536517071077 -0.03630801162524986 0.0089636033027392283 -0.035703403467477031 0.0026976569928368176 

0.040000000000000001 3 0.0113437
1 0.99938498663569564 1.7445843665254804e-05 -1.3181629085412399e-06 -0.030758918719337662 0.00087218749726467872 -6.5900235623308275e-05 
1 -0.54841891150033428 -0.48013616533753256 0.036277849116443744 0.018806443536455355 0.04675657940408106 -0.0035328064313377115 
1 -0.45096607513536613 0.48011871949386958 -0.036276530953534801 0.011952475182882153 -0.047628766901345432 0.0035987066669610286 

0.050000000000000003 3 0.0119166
1 0.99903889654324318 2.7257287842536414e-05 -2.0594903010062297e-06 -0.038460262901681162 0.0010900864484414457 -8.2364117838604881e-05 
1 -0.54820729399646095 -0.47960997763253815 0.036238091731879057 0.023518060402556915 0.058484892090472189 -0.0044189674596957149 
1 -0.45083160254678689 0.47958272034469784 -0.036236032241577697 0.014942202499124133 -0.059574978538913373 0.0045013315775343067 

0.060000000000000005 3 0.0124805
1 0.99861575550766379 3.9247240435860632e-05 -2.9654201652732082e-06 -0.046169368362078418 0.0013078857238962114 -9.8820468813673435e-05 
1 -0.54794852796507654 -0.47896637996602637 0.036189463153732046 0.02823637585929268 0.070239465983489763 -0.0053071127170295409 
1 -0.45066722754258981 0.4789271327255924 -0.036186497733566428 0.017932992502785631 -0.071547351707385687 0.0054059331858431836 

0.070000000000000007 3 0.0130424
1 0.99811547807089207 5.3414600127808254e-05 -4.035869288641188e-06 -0.053887805691103956 0.0015255643218891808 -0.0001152677017112735 
1 -0.54764253959286613 -0.47820508277548912 0.036131941503406782 0.032962757757797105 0.082025703879113038 -0.0061976504246553533 
1 -0.4504729384780265 0.47815166817536325 -0.036127905634117871 0.020925047933306764 -0.08355126820100206 0.0063129181263665872 

0.080000000000000002 3 0.0136046
1 0.99753796302003594 6.975805272071071e-05 -5.2707383737271104e-06 -0.061617155555078296 0.0017431006508342975 -0.00013170418512690541 
1 -0.54728924131232437 -0.47732574206439715 0.036065500789413805 0.037698589547881967 0.09384909228765001 -0.0070909951291278561 
1 -0.45024872170771069 0.47725598401167757 -0.036060230051039782 0.023918566007196301 -0.095592192938484644 0.0072226993142547212 

0.089999999999999997 3 0.0147948
1 0.99688309327790436 8.8276064715135289e-05 -6.6699115532727456e-06 -0.069359010438184265 0.0019604724241948472 -0.00014812823514738895 
1 -0.54688853163175755 -0.47632795848902115 0.035990110838371871 0.04244527309298745 0.10571521674094383 -0.0079875688588132796 
1 -0.44999456164614121 0.4762396824243097 -0.035983440926818315 0.026913737345196771 -0.10767568916513884 0.0081356970939606699 

0.099999999999999992 3 0.0158577
1 0.99615073577600888 0.00010896687582166045 -8.2332558243539347e-06 -0.077114976414063577 0.0021776565521611614 -0.00016453810716631642 
1 -0.5464402949366638 -0.47521127628900323 0.035905737214204779 0.047204231588853646 0.11762977775441281 -0.0088878023299399714 
1 -0.44971044083933509 0.47510230941318526 -0.035897503958380039 0.029910744825209726 -0.11980743430657399 0.0090523404371063588 

0.10999999999999999 3 0.0164208
1 0.99534074130966799 0.00013182849037119394 -9.9606203993659758e-06 -0.084886674951453925 0.0023946290295920837 -0.00018093198741719551 
1 -0.54594440126130594 -0.47397518205454436 0.035812341124993478 0.051976912604007088 0.12959860755943525 -0.0097921362108542662 
1 -0.44939634004834994 0.47384335356417656 -0.035802380504593771 0.032909762347446761 -0.13199323658902762 0.0099730681982715241 

0.11999999999999998 3 0.0173738
1 0.99445294437487008 0.00015685866758376126 -1.1851835970759082e-05 -0.092675744758571002 0.0026113648196771306 -0.00019730798418325884 
1 -0.54540070602920343 -0.47261910332191509 0.03570987931685659 0.056764791261592125 0.14162768773121404 -0.010701022453936214 
1 -0.44905223834565366 0.47246224465433362 -0.035698027480885478 0.035910953496978718 -0.14423905255089192 0.010898330438119533 

0.12999999999999998 3 0.0179589
1 0.99348716298648143 0.00018405491065016431 -1.3906713886075946e-05 -0.10048384367110269 0.0028278377327477415 -0.00021366411864076455 
1 -0.54480904976101285 -0.47114240698762694 0.035598303954129301 0.061569373583777606 0.15372316784866075 -0.011614925705492407 
1 -0.4486781132254567 0.47095835207697928 -0.03558439724024267 0.03891447008732514 -0.15655100558140872 0.011828589824133236 

0.13999999999999999 3 0.018554
1 0.99244319847732654 0.00021341445457498758 -1.6125045229401088e-05 -0.10831265058887263 0.0030440202996343353 -0.00022999831529017342 
1 -0.54416925774804514 -0.46954439753025118 0.035477562485007642 0.066392200021964401 0.16589138533623263 -0.012534324804953825 
1 -0.44827394072926496 0.46933098307567933 -0.035461437439777546 0.041920450566908407 -0.16893540563586662 0.01276432312024404 

0.14999999999999999 3 0.0191751
1 0.99132083527762782 0.00024493425272325501 -1.8506599804861248e-05 -0.11616386746643205 0.0032598836389287371 -0.00024630839192684481 
1 -0.54348113968945955 -0.46782431502720057 0.035347597491703055 0.071234849198355085 0.1781388866533529 -0.013459714385893957 
1 -0.44783969558815423 0.46757938077448274 -0.03532909089189732 0.044929018268076756 -0.18139877029227974 0.013706022777820867 

0.16 3 0.0197551
1 0.99011984067429126 0.00027861096200642617 -2.1051125017316854e-05 -0.12403922136307409 0.0034753973174708693 -0.00026259204909977044 
1 -0.54274448929085872 -0.46598133295214711 0.035208346524019239 0.076098941887173324 0.19047245001535579 -0.014391606592764675 
1 -0.44737535138341855 0.46570272199014612 -0.035187295399001187 0.047940279475900446 -0.19394784733282455 0.014654198641864501 

0.17000000000000001 3 0.0210822
1 0.98883996454930911 0.00031444092663635362 -2.375834464485345e-05 -0.13194046655802091 0.0036905292033322552 -0.00027884685900338911 
1 -0.54195908382173819 -0.46401455573669442 0.035059741915121116 0.080986145266995671 0.20289910985124732 -0.01533053292886127 
1 -0.44688088072755161 0.46370011481006462 -0.035035983570475403 0.050954321291025381 -0.20658963905457806 0.015609379787864801 

0.18000000000000002 3 0.021652
1 0.98748093909670343 0.00035242016036835867 -2.6627957497114101e-05 -0.1398693867368159 0.0039052453105176284 -0.00029507025374363589 
1 -0.54112468362894484 -0.46192301607787611 0.034901710578093437 0.085898177479358198 0.21542618322843191 -0.016277046252906841 
1 -0.44635625546774105 0.46157059591751654 -0.034875082620595382 0.053971209257458443 -0.21933142853894841 0.016572116506650646 

0.19000000000000003 3 0.022218
1 0.98604247851721416 0.00039254432714643748 -2.9659635952901077e-05 -0.14782779725526038 0.0041195096345486388 -0.0003112595129150765 
1 -0.54024103160280501 -0.45970567197048473 0.034734173781712716 0.090836812533105979 0.22806129850352952 -0.017231722943834085 
1 -0.44580144691439538 0.45931312764334536 -0.034704514145758647 0.056990984722155497 -0.23218080813807687 0.017542982456749213 

0.20000000000000004 3 0.022783
1 0.98452427868993109 0.00043480872005500305 -3.285302436982434e-05 -0.15581754748757523 0.004333283978029916 -0.000327411750421133 
1 -0.53930785259233949 -0.45736140344055543 0.03455704690363777 0.095803885598972766 0.24081242649219003 -0.018195165255895398 
1 -0.44521642609758022 0.4569265947205069 -0.034524193879266647 0.060013661888603798 -0.24514571047021813 0.018522577006316644 

0.21000000000000005 3 0.0233481
1 0.98292601681997549 0.00047920823847218954 -3.6207737358063524e-05 -0.16384052326584206 0.0045465277652277907 -0.00034352390046411683 
1 -0.53832485276535003 -0.4548890089532055 0.034370239158994252 0.10080129874474489 0.25368791449022082 -0.019168003889212606 
1 -0.44460116405461564 0.45440980071473802 -0.034334031421634888 0.063039224521099002 -0.25823444225544578 0.019511527789676866 

0.22000000000000006 3 0.0239062
1 0.98124735106132832 0.00052573736330967019 -3.9723357909553068e-05 -0.17189864941817676 0.0047591978446130398 -0.00035959270262588173 
1 -0.53729171890872796 -0.45228720146443385 0.034173653302060486 0.10583102716821234 0.26669652352447976 -0.020150900804357209 
1 -0.44395563215258993 0.451761464101126 -0.034133929944149696 0.066067622249965388 -0.2714557213690893 0.020510493506983311 

0.23000000000000007 3 0.0244651
1 0.9794879201137362 0.00057439013021304578 -4.339943537307211e-05 -0.17999389241351654 0.0049712482782337097 -0.00037561468595337605 
1 -0.53620811766367826 -0.44955460408249465 0.033967185298450775 0.11089512599313889 0.27984746926596071 -0.021144552313638133 
1 -0.44327980245004411 0.44898021395228416 -0.033923785863076809 0.06909876642037896 -0.28481871754419236 0.021520166999591642 

0.24000000000000007 3 0.0250292
1 0.97764734279260312 0.0006251601005850025 -4.7235483264830643e-05 -0.18812826312140563 0.0051826301166883488 -0.00039158615195619646 
1 -0.53507369468985155 -0.44668974529979483 0.03375072396485064 0.11599573770292276 0.29315046710096559 -0.022149692486562587 
1 -0.44257364810273858 0.44606458519921266 -0.033703488481584942 0.072132525418486096 -0.29833309721765328 0.022541278638519038 

0.25000000000000006 3 0.0255861
1 0.97572521757067432 0.0006780403302807346 -5.1230976903173687e-05 -0.19630381969563368 0.0053932911583646319 -0.0004075031564152766 
1 -0.53388807375160297 -0.44369105375094137 0.033524150572947033 0.12113510029772229 0.30661578193089517 -0.023167096912580197 
1 -0.44183714381905814 0.44301301342065996 -0.033472919596042781 0.075168719397915945 -0.31200907308926012 0.023574600068995821 

0.26000000000000006 3 0.0261512
1 0.97372112209022343 0.00073302333581104885 -5.5385350854977117e-05 -0.20452267059117574 0.0056031756914928649 -0.00042336148989312777 
1 -0.53265085571866233 -0.44055685244643555 0.033287338413743449 0.12631555627395646 0.32025428335937589 -0.024197586870879823 
1 -0.44107026637155067 0.43982382911062518 -0.033231953062887169 0.078207114317224019 -0.32585745905087005 0.02462094836077339 

0.27000000000000007 3 0.0267072
1 0.9716346126443639 0.00079010105787355987 -5.9697996180159272e-05 -0.21278697772444893 0.0058122242174357928 -0.00043915665682632234 
1 -0.5313616174724145 -0.43728535242445032 0.033040152317902277 0.1315395625406279 0.33407750702981365 -0.025242033964896174 
1 -0.44027299517194335 0.4364952513665788 -0.03298045432172067 0.081247415183825306 -0.33988973124724986 0.025681190621723072 

0.28000000000000008 3 0.0273182
1 0.96946522362599097 0.00084926482201588729 -6.4168257459492053e-05 -0.22109895978756727 0.0060203731534952528 -0.00045488385307033486 
1 -0.53001991070780041 -0.4338746457548211 0.032782448127145626 0.13680970140542156 0.34809772300044722 -0.026301365288553206 
1 -0.43944531291819011 0.43302538093280496 -0.032718279869684792 0.084289258382149693 -0.35411809615394363 0.026756249141624163 

0.29000000000000009 3 0.0278862
1 0.96721246694278462 0.00091050529621674551 -6.8795429589540191e-05 -0.2294608957279366 0.0062275545133616186 -0.00047053794175512851 
1 -0.52862526061937265 -0.43032269781986193 0.032514072111014397 0.14212869278558879 0.36232801219181948 -0.02737656920243688 
1 -0.43858720632341192 0.42941219252364549 -0.032445276681423406 0.087332202942351431 -0.36855556670518341 0.027847107144192577 

0.3000000000000001 3 0.0284491
1 0.9648758313965059 0.00097381244515130048 -7.357875432706581e-05 -0.23787512840529809 0.006433695563161263 -0.00048611342729697735 
1 -0.52717716445836238 -0.42662733878538417 0.032234860322438656 0.14749940782507515 0.37678235211837213 -0.02846870181145331 
1 -0.43769866693813925 0.42565352634023462 -0.032161281568110024 0.090375720580226637 -0.38321604768153533 0.02895481523875092 

0.31000000000000011 3 0.0290141
1 0.9624547820248065 0.0010391754808857763 -7.8517416563643572e-05 -0.24634406843908352 0.0066387184508694564 -0.00050160442739788521 
1 -0.52567508994568324 -0.42278625416213433 0.031944637884585438 0.15292488413112126 0.39147571332822656 -0.029578894251570394 
1 -0.43677969207911538 0.42174707868124955 -0.031866120468020287 0.093419184307965558 -0.39811443177909933 0.03008049867896884 

0.32000000000000012 3 0.0300303
1 0.95994875940355517 0.0011065828097229498 -8.3610540309441781e-05 -0.25487019825980384 0.0068425398066515935 -0.00051700464284838038 
1 -0.52411847352343277 -0.4187969743424208 0.031643218200273382 0.15840834288198288 0.40642416823127731 -0.030708360912586483 
1 -0.43583028588011813 0.41769039153269855 -0.031559607659962637 0.096461855377824729 -0.41326670803792953 0.031225365555435536 

0.33000000000000013 3 0.0312543
1 0.95735717890756522 0.0011760219748946856 -8.88571843632194e-05 -0.26345607637907653 0.0070450703114679205 -0.00053230732493240323 
1 -0.52250671842473406 -0.41465686297836413 0.031330402073862743 0.16395320810398514 0.42164501430568924 -0.031858408747295973 
1 -0.43485046048283144 0.41348084100346916 -0.031241544889498499 0.099502868275095885 -0.42869008461715491 0.032390716072229014 

0.34000000000000014 3 0.0318294
1 0.95467942992746757 0.0012474795947698468 -9.4256337643473334e-05 -0.27210434189381055 0.0072462142310307613 -0.00054750524021433247 
1 -0.52083919253853028 -0.41036310404651516 0.03100597673389182 0.16956312847290927 0.43715691405003587 -0.033030447845911394 
1 -0.43384023738893446 0.40911562445174576 -0.030911720396247375 0.1025412134209058 -0.4444031282810631 0.03357795308612619 

0.35000000000000014 3 0.0323994
1 0.95191487504028749 0.0013209412962153517 -9.9806914153374742e-05 -0.28081771924107191 0.0074458689119318161 -0.00056259063246764907 
1 -0.51911522604199156 -0.40591268741764824 0.030669714742767112 0.17524200206425269 0.45298005450908263 -0.034226003489419288 
1 -0.43279964899828927 0.40459174612143228 -0.03056990782861288 0.1055757171768251 -0.4604259234210088 0.034788594121887631 

0.36000000000000015 3 0.0329654
1 0.9490628491311659 0.0013963916427150425 -0.00010550774754961422 -0.28959902322116193 0.0076439242364605897 -0.00057755518148242988 
1 -0.51733410876859165 -0.40130239271955831 0.030321372777478879 0.18099400456252451 0.46913632976713993 -0.035446729938307928 
1 -0.43172874036256481 0.39990600107684143 -0.03021586502992846 0.10860501865864408 -0.47678025400359342 0.036024285119791055 

0.37000000000000016 3 0.0335183
1 0.94612265846342269 0.0014738140568144513 -0.00011135758528252952 -0.29845116430748447 0.0078402620323128631 -0.00059238995846444607 
1 -0.51549508727427396 -0.39652877124337066 0.029960690262487703 0.18682362154574064 0.48564955050152619 -0.036694426265885219 
1 -0.43062757118914419 0.39505495718655403 -0.02984933267720433 0.1116275427617508 -0.49348981253383228 0.037286816224350261 

0.38000000000000017 3 0.0343003
1 0.94309357969401719 0.0015531907364199052 -0.00011735508227188022 -0.30737715426286555 0.0080347554330373085 -0.00060708537771215576 
1 -0.51359736155735414 -0.39158812559874329 0.029587387832524552 0.19273568559323132 0.50254568555583357 -0.037971054610929637 
1 -0.42949621813666389 0.39003493486231888 -0.029470032750252027 0.11464146866964578 -0.51058044098885391 0.03857813998864322 

0.39000000000000018 3 0.0350714
1 0.93997485883121645 0.0016345025644373908 -0.00012349879407939698 -0.31638011208306988 0.0082272681846857799 -0.00062163114422900828 
1 -0.511640081379509 -0.38647648676863955 0.029201165598908906 0.19873541913022538 0.51985314157573514 -0.039278761306254364 
1 -0.428334777451713 0.38484198420419607 -0.029077666804829094 0.11764469295285108 -0.52808040976040338 0.039900392450484733 

0.40000000000000019 3 0.0358405
1 0.93676571013107457 0.0017177290111880109 -0.00012978716953553968 -0.32546327028926469 0.0084176538937289196 -0.00063601619689784893 
1 -0.50962234212502244 -0.38118958814715825 0.028801701187914093 0.20482848413096069 0.53760308810931545 -0.040619901442443006 
1 -0.42714336800606911 0.37947185913596509 -0.028671914018377813 0.12063478615830887 -0.54602074200303408 0.041255917639342957 

0.4100000000000002 3 0.0366225
1 0.93346531492922602 0.0018028480289870158 -0.00013621854277417247 -0.33462998159228069 0.0086057552108507514 -0.00065022864681058836 
1 -0.5075431801231044 -0.37572283606190876 0.028388647513513041 0.21102104006656419 0.55582983729465396 -0.04199706755606758 
1 -0.425922134806138 0.37391998803292281 -0.028252428970738479 0.12360894152572834 -0.5644355925054928 0.042647296202880998 

0.42000000000000021 3 0.0374024
1 0.93007282040399875 0.0018898359382159829 -0.00014279112462445848 -0.34388372595237027 0.0087914029447749807 -0.00066425571031115559 
1 -0.50540156734248731 -0.37007127618050828 0.027961630239140882 0.21731981182196494 0.57457128944580993 -0.043413123297015084 
1 -0.42467125306153397 0.36818144024229349 -0.027818839114516231 0.12656391413041509 -0.58336269239057137 0.044077379007328651 

0.43000000000000022 3 0.0381744
1 0.9265873382668729 0.0019786673041571564 -0.00014950299330478302 -0.35322811805886167 0.0089744150997770247 -0.00067808363627247124 
1 -0.50319640534815691 -0.36422955507423094 0.027520244873544257 0.22373216974133978 0.59386945865596641 -0.044871243141700219 
1 -0.42339093291874441 0.36225088777007208 -0.027370741880238931 0.12949594831752856 -0.60284387375573301 0.045549326777974845 

0.44000000000000022 3 0.0389583
1 0.92300794337597214 0.0020693148037928487 -0.00015635208435847372 -0.36266691525481226 0.0091545958300273227 -0.00069169762708926692 
1 -0.50092651838599733 -0.35819187605341135 0.027064053433816352 0.23026622452664383 0.61377109616441605 -0.046374959493069225 
1 -0.42208142499000595 0.35612256124961361 -0.026907701349457223 0.13240069072817004 -0.62292569199442205 0.047066657120160199 

0.45000000000000023 3 0.0397382
1 0.9193336722679436 0.0021617490817022931 -0.00016333617976571656 -0.37220402593171631 0.0093317343033829086 -0.00070508175282907694 
1 -0.49859064543007847 -0.35195194818902203 0.026592580593600864 0.23693094045367391 0.63432843396123417 -0.047928218865448555 
1 -0.42074302683790926 0.34979019910730608 -0.026429244413834506 0.1352730854780459 -0.64366016826459205 0.04863330061827878 

0.46000000000000024 3 0.0405121
1 0.91556352160345489 0.0022559385941103289 -0.00017045289616029834 -0.38184351841925035 0.0095056034667221605 -0.00071821885794421986 
1 -0.49618743098813117 -0.34550292718055775 0.026105309215221556 0.24373627134761824 0.65560007731766856 -0.049535449321836601 
1 -0.41937609061535713 0.34324698858642916 -0.025934856319060326 0.13810724707163691 -0.66510568078436494 0.050253668179781108 

0.47000000000000025 3 0.0412872
1 0.91169644652119863 0.0023518494400629171 -0.00017769967207365261 -0.39158963039383166 0.0096759587044223522 -0.00073109045990974288 
1 -0.49371541441028016 -0.33883734640421515 0.025601675139859403 0.2506933250641758 0.67765208317545866 -0.051201641954214748 
1 -0.41798103211094395 0.33648549696412983 -0.02542397546778451 0.14089630532966813 -0.68732804187984908 0.051932732414124917 

0.48000000000000026 3 0.0420702
1 0.90773135889513745 0.0024494451786161425 -0.00018507375412213069 -0.40144677882805041 0.0098425363811289468 -0.00074367663911888615 
1 -0.49117301737995211 -0.33194703605346576 0.025081061078025074 0.25781456398038993 0.70055927238026539 -0.052932450032522421 
1 -0.41655834151521304 0.32949759087482966 -0.024895987323902039 0.14363221484767316 -0.71040180876137216 0.053676126671642559 

0.49000000000000027 3 0.0428462
1 0.90366712548948491 0.0025486866308360905 -0.00019257218204663079 -0.41141957049967581 0.010005052259618539 -0.00075595591934084065 
1 -0.48855852917982834 -0.32482302773331023 0.024542789400945664 0.26511405139596039 0.72440683871899225 -0.054734310579357952 
1 -0.41510859630969194 0.32227434110246195 -0.024350217218898209 0.14630551910373354 -0.73441189097859749 0.055490266498700737 

0.50000000000000022 3 0.0436163
1 0.89950256600573386 0.0026495316653139091 -0.0002001917725066742 -0.42151281307411015 0.010163199784365282 -0.0007679051380314883 
1 -0.48587008921089503 -0.31745544114268792 0.023986113578579778 0.27260775705232215 0.74929233824787056 -0.056614594678476508 
1 -0.41363247679487108 0.31480590947736342 -0.023785921806072658 0.14890505602179885 -0.75945553803220944 0.057382499816509114 

0.51000000000000023 3 0.0447204
1 0.89523645101591354 0.0027519349658059887 -0.00020792910152387932 -0.43173152676662463 0.010316648221480526 -0.00077949930579201694 
1 -0.48310566608879668 -0.30983334851013872 0.023410207936727472 0.28031393959831769 0.7753281708950428 -0.058581794978272567 
1 -0.41213078492714506 0.30708141354433072 -0.023202278835203583 0.15141758716831122 -0.78564481911650486 0.059361294284065863 

0.52000000000000024 3 0.0454962
1 0.89086749977638635 0.002855847779517993 -0.0002157804854629722 -0.4420809565802154 0.010465040646129875 -0.00079071145430341329 
1 -0.48026303243260599 -0.30194461113909388 0.022814155306814139 0.28825363038221619 0.80264470642457753 -0.060645761881552587 
1 -0.41060446734381695 0.2990887633595728 -0.022598374821350943 0.15382732619798839 -0.81310974707068429 0.061436473335857576 

0.53000000000000025 3 0.0462821
1 0.88639437791648212 0.0029612176444670196 -0.00022374196043195801 -0.45256658509952663 0.010607991769532482 -0.00080151247214004602 
1 -0.47733973417310821 -0.29377568062914966 0.022196932006682064 0.29645125237901282 0.83139426413117934 -0.062818004240991349 
1 -0.40905464374341299 0.29081446298468333 -0.021973190046250042 0.15611533272050776 -0.84200225590068167 0.06361951671313236 

0.54000000000000026 3 0.047061
1 0.8818156949965259 0.0030679880942851494 -0.0002318092599778553 -0.46319414580007878 0.01074508559946699 -0.00081187092800364508 
1 -0.4743330528050807 -0.28531135485669062 0.021557389403117223 0.30493542186173034 0.86175623879505936 -0.065112076663049634 
1 -0.40748264219148045 0.28224336676240547 -0.021325580143139032 0.15825872393834434 -0.87250132439450279 0.065923947591055423 

0.55000000000000027 3 0.047837
1 0.87713000193045565 0.0031760983387814365 -0.00023997779095077105 -0.47396963680162163 0.010875872931253994 -0.00082175288114829509 
1 -0.47123995843603395 -0.27653447529904884 0.020894231042443395 0.3137400009959655 0.89394378832144805 -0.06754408480875064 
1 -0.405890043494463 0.27335837696026449 -0.020654253251492376 0.16022963580565311 -0.90481966125268121 0.068365837689901843 

0.56000000000000028 3 0.0486131
1 0.87233578826922087 0.0032854829185708779 -0.00024824260740856585 -0.48489933495254584 0.010999868670986396 -0.00083112167913070663 
1 -0.46805705065689657 -0.26742554727097284 0.020205983956571694 0.32290550082288533 0.92821268370197851 -0.070133354073914994 
1 -0.40427873761235994 0.26414006435239318 -0.019957741349162901 0.16199383412966076 -0.93921255237294177 0.070964475753047929 

0.57000000000000028 3 0.0493829
1 0.86743147934230613 0.0033960713321311456 -0.00025659838243822152 -0.49598981007260018 0.011116549000201512 -0.00083993774358014116 
1 -0.46478048304050656 -0.25796225731428785 0.019490962198207912 0.33248098275533478 0.96487320719443659 -0.072903328584906543 
1 -0.40265099630183354 0.25456618598214575 -0.019234363815769227 0.16350882731725885 -0.97598975619461614 0.073743266328486559 

0.58000000000000029 3 0.05042
1 0.86241543325707815 0.0035077876337924101 -0.00026503937778099741 -0.50724793909740884 0.011225348402450054 -0.0008481583455336476 
1 -0.46140586523527105 -0.24811885104732986 0.018747219832761786 0.34252668429624028 1.0043064347197113 -0.075882801454505155 
1 -0.40100956802181503 0.24461106341353747 -0.018482180454980401 0.16472125480112007 -1.0155317831220658 0.076730959800043602 

0.5900000000000003 3 0.051456
1 0.85728593775870621 0.0036205500014496643 -0.00027355941116987114 -0.51868091974825725 0.011325656589219682 -0.00085573737316677783 
1 -0.45792813378221486 -0.23786531807304218 0.017972489352106599 0.35311772189024115 1.0469869682014388 -0.079107632378813339 
1 -0.39935780397646226 0.2342447680715955 -0.017698929940936397 0.16556319785798179 -1.0583126247905419 0.079963369751983204 

0.60000000000000031 3 0.052495
1 0.85204120695780583 0.0037342702732799269 -0.00028215182132509335 -0.53029628317861854 0.011416815388367241 -0.00086262509669159538 
1 -0.45434137827504706 -0.2271663043239443 0.017164099494175376 0.36434943904165434 1.0935154034298362 -0.082623200825222634 
1 -0.39769982868275405 0.22343203405066694 -0.016881947672850488 0.16594684413692298 -1.1049322188181001 0.083485825921915044 

0.61000000000000032 3 0.0535321
1 0.84667937794034842 0.0038488534535614334 -0.00029080943061518126 -0.54210190479480158 0.011498115697263457 -0.00086876793814412163 
1 -0.45063860209556922 -0.21597962980012111 0.01631886324706925 0.3763453452836007 1.1446659305940865 -0.086488002605753483 
1 -0.39604077584477076 0.212130776346557 -0.016028053816454012 0.16575655951114487 -1.156164046291245 0.087356770543897622 

0.62000000000000033 3 0.0545771
1 0.84119850728262413 0.0039641971889911864 -0.00029952450548880187 -0.55410601207139065 0.011568794662950124 -0.0008741082583240623 
1 -0.44681138440839596 -0.20425421858191076 0.015432921446156607 0.38926928143988365 1.2014582693209273 -0.090779085102856427 
1 -0.39438712287421474 0.20029002139292407 -0.015133396940667605 0.1648367306314269 -1.2130270639837346 0.091653193361174681 

0.63000000000000034 3 0.0556242
1 0.83559656751051026 0.0040801912189561713 -0.00030828871493867487 -0.56631718760430094 0.011628033345704595 -0.00087858418026035261 
1 -0.44284938786949468 -0.19192712398501097 0.014501518002475499 0.40334476950573872 1.2652703230017468 -0.095600559139536426 
1 -0.39274717964101263 0.18784693276604131 -0.014193229287536736 0.16297241809845309 -1.2768983563473748 0.096479143319788227 

0.64000000000000035 3 0.0566692
1 0.82987144356264309 0.0041967168064701707 -0.0003170930875046543 -0.57874436473278634 0.011674955273541045 -0.00088212947999233814 
1 -0.43873961512999138 -0.17891910474836356 0.0135186656509158 0.41888719023984594 1.3380222653024649 -0.10109750808080251 
1 -0.39113182843261807 0.17472238794188785 -0.013201572563410927 0.15985717449282577 -1.3496972205759949 0.1019796375607837 

0.65000000000000036 3 0.0576923
1 0.82402092935061189 0.0043136461617084253 -0.00032592796771750481 -0.59139681157073176 0.011708626545855316 -0.0008846735944014638 
1 -0.43446523552294353 -0.16512776827177872 0.012476627870945788 0.43636026396113525 1.4224933030257993 -0.10747992161776221 
1 -0.38955569382762678 0.16081412211006996 -0.012150699903228257 0.15503654760947477 -1.4342019295716357 0.10836459521215296 

0.66000000000000036 3 0.0590303
1 0.81804272456380445 0.0044308418786243205 -0.00033478297353104993 -0.60428409672269756 0.011728058579213288 -0.0008861418286752646 
1 -0.4300036299237171 -0.15041638283609218 0.011365073566858595 0.45648208293213616 1.5229028960699331 -0.11506661124723287 
1 -0.38803909464000919 0.14598554095747193 -0.011030290593327923 0.14780201379053162 -1.5346309546491264 0.11595275307589503 

0.67000000000000037 3 0.0603733
1 0.81193443195296011 0.00454815641962581 -0.00034364695738577122 -0.61741602527498984 0.01173221538719656 -0.0008864559063551748 
1 -0.42532289881375512 -0.13459438767331122 0.01016960445897927 0.48044207391767524 1.64606863023122 -0.12437269615148343 
1 -0.38661153313909141 0.13004623125367995 -0.0098259575015951315 0.136973951357309 -1.6578008456182154 0.12525915205780461 

0.68000000000000038 3 0.0621705
1 0.80569355548263166 0.0046654317092003393 -0.00035250797550396824 -0.6308025243562948 0.011720028874853678 -0.00088553512494377864 
1 -0.42037502509071972 -0.11738036378456147 0.0088689572542759512 0.51039902864943332 1.8039799614235632 -0.13630406866687569 
1 -0.38531853039188824 0.11271493207532216 -0.0085164492787657541 0.12040349570655448 -1.8156999902975641 0.13718960379182082 

0.69000000000000039 3 0.0638895
1 0.79931750003881297 0.0047824989473042668 -0.00036135327379028083 -0.64445343697029955 0.011690429151724403 -0.00088329864628012536 
1 -0.41508064788213256 -0.098322616807982738 0.0074290030928770697 0.55082628230987929 2.0204757917437806 -0.15266193469268746 
1 -0.38423685215728537 0.093540117860663047 -0.0070676498190826971 0.09362715465955343 -2.0321662208945006 0.15354523333898534 

0.7000000000000004 3 0.0660045
1 0.79280357400999102 0.0048991788613651343 -0.00037016930687247356 -0.65837812924964145 0.011642406043313786 -0.00087967014418680544 
1 -0.40928779016247646 -0.076594396483192814 0.0057872748594851057 0.61319139949081136 2.3532530541040866 -0.17780572552721108 
1 -0.38351578384957097 0.071695217621978849 -0.0054171055526007544 0.045186729758905295 -2.3648954601521144 0.17868539567125688 

0.71000000000000041 3 0.0928226
1 0.78614899771806923 0.0050152828982700367 -0.00037894182816264918 -0.67258463566038296 0.011575149049607167 -0.00087458837937608993 
1 -0.40261245614973235 -0.050260697089664963 0.0037975685173246678 0.74215604029308457 3.0070145991447506 -0.22720226009661759 
1 -0.38353654156943989 0.045245414191585814 -0.0034186266891522796 -0.069571404633864797 -3.0185897482028534 0.22807684847627197 

0.72000000000000042 3 0.627944
1 0.7793509269761284 0.0051306169506808311 -0.00038765617141337287 -0.68707696715952216 0.01148850570104476 -0.0008680418316391864 
1 -0.39229595435962661 -0.0086052454998079893 0.0006501901343696064 2.4260096942093745 8.3655975205760029 -0.63208295173618989 
1 -0.38705497261816812 0.003474628549215136 -0.00026253396294707442 -1.7389327270522115 -8.3770860263059035 0.63295099356669193 

