0 3 0
1 1 0 0 0 0 0 
1 -0.5035588826596763 -0.57913043185068769 -0.53664841305450006 0 0 0 
1 -0.4964411173403237 0.57913043185068769 0.53664841305450006 0 0 0 

0.01 3 0.00181389
1 0.99996920301743786 6.6271624810891215e-08 6.1410280533306636e-08 -0.0061594629964454228 1.3254480716038204e-05 1.2282200435221882e-05 
1 -0.50354344307626764 -0.57910981203816669 -0.53662930580497503 0.0030879500096852495 0.0041240092641605525 0.0038214932341949573 
1 -0.496425759941169 0.57910974576654217 0.53662924439469784 0.0030715129867601616 -0.0041372637448765757 -0.0038337754346301793 

0.02 3 0.00327396
1 0.99987680808044443 2.6509584513457027e-07 2.4564978245792643e-07 -0.012319723900712802 2.6510830721829801e-05 2.4566133038754727e-05 
1 -0.50349712232622301 -0.57904794979480589 -0.53657198145643026 0.0061763000068742 0.0082485797217603709 0.0076435064955755992 
1 -0.49637968575421892 0.57904768469896228 0.53657173580665429 0.0061434238938386085 -0.0082750905524822012 -0.0076680726286143253 

0.029999999999999999 3 0.00447702
1 0.99972280321826557 5.9650070536169942e-07 5.5274449297283264e-07 -0.018481581190112711 3.977092065240397e-05 3.6853531225496474e-05 
1 -0.50341991440865907 -0.57894483670113317 -0.53647643220700014 0.0092654502646917006 0.012374272986794365 0.011466560201033376 
1 -0.49630288880960699 0.57894424020042923 0.53647587946251307 0.0092161309254210483 -0.012414043907446807 -0.011503413732258822 

0.040000000000000001 3 0.00522017
1 0.9995071684701573 1.0605329685726121e-06 9.8273774486015247e-07 -0.024645834481914652 5.303662383554721e-05 4.9146130905566619e-05 
1 -0.50331180931734032 -0.57880045871766628 -0.5363426450470703 0.012355801627997754 0.016501651515130476 0.015291175547577319 
1 -0.49619535915281615 0.57879939818469883 0.53634166230932978 0.012290032853916867 -0.016554688138966038 -0.015340321678482823 

0.050000000000000003 3 0.0057292
1 0.99922987587111156 1.6572581502199868e-06 1.535690247697137e-06 -0.0308132851057836 6.6309817643757542e-05 6.1445671737121418e-05 
1 -0.50317279303352869 -0.57861479617440448 -0.53617060174952369 0.015447755800488822 0.020631279027353778 0.019117874904160573 
1 -0.49605708283757988 0.57861313891625621 0.53616906605927861 0.015365529305294766 -0.020697588844997471 -0.019179320575897722 

0.060000000000000005 3 0.00623918
1 0.9988908894318661 2.3867605653628161e-06 2.2116801316253068e-06 -0.03698473667917504 7.959238485292807e-05 7.3753898385327932e-05 
1 -0.50300284751595858 -0.57838782375603925 -0.53596027885605513 0.018541715633283801 0.024763720933906205 0.022947182205634038 
1 -0.49588804191590541 0.57838543699548062 0.53595806717592842 0.018443021045891232 -0.024843313318759108 -0.023020936104019462 

0.070000000000000007 3 0.00674415
1 0.99849016511313482 3.2491433895301741e-06 3.0108030037495081e-06 -0.043160995686687548 9.2886215009985502e-05 8.607256178970079e-05 
1 -0.50280195068789568 -0.57811951048292987 -0.53571164765953028 0.021638085415497135 0.028899544763299943 0.026779623349547917 
1 -0.49568821442523675 0.57811626133954974 0.53570863685653214 0.021522910271190313 -0.02899243097830995 -0.026865695911337684 

0.080000000000000002 3 0.0072422
1 0.99802765079401656 4.2445287333155601e-06 3.9331720172604706e-06 -0.049342872064386006 0.00010619320581176922 9.8403420441845008e-05 
1 -0.50257007642131302 -0.57780981968776612 -0.53542467418235995 0.024737271167307777 0.033039320594190916 0.030615726596530869 
1 -0.49545757437270255 0.57780557515904241 0.53542074101034931 0.024605600897078309 -0.033145513800002642 -0.030714130016972659 

0.089999999999999997 3 0.00774312
1 0.99750328623453877 5.373057730826495e-06 4.9789179533961506e-06 -0.055531179790126041 0.00011951526449758902 0.00011074824167583607 
1 -0.50230719451808836 -0.57745870898787144 -0.5350993191508483 0.027839680936039512 0.037183621492113454 0.034456022974987809 
1 -0.49519609171644907 0.5774533359301518 0.53509434023290237 0.027691498854086692 -0.03730313675661117 -0.034566771216663697 

0.099999999999999992 3 0.00824499
1 0.9969170030322495 6.634890642137063e-06 6.1481893163789274e-06 -0.061726737480924616 0.00013285430925765387 0.00012310880297335155 
1 -0.50201327068825075 -0.57706613025314613 -0.53473553796546613 0.030945725095779936 0.041333023951692638 0.038301046690874398 
1 -0.49490373234399959 0.57705949536251822 0.53472938977616047 0.030781012385144562 -0.041465878260950502 -0.038424155493847735 

0.10999999999999999 3 0.00874591
1 0.99626872457281435 8.0302069699149997e-06 7.4411524414874587e-06 -0.067930368998449994 0.00014621227065993267 0.00013548689328586757 
1 -0.50168826652518472 -0.57663202956953696 -0.53433328066701857 0.034055816651075876 0.045488108345167096 0.042151335543317951 
1 -0.4945804580476339 0.57662399936258224 0.5343258395145889 0.033874552347373806 -0.045634320615827104 -0.042286822436603831 

0.11999999999999998 3 0.00924778
1 0.99555836597450653 9.5592055904191712e-06 8.8579916164449826e-06 -0.07414290406372652 0.00015959109309783987 0.00014788431437613565 
1 -0.50133213947779398 -0.57615634719797737 -0.53389249189858812 0.037170371545253704 0.049649459378080775 0.046007431346882351 
1 -0.49422622649671488 0.57614678799239771 0.53388363390698501 0.036972532518472857 -0.049809050471178777 -0.046155315661258127 

0.12999999999999998 3 0.00974965
1 0.99478583402648491 1.1222104899088638e-05 1.039890921632865e-05 -0.080365178882182017 0.00017299273626128297 0.00016030288218132143 
1 -0.50094484281955998 -0.57563901752875202 -0.5334131108632495 0.040289808973932452 0.053817666553022274 0.049869880361289157 
1 -0.49384099120692954 0.575627795423866 0.53340271195404643 0.040075369908249607 -0.053990659289283843 -0.050030183243470125 

0.13999999999999999 3 0.0102897
1 0.99395102712079253 1.3019142970970275e-05 1.2064125852228888e-05 -0.086598036780195023 0.00018641917663369688 0.00017274442820024627 
1 -0.50052632561441113 -0.57507996903117486 -0.53289507127743863 0.043414551704312132 0.057993324642319731 0.053739233729439319 
1 -0.49342470150638751 0.57506694988821505 0.53288300715160208 0.043183485075882953 -0.058179743818953744 -0.053911978157638998 

0.14999999999999999 3 0.0108006
1 0.99305383517790025 1.4950577736257054e-05 1.3853880533911308e-05 -0.092842328854342848 0.00019987240901769957 0.00018521080090710168 
1 -0.50007653267938912 -0.57447912419846947 -0.53233830131988391 0.046545026400836756 0.062177034170631577 0.057616047924602259 
1 -0.49297730249850991 0.57446417362074764 0.53232444743936191 0.0462973024535063 -0.062376906579649553 -0.057801258725508571 

0.16 3 0.0115447
1 0.99209413956569892 1.7016687171238376e-05 1.5768430846759652e-05 -0.099098914634588836 0.00021335444809219509 0.00019770386719433259 
1 -0.49959540454403284 -0.57383639948781184 -0.53174272357602237 0.049681663957856524 0.066369401908405568 0.061500885207677602 
1 -0.49249873502166575 0.57381938280065348 0.53172695514518054 0.04941725067673218 -0.066582756356497644 -0.061698589074871191 

0.17000000000000001 3 0.0126717
1 0.99107181301180713 1.9217769504989215e-05 1.7808053143303492e-05 -0.10536866276269533 0.00022686733000369869 0.0002102255138472572 
1 -0.4990828774063622 -0.57315170525533932 -0.53110825497780034 0.052824899839935734 0.070571041377216551 0.06539431409546563 
1 -0.49198893560544044 0.57313248748584367 0.53109044692465923 0.052543762922759439 -0.070797908707220525 -0.065604539609311882 

0.18000000000000002 3 0.0137959
1 0.98998671950896266 2.1554143442157441e-05 1.9973042749662944e-05 -0.11165245168719849 0.00024041311399491963 0.00022277764905318504 
1 -0.49853888308545824 -0.5724249456860615 -0.53043480673872634 0.055975174430473396 0.074782573368041116 0.0692969098409211 
1 -0.49144783642349976 0.57240339154262943 0.53041483369597608 0.055677277256724583 -0.0750229864820363 -0.069519687489973503 

0.19000000000000003 3 0.0149698
1 0.98883871421343594 2.4026148402235054e-05 2.2263714187268207e-05 -0.11795117037634011 0.00025399388407365108 0.00023536220394785448 
1 -0.497963348970485 -0.57165601871852501 -0.52972228428404344 0.059132933389343875 0.07900462647356149 0.07320925492641224 
1 -0.49087536524294206 0.57163199257013031 0.52970002056985732 0.058818236986995155 -0.079258620357635409 -0.073444617130359394 

0.20000000000000004 3 0.0160599
1 0.98762764333615893 2.6634144775733336e-05 2.4680401410243065e-05 -0.12426571905040754 0.00026761175072516889 0.00024798113420224885 
1 -0.49735619796610031 -0.57084481596406011 -0.52897058717591472 0.062298628020280196 0.083237837635655426 0.077131939571048982 
1 -0.49027144537004941 0.57081818181928945 0.52894590677450937 0.06196709103012616 -0.083505449386380867 -0.077379920705249988 

0.21000000000000005 3 0.0172298
1 0.98635334402648056 2.9378514197713528e-05 2.7223458058871141e-05 -0.13059700993500623 0.00028126885267149276 0.00026063642165277543 
1 -0.49671734843413218 -0.56999122262049251 -0.52817960903346872 0.065472715648768498 0.087482852709275236 0.081065562253197387 
1 -0.48963599559233639 0.56996184410630224 0.52815238557541733 0.065124294286236395 -0.08776412156194742 -0.081326198674849179 

0.22000000000000006 3 0.0188227
1 0.98501564424824317 3.2259659839158895e-05 2.989325772959354e-05 -0.13694596803685496 0.00029496735868091574 0.00027333007597808554 
1 -0.4960467141314347 -0.56909511738012286 -0.52734923744750417 0.068655660011254047 0.091740327043979192 0.085010730249356931 
1 -0.48896893011679637 0.56906285772028908 0.52731934418978643 0.068290308025600446 -0.092035294402661394 -0.085284060325333949 

0.23000000000000007 3 0.0203288
1 0.98361436264799162 3.5278006716708173e-05 3.2690194262022742e-05 -0.14331353194378513 0.0003087094694316118 0.00028606413642595673 
1 -0.49534420414376934 -0.56815637233178429 -0.52647935388976519 0.071847931656496708 0.096010926084454634 0.088968060190626821 
1 -0.48827015850421346 0.56812109432507141 0.52644666369551518 0.07146560028728717 -0.096319635553887603 -0.089254124327051404 

0.24000000000000007 3 0.0208306
1 0.98214930841506465 3.8434002021311522e-05 3.5614682043489396e-05 -0.14970065465068444 0.00032249741943295152 0.00029884067359368715 
1 -0.49460972281562943 -0.56717485285680724 -0.52556983361650822 0.075050008359963949 0.10029532599142356 0.09293817863806958 
1 -0.48753958559942706 0.5671364188547916 0.52553421893447694 0.074650646290718603 -0.10061782341085843 -0.093237019311661729 

0.25000000000000006 3 0.0213337
1 0.98062028113325495 4.1728115466405464e-05 3.8667156331676873e-05 -0.1561083044132652 0.0003363334790086566 0.00031166179126576235 
1 -0.49384316967584135 -0.56615041751867456 -0.52462054556626381 0.078262375552187763 0.10459421428442472 0.096921722678339359 
1 -0.48677711145740726 0.56610868940321291 0.5245818784099423 0.077845928861075012 -0.10493054776343538 -0.097233384469603626 

0.26000000000000006 3 0.0218377
1 0.97902707062384198 4.5160839656244905e-05 4.1848073595935237e-05 -0.16253746563158356 0.00035021995634597401 0.00032452962831272931 
1 -0.49304443935881093 -0.56508291794609966 -0.52363135225150881 0.081485526762067995 0.10890829050802651 0.10091934054102603 
1 -0.48598263126502522 0.5650377571064481 0.52358950417791872 0.081051938869514298 -0.10925851046437414 -0.10124387016933767 

0.27000000000000007 3 0.0223396
1 0.97736945677957376 4.8732690475075668e-05 4.5157911877905225e-05 -0.16898913976539442 0.00036415919961522541 0.00033744636065525716 
1 -0.49221342152125763 -0.56397219870936999 -0.52260210964404241 0.084719964076160614 0.11323826692313291 0.1049316922392512 
1 -0.4851560352583103 0.56392346601889676 0.52255695173217187 0.084269175689230869 -0.11360242612274939 -0.10526913859990582 

0.28000000000000008 3 0.0228415
1 0.97564720938936722 5.2444207497874868e-05 4.8597171172128212e-05 -0.17546434628350069 0.00037815359916451016 0.00035041420329785941 
1 -0.49135000075426527 -0.56281809718959064 -0.52153266705385681 0.087966198615048855 0.11758486922513992 0.10895945023514314 
1 -0.48429720863509229 0.56276565298209591 0.52148406988269369 0.08749814766844935 -0.11796302282430558 -0.10930986443844119 

0.29000000000000009 3 0.0233464
1 0.9738600879533017 5.6295954423430847e-05 5.2166373827360995e-05 -0.1819641236494412 0.00039220558979433481 0.00036343541243663959 
1 -0.4904540564904924 -0.56162044344065054 -0.5204228670012111 0.09122475102795044 0.12194883729080028 0.11300330013191534 
1 -0.48340603146280336 0.56156414748623096 0.52037070062739199 0.090739372621487582 -0.12234104288059613 -0.11336673554435248 

0.3000000000000001 3 0.0238464
1 0.97200784148761521 6.0288519530596484e-05 5.5866064969355664e-05 -0.18848953034592739 0.00040631765311747878 0.00037651228764607283 
1 -0.48952546290632887 -0.56037906004353122 -0.51927254508162657 0.094496152006803794 0.12633092595578352 0.11706394139438929 
1 -0.48248237858128273 0.56031877152400289 0.51921667901666479 0.093993378339120817 -0.12673724360890221 -0.11744045368203623 

0.31000000000000011 3 0.0243442
1 0.97009020831918591 6.4422516158584299e-05 5.9696812945926477e-05 -0.19504164594066378 0.00042049232000946946 0.00038964717414971924 
1 -0.4885640888188072 -0.55909376195270011 -0.51808152982355915 0.097780942821130229 0.13073190582503644 0.12114208809991144 
1 -0.48152611950037433 0.55902933943654454 0.51802183301061733 0.097260703119531236 -0.13115239814504748 -0.12153173527406198 

0.32000000000000012 3 0.024847
1 0.96810691586919062 6.869858321224606e-05 6.3659209795163631e-05 -0.20162157219629417 0.00043473217315550774 0.00040284246518033028 
1 -0.48756979757707575 -0.55776435633422783 -0.51684964253837584 0.10107967587506771 0.13515256411819279 0.12523846972174665 
1 -0.48053711829211387 0.55769565775101837 0.51678598332858572 0.100541896321224 -0.13558729629134975 -0.12564131218692753 

0.33000000000000013 3 0.025351
1 0.96605768042540396 7.3117385693329188e-05 6.7753871737719553e-05 -0.20823043422742352 0.00044903984969997302 0.00041610060443499015 
1 -0.48654244694814647 -0.55639064239524638 -0.51557669716233934 0.10439291528805134 0.13959370555242342 0.12935383194716654 
1 -0.47951523347725455 0.55631752500955556 0.51550894329060704 0.10383751893936935 -0.14004274540212497 -0.12976993255160293 

0.34000000000000014 3 0.026526
1 0.96394220690268118 7.7679615258768249e-05 7.1981439694145894e-05 -0.21486938170785197 0.00046341804400497669 0.00042942408863131792 
1 -0.48548188899675504 -0.55497241120440455 -0.51426250009022434 0.10772123750072067 0.14405615326528959 0.13348893753261401 
1 -0.47846031790592436 0.55489473158914859 0.514190518650541 0.1071481442071275 -0.14451957130929663 -0.13391836162124685 

0.35000000000000014 3 0.0276239
1 0.96176018859111567 8.2385990807133175e-05 7.6342579828326027e-05 -0.22153959013134669 0.00047786951052485635 0.00044281547017110273 
1 -0.48438796995899586 -0.55350944550286729 -0.5129068500001841 0.11106523190772356 0.14854074978033638 0.13764456719845389 
1 -0.47737221863211893 0.5534270595120625 0.51283050742036695 0.11047435822361967 -0.14901861929086258 -0.13808738266862583 

0.36000000000000015 3 0.0287449
1 0.9595113068913026 8.7237259094436069e-05 8.0837984118105894e-05 -0.22824226212953586 0.00049239706680394713 0.00045627735991817078 
1 -0.48326053010950648 -0.55200151950543819 -0.51150953766945839 0.11442550151921733 0.15304835801834085 0.14182152056605013 
1 -0.476250776781796 0.5519142822463472 0.51142869968535287 0.1138167606103152 -0.15354075508514492 -0.14227779792596901 

0.37000000000000016 3 0.0300879
1 0.95719523103611437 9.2234195380562909e-05 8.5468370954307747e-05 -0.23497862885071799 0.00050700359660533459 0.00046981243009762657 
1 -0.48209940362187403 -0.55044839869133566 -0.51007034578049804 0.11780266365298513 0.15757986235736612 0.14602061714005632 
1 -0.47509582741423423 0.5503561644959597 0.50998487740955289 0.11717596519772934 -0.15808686595397123 -0.14649042957015415 

0.38000000000000017 3 0.031198
1 0.95481161779834978 9.7377604107681183e-05 9.0234485769374138e-05 -0.24174995140366529 0.00052169205317891855 0.00048342341732419036 
1 -0.4809044184219608 -0.54884983958409528 -0.50858904871701915 0.1211973506592028 0.16213616974497286 0.15024269733904369 
1 -0.47390719937638504 0.54875246197999727 0.50849881423125709 0.12055260074445927 -0.16265786179815145 -0.15072612075636765 

0.39000000000000018 3 0.0324192
1 0.95236011118366526 0.00010266831961205851 9.5137101696971815e-05 -0.24855752237078999 0.00053646546267747377 0.00049711312576769702 
1 -0.47967539603381737 -0.54720558952009191 -0.50706541234949198 0.12461021068006589 0.16671821086620325 0.15448862357780269 
1 -0.47268471514984367 0.54710292120048998 0.50697027524780081 0.12394731169072007 -0.16725467632888122 -0.15498573670357052 

0.40000000000000019 3 0.0338602
1 0.94984034210793544 0.00010810720687082894 0.00010017702026397751 -0.25540266739532919 0.00055132692773013142 0.00051088443046443555 
1 -0.47841215141780852 -0.54551538640507169 -0.50549919380953912 0.12804190844661606 0.17132694137121007 0.15875928140492465 
1 -0.47142819069011993 0.54540727919821064 0.50539901678928123 0.12736075894870857 -0.17187826829893993 -0.15927016583538939 

0.4100000000000002 3 0.0350401
1 0.9472519280583892 0.00011369516228531236 0.00010535507211633738 -0.26228674684758191 0.00056627963118325425 0.0005247402807835868 
1 -0.47711449280057622 -0.54377895845810098 -0.50389014125267628 0.13149312611529415 0.17596334316670117 0.16305558069950982 
1 -0.47013743525780233 0.54366526329582576 0.50378478618056777 0.13079362073228359 -0.17652962279788439 -0.16358032098029474 

0.42000000000000021 3 0.0363421
1 0.94459447273765829 0.0001194331145026297 0.00011067211778041415 -0.2692111575755633 0.00058132684001920433 0.00053868370405855644 
1 -0.47578222149642729 -0.5419960239422541 -0.50223799360874632 0.13496456414692232 0.18062842577570631 0.1673784569311908 
1 -0.46881225124121817 0.5418765908277593 0.50212732149097428 0.13424659342863693 -0.18120975261572556 -0.16791714063525157 

0.43000000000000022 3 0.0368521
1 0.94186756568987839 0.00012532202527744136 0.00011612904846151091 -0.27617733474585726 0.00059647190946448148 0.0005527178093937483 
1 -0.47441513171970551 -0.54016629088136159 -0.50054248031944848 0.13845694223103383 0.18532322777048021 0.17172887248792296 
1 -0.46745243397015634 0.54004096885609221 0.50042635127099699 0.13772039251482179 -0.18591969967994429 -0.17228159029731913 

0.44000000000000022 3 0.03736
1 0.93907078190789417 0.00013136289037576186 0.00012172678688138819 -0.28318675378090941 0.00061171828729919108 0.000566845791657918 
1 -0.47301301038768595 -0.53828945676202067 -0.49880332106219427 0.14197100025866563 0.19004881828378753 0.17610781807641071 
1 -0.46605777152019007 0.53815809387165425 0.4986815942753216 0.14121575352224455 -0.19066053657108589 -0.17667466386807112 

0.45000000000000023 3 0.0378621
1 0.93620368142058674 0.00013755674052293247 0.00012746628815669627 -0.29024093239941745 0.0006270695183808716 0.00058107093567614956 
1 -0.47157563691347471 -0.53636520822008771 -0.49702022545961988 0.145507499346997 0.19480629860418761 0.18051631420036993 
1 -0.46462804450709605 0.53622765147957141 0.49689275917147058 0.14473343305242276 -0.19543336812256751 -0.18109738513604812 

0.46000000000000024 3 0.0383611
1 0.93326580885926624 0.00014390464239795404 0.00013334854072037338 -0.29734143276707092 0.00064252924939637646 0.00059539662063317863 
1 -0.47010278298840286 -0.53439322071077167 -0.49519289277386297 0.14906722291945673 0.199596803861433 0.18495541272229515 
1 -0.46316302587084657 0.53424931606837867 0.49505954423314746 0.14827420984761383 -0.20023933311082939 -0.18555080934292936 

0.47000000000000025 3 0.0388632
1 0.93025669300193436 0.00015040769967655451 0.00013937456728819076 -0.30448986376538728 0.00065810123385672545 0.00060982632470183481 
1 -0.46859421235331367 -0.53237315816139363 -0.4933210115847998 0.15265097784522319 0.20442150480855728 0.18942619851482045 
1 -0.46166248064860482 0.53222275046172174 0.49318163701751733 0.15183888592016301 -0.20507960604241457 -0.19003602483952242 

0.48000000000000026 3 0.0393603
1 0.9271758462942814 0.00015706705412546501 0.00014554542587276836 -0.31168788338708125 0.00067378933735058968 0.00062436362991115477 
1 -0.46704968055813934 -0.53030467260581471 -0.49140425945129579 0.15625959564233266 0.20928160970780352 0.19392979120830794 
1 -0.46012616573612608 0.53014760555169405 0.49125871402542792 0.15542828774474934 -0.20995539904515467 -0.19455415483821886 

0.49000000000000027 3 0.0398624
1 0.92402276434602826 0.00016388388675061234 0.00015186221084753529 -0.31893720126701741 0.00068959754307332363 0.00063901222726983891 
1 -0.46546893470912898 -0.52818740379945572 -0.48944230255445165 0.15989393374898439 0.21417836632813331 0.19846734704183086 
1 -0.45855382963688568 0.52802351991271712 0.48929044034360991 0.15904326751803377 -0.2148679638712081 -0.1991063592690997 

0.50000000000000022 3 0.0405636
1 0.92079692540124436 0.00017085941900204583 0.00015832605406326848 -0.3262395813585563 0.00070552995764986922 0.00065377592216203271 
1 -0.46385171320297391 -0.5260209788137471 -0.48743479532180722 0.16355487686796932 0.21911306406271841 0.20304006082533235 
1 -0.45694521219826501 0.5258501193947529 0.48727646926775081 0.16268470449058903 -0.21981859402036932 -0.20369383674749342 

0.51000000000000023 3 0.0412836
1 0.91749778978114582 0.00017799491403864043 0.00016493812602002997 -0.33359684476596119 0.0007215908172707484 0.00066865864003319336 
1 -0.46219774544711545 -0.52380501160874837 -0.48538138003132858 0.16724333838959363 0.22408703617553874 0.20764916802143152 
1 -0.45530004433402665 0.5236270166947169 0.48521644190531721 0.16635350637637 -0.22480862699281129 -0.20831782666146265 

0.52000000000000024 3 0.0420766
1 0.91412479929772172 0.00018529167805582015 0.0001716996370974909 -0.34101087274434094 0.00073778449416211163 0.00068366443238552642 
1 -0.4605067515654207 -0.52153910258266034 -0.48328168639393865 0.17096026189887828 0.22910166218702371 0.21229594695605927 
1 -0.45361804773229675 0.52135381090461064 0.48310998675684974 0.17005061084546516 -0.22983944668118869 -0.21297961138844351 

0.53000000000000025 3 0.0431726
1 0.91067737663647619 0.00019275106167973512 0.00017861183884683966 -0.34848360987964899 0.00075411550341215265 0.00069879748310366972 
1 -0.45877844208830915 -0.51922283809669345 -0.48113533111325069 0.17470662277334134 0.23415837040952822 0.21698172116794995 
1 -0.45189893454816649 0.51903008703501985 0.48095671927441297 0.1737769871063104 -0.23491248591294342 -0.21768051865105253 

0.54000000000000026 3 0.0443075
1 0.90715492470644143 0.00020037446143159269 0.00018567602534769726 -0.35601706746230422 0.00077058851017794275 0.00071406211513285584 
1 -0.45701251762644091 -0.51685578997380177 -0.478941917421082 0.17848342987820345 0.23925864064443345 0.22170786190789496 
1 -0.45014240708000175 0.51665541551237582 0.47875624139574369 0.17753363758410179 -0.24002922915461533 -0.2224219240230261 

0.55000000000000027 3 0.0454013
1 0.90355682595537923 0.00020816332126605988 0.00019289353463366996 -0.36361332706916139 0.00078720833729848197 0.00072946279753351964 
1 -0.4552086685269322 -0.51443751496960122 -0.47670103458716251 0.18229172736643623 0.24440400705371881 0.22647579079966998 
1 -0.44834815742844686 0.51422935164833894 0.47650814105253947 0.18132159970272682 -0.24519121539102207 -0.22720525359720128 

0.56000000000000028 3 0.0465512
1 0.89988244164809195 0.00021611913418794276 0.00020026575019043918 -0.37127454436990753 0.00080397997334168039 0.00074500415293796769 
1 -0.45336657451100937 -0.51196755421361229 -0.47441225740138626 0.18613259659174267 0.24959606122003269 0.23128698267563658 
1 -0.44651586713708008 0.51175143507942689 0.47421199165120637 0.18514194777816695 -0.2504000411933795 -0.23203198682857321 

0.57000000000000028 3 0.0480092
1 0.89613111110546051 0.00022424344395163237 0.00020779410253054216 -0.37900295317532207 0.00082090858111506012 0.00076069096543681736 
1 -0.45148590429193874 -0.50944543261891639 -0.47207514562675662 0.19000715814328772 0.25483645541062216 0.2361429686012477 
1 -0.44464520681351621 0.50922118917496728 0.47186735152423559 0.1889957950320362 -0.25565736399174216 -0.23690365956668402 

0.58000000000000029 3 0.0493572
1 0.89230215090170351 0.00023253784684810152 0.00021548007084928905 -0.38680086974649075 0.00083799950667225187 0.00077652818892479244 
1 -0.44956631517194257 -0.50687065825806854 -0.46968924342109447 0.19391657401177795 0.26012690606191735 0.24104533910401693 
1 -0.44273583572975539 0.50663812041122702 0.46947376335025226 0.1928842957347143 -0.26096490556859481 -0.24182186729294014 

0.5900000000000003 3 0.0510082
1 0.8883948540171801 0.0002410039935846002 0.00022332518476656508 -0.39467069738574612 0.00085525828884977051 0.0007925209559379551 
1 -0.44760745261677476 -0.50424272170302342 -0.46725407872535207 0.19786204989737802 0.26546919750318448 0.24599574762402665 
1 -0.44078740140040062 0.50400171770944602 0.46703075354059115 0.19680864748836863 -0.26632445579203962 -0.24678826857996133 

0.60000000000000031 3 0.0521162
1 0.88440848894375768 0.00024964359126250827 0.00023133102615960596 -0.40261493133207321 0.00087269066937119017 0.00080867458701668223 
1 -0.44560894980645521 -0.50156109532647775 -0.4647691626162484 0.20184483767093081 0.27086518593946679 0.25099591420469958 
1 -0.43879953913729475 0.50131145173522429 0.46453783159009387 0.20077009366114343 -0.27173787660884252 -0.25180458879171297 

0.61000000000000032 3 0.0532212
1 0.8803422987395918 0.00025845840545924792 0.00023949923109218847 -0.41063616398586023 0.00089030260355874675 0.00082499460063150732 
1 -0.44357042716056455 -0.4988252325620619 -0.46223398862070153 0.20586623800102671 0.27631680371601675 0.25604762944441889 
1 -0.43677187157902048 0.49856677415661227 0.46199448938961346 0.20476992598483498 -0.27720710631958106 -0.25687262404504785 

0.62000000000000033 3 0.0543272
1 0.87619550002994318 0.00026745026242051226 0.00024783149184604946 -0.41873709049018248 0.00090810027169531805 0.00084148672371167751 
1 -0.44149149183639952 -0.49603456712034444 -0.45964803198934567 0.20992760316064921 0.28182606388866938 0.26115275873163324 
1 -0.43470400819353677 0.49576711685793395 0.45940020049750441 0.20880948732953591 -0.28273416416037195 -0.26199424545534339 

0.63000000000000034 3 0.0551043
1 0.87196728195022422 0.00027662105136956827 0.00025632955906079106 -0.42692051469853615 0.00092609009108330633 0.00085815690281941374 
1 -0.4393717371980792 -0.49318851215749698 -0.45701074892618826 0.21403034002848914 0.28739506512704349 0.26631324678839385 
1 -0.43259554475213718 0.49291189110613737 0.45675441936713235 0.21289017467005025 -0.28832115521813273 -0.26717140369121134 

0.64000000000000035 3 0.0556083
1 0.86765680502733322 0.00028597272694083669 0.0002649952439889449 -0.43518935556176441 0.00094427872885017976 0.0008750113160161388 
1 -0.43721074225461837 -0.49028645939314253 -0.45432157577116161 0.21817591330145275 0.29302599698030185 0.27153112254983902 
1 -0.4304460627727083 0.49000048666621232 0.45405658052717873 0.21701344226031488 -0.29397027570915707 -0.27240613386585327 

0.65000000000000036 3 0.0561142
1 0.86326319999486323 0.00029550731174548574 0.00027383042087336136 -0.44354665397023385 0.00096267311555480036 0.00089205638547068999 
1 -0.43500807106472539 -0.4873277781736059 -0.45157992813208792 0.22236584893657566 0.2987211455382523 0.27680850441003141 
1 -0.42825512893013062 0.48703227086187084 0.45130609771122215 0.22118080503366114 -0.29968381865381372 -0.27770056079550026 

0.66000000000000036 3 0.0566182
1 0.85878556653745364 0.00030522689907732102 0.00028283702945462215 -0.45199558009092139 0.00098128045965229708 0.00090929879086314332 
1 -0.43276327210597171 -0.48431181447641103 -0.44878519996220467 0.22660173784236531 0.3044828995240893 0.282147605867761 
1 -0.42602229443147449 0.48400658757734522 0.44850236293275886 0.22539384224855841 -0.30546417998374753 -0.28305690465862254 

0.67000000000000037 3 0.0571222
1 0.8542229719591099 0.00031513365576789289 0.000292017077616698 -0.46053944124312307 0.0010001082628802434 0.00092674548364232972 
1 -0.43047587760569428 -0.48123788985153948 -0.44593676257908532 0.23088523984165368 0.31031375685896423 0.28755074160957905 
1 -0.42374709435341162 0.48092275619578412 0.44564474550147753 0.22965420140147136 -0.31131386512184878 -0.28847748709322141 

0.68000000000000038 3 0.0576253
1 0.84957444976988694 0.00032522982520033212 0.00030137264417971998 -0.46918169036102941 0.0010191643366333656 0.0009444037021993769 
1 -0.42814540283081082 -0.47810530029449577 -0.44303396362036696 0.23521808793033536 0.31621633174300157 0.2930203340713875 
1 -0.42142904693907041 0.47778007046930798 0.44273259097619611 0.23396360243069692 -0.31723549607963775 -0.29396473777358673 

0.69000000000000039 3 0.0581274
1 0.84483899818476638 0.00033551773049219502 0.00031090588184932771 -0.47792593509648384 0.0010384568193994778 0.00096228098802465236 
1 -0.42577134533347172 -0.47491331504577505 -0.44007612593128942 0.2396020928589393 0.32219336230232087 0.29855892052450794 
1 -0.41906765285129349 0.47457779731529376 0.43976522004944901 0.23832384223754735 -0.32323181912172394 -0.29952120151253148 

0.7000000000000004 3 0.0586245
1 0.84001557852810282 0.00034599977785827919 0.00032061902033282127 -0.48677594762087212 0.0010579941953348267 0.00098038520292050837 
1 -0.4233531841491413 -0.47166117531080554 -0.43706254637853437 0.24403914806683374 0.32824771885721843 0.30416916073735367 
1 -0.4166623943789568 0.4713151755329576 0.43674192735821182 0.24273679955404134 -0.32930571305255679 -0.30514954594027394 

0.71000000000000041 3 0.0591235
1 0.83510311353623612 0.00035667846016524855 0.00033051436963304034 -0.49573567519158834 0.0010777853140628963 0.00099872454734771716 
1 -0.42089037894345405 -0.46834809289384582 -0.43399249458433337 0.24853123500215452 0.33438241287300752 0.30985384526969184 
1 -0.41421273459278007 0.46799141443369024 0.43366198021470881 0.24720444018943674 -0.33546019818707495 -0.3108525698170394 

0.72000000000000042 3 0.0596254
1 0.83010048555036564 0.00036755636069073732 0.0003405943235317069 -0.50480925155557199 0.0010978394117872848 0.0010173075799896746 
1 -0.41838236910377624 -0.46497324873868545 -0.43086521157420848 0.25308042886413118 0.3406006066621875 0.31561590446310189 
1 -0.41171811644658918 0.46460569237800586 0.43052461725068647 0.25172882269144237 -0.34169844607397892 -0.31663321204309203 

0.73000000000000043 3 0.0601315
1 0.8250065345908415 0.00037863615710055165 0.00035086136327488234 -0.514001009270597 0.0011181661338159562 0.0010361432386243421 
1 -0.41582857277107599 -0.46153579136824574 -0.42767990833104486 0.25768890480864176 0.34690562391474322 0.32145841819883048 
1 -0.40917796181976812 0.46115715521115574 0.42732904696777962 0.25631210446196001 -0.34802379004856426 -0.32249456143745547 

0.74000000000000044 3 0.0606267
1 0.81982005630328236 0.00038992062565860244 0.00036131806147409547 -0.52331549303411296 0.0011387755586011734 0.0010552408624007507 
1 -0.4132283858072277 -0.45803483521437843 -0.4244357642474007 0.26235894466242593 0.35330096114265053 0.32738462650278261 
1 -0.40659167049606221 0.45764491458872936 0.4240744461859367 0.26095654837169263 -0.35443973670125772 -0.32843986736518538 

0.75000000000000044 3 0.0611308
1 0.81453979976598467 0.00040141264568529101 0.00037196708623766242 -0.53275747411972119 0.0011596782234071829 0.0010746102156238408 
1 -0.41058118069242422 -0.45446945882825723 -0.42113192546717992 0.26709294419667007 0.35979030013520608 0.33339794108719939 
1 -0.40395861907356562 0.45406804618258118 0.42075995838095326 0.265664529923058 -0.36094997835861858 -0.33447255130282577 

0.76000000000000045 3 0.0616317
1 0.80916446514691898 0.00041311520428118049 0.00038281120554787288 -0.54233196603318323 0.0011808851517253354 0.001094261513158553 
1 -0.40788630534682202 -0.45083870296070994 -0.41776750310678001 0.27189342101660885 0.3663775215338691 0.33950195792971827 
1 -0.40127815980010123 0.45042558775643871 0.41738469190124422 0.27043854501658193 -0.36755840668560141 -0.3405962194428806 

0.77000000000000046 3 0.0621297
1 0.8036927011976035 0.00042503140133411745 0.00039385329190080165 -0.55204424151304787 0.0012024078825645559 0.0011142054475716651 
1 -0.40514308186995768 -0.44714156850070891 -0.41434157134479765 0.27676302313055329 0.37306671964910593 0.34570047100332379 
1 -0.39854961932765059 0.44671653709938647 0.41394771805290959 0.27528121838249725 -0.37426912753167746 -0.3468146764508972 

0.78000000000000047 3 0.0626347
1 0.79812310256964858 0.00043716445482917002 0.0004050963272267441 -0.56189985101616868 0.0012242585017533129 0.0011344532181376806 
1 -0.40235080519076738 -0.44337701425890547 -0.41085316536815769 0.28170453826944702 0.37986221865753422 0.35199748728535968 
1 -0.39577229737888675 0.44293984980408602 0.41044806904094489 0.28019531274672588 -0.38108647715929495 -0.35313194050349977 

0.79000000000000048 3 0.0631325
1 0.79245420693836688 0.0004495177064822596 0.00041654340811059638 -0.57190464284564579 0.0012464496753973929 0.0011550165618422574 
1 -0.39950874162034317 -0.43954395458164097 -0.40730127916115266 0.28672090403682443 0.38676859033592403 0.35839724319065364 
1 -0.39294546531802782 0.43909443687516708 0.40688473575305567 0.28518373880882519 -0.38801504001132697 -0.35955225975249822 

0.80000000000000049 3 0.0636306
1 0.78668449191616163 0.00046209462771977831 0.00042819775133282631 -0.58206478509832882 0.0012689946856460231 0.0011759077865247213 
1 -0.39661612729865869 -0.43564125677922333 -0.40368486312235602 0.29181521897910295 0.39379067350955227 0.36490422259324184 
1 -0.39006836461750377 0.43517916215151053 0.40325666537103694 0.2902495661192333 -0.39505966819520366 -0.36608013037976744 

0.8100000000000005 3 0.0641267
1 0.78081237173654261 0.00047489882602805826 0.00044006269975319719 -0.59238678963167457 0.0012919074689265401 0.0011971398063080228 
1 -0.39367216652558795 -0.43166773835030009 -0.40000282149261557 0.29699075467756836 0.40093359541670909 0.37152317662368195 
1 -0.3871402052109576 0.43119283952428167 0.39956275879287551 0.29539603495411476 -0.40222550288564252 -0.37272031642999071 

0.82000000000000051 3 0.0648298
1 0.77483619368742318 0.00048793405169824999 0.00045214172856085811 -0.60287753827551738 0.0013152026568143405 0.0012187261794707133 
1 -0.39067602996539547 -0.42762216398207437 -0.39625400957530182 0.30225096897664899 0.40820279521925573 0.37825914545499895 
1 -0.38416016372203066 0.42713422993038458 0.39580186784675131 0.30062656929887677 -0.40951799787607956 -0.37947787163446939 

0.83000000000000052 3 0.0660768
1 0.76875423427003897 0.00050120420499377499 0.00046443845191603808 -0.61354431154414346 0.0013388956197108687 0.0012406811489209522 
1 -0.38762685271276576 -0.42350324230359626 -0.39243723072776654 0.30759952047827099 0.41560404992177741 0.38511748232054382 
1 -0.38112738155727877 0.42300203809861037 0.3919727922758604 0.30594479106588052 -0.41694294554149908 -0.386358163469464 

0.84000000000000052 3 0.0672019
1 0.76256469505705338 0.00051471334376932798 0.00047695663001016405 -0.62439482013828385 0.0013630025135054553 0.0012630196854354328 
1 -0.38452373220692598 -0.41930962236658392 -0.38855123310032325 0.31304028444950804 0.42314350299998715 0.39210388004236801 
1 -0.37804096285013344 0.41879490902282263 0.38807427647032466 0.31135453568878424 -0.42450650551350272 -0.39336689972780309 

0.85000000000000053 3 0.0683188
1 0.7562656982203233 0.00052846569157216877 0.00048970017657286985 -0.63543723956630205 0.0013875403293974772 0.0012857575338268699 
1 -0.3813657259789392 -0.41503988982500634 -0.38459470609606544 0.31857737031109595 0.43082769608345961 0.39922440038986889 
1 -0.37489997224138866 0.41451142413344144 0.38410500591950397 0.31685986925521803 -0.43221523641286741 -0.40051015792369643 

0.86000000000000054 3 0.0694389
1 0.74985528169533833 0.00054246564625815268 0.00050267316685600821 -0.64668024825976289 0.0014125269470522317 0.0013089112622005968 
1 -0.3781518492154417 -0.41069256278093036 -0.38056627652144115 0.32421514089777809 0.43866360408994592 0.40648550663683936 
1 -0.37170343247989901 0.41015009713468009 0.38006360335459588 0.32246510736199357 -0.44007613103700921 -0.40779441789904003 

0.87000000000000055 3 0.0706279
1 0.74333139394524927 0.00055671778915666967 0.00051587984612629729 -0.65813306961184559 0.0014379811912543761 0.0013324983144522595 
1 -0.37488107211999866 -0.40626608725987995 -0.37646450439351903 0.329958233708809 0.44665867426980804 0.41389409974180053 
1 -0.36845032182525522 0.40570936947073294 0.37594862454740435 0.32817483590305174 -0.44809665546107236 -0.41522659805625289 

0.88000000000000056 3 0.0717158
1 0.73669188828290311 0.00057122689482024837 0.00052932463869974334 -0.66980551842935487 0.0014639228922061942 0.0013565370661428571 
1 -0.3715523170509874 -0.4017588322740292 -0.3722878783653224 0.335811584398717 0.45482086969143276 0.42145755864355028 
1 -0.36513957123192248 0.40118760537921927 0.37175855372663241 0.33399393403064981 -0.45628479258364868 -0.42281409570969181 

0.89000000000000057 3 0.0736108
1 0.72993451670396359 0.00058599794139586523 0.00054301215755215215 -0.68170805236136589 0.0014903729495905755 0.0013810468838624478 
1 -0.36816445541218967 -0.39716908442580656 -0.36803481072527849 0.34178045279570562 0.4631587177840919 0.42918378524316825 
1 -0.36177006129178213 0.39658308648442248 0.36749179856773539 0.33992759956567653 -0.46464909073369148 -0.43056483212703234 

0.90000000000000058 3 0.0741088
1 0.72305692317819981 0.00060103612165605263 0.00055694721454107449 -0.69385182895300634 0.001517353400477077 0.0014060481881549187 
1 -0.36471630426920532 -0.39249504199783214 -0.36370363192069449 0.34787045177871506 0.47168136465642974 0.43708125473798876 
1 -0.35834061890900298 0.39189400587618733 0.36314668470616063 0.34598137717430771 -0.47319871805691455 -0.43848730292614568 

0.91000000000000059 3 0.0746129
1 0.71605663633904082 0.00061634685472840788 0.00057113483127488492 -0.70624876907240453 0.0015448874910891275 0.0014315625200207517 
1 -0.3612066226612255 -0.38773480846735531 -0.35929258454793728 0.35408757939552399 0.48039863603001792 0.44515907208537348 
1 -0.35485001367782287 0.38711846161263891 0.35872144971666958 0.35216118967689408 -0.48194352352111508 -0.44659063460539422 

0.9200000000000006 3 0.0751209
1 0.70893106150344509 0.00063193579856182618 0.00058558025066454895 -0.71891162757700688 0.0015729997523644434 0.0014576126109347286 
1 -0.35763410757361042 -0.38288638537425296 -0.35479981674359956 0.3604382546649601 0.48932110577260324 0.45342703550871333 
1 -0.35129695392984522 0.38225444957570281 0.35421423649294415 0.35847337291205977 -0.49089410552497481 -0.45488464811964963 

0.9300000000000006 3 0.0756209
1 0.70167747194479546 0.00064780886316658361 0.00060028894919250328 -0.73185407222482768 0.0016017160791213705 0.0014842224562049906 
1 -0.35399738953190696 -0.37794766446093125 -0.35022337490098399 0.36692935757813377 0.4984601731901574 0.46189570811974384 
1 -0.34768008241289861 0.37729985559777696 0.34962308595180036 0.36492471464670445 -0.50006188926928585 -0.46337993057595178 

0.94000000000000061 3 0.076124
1 0.6942929993306195 0.00066397222466273132 0.00061526664993051788 -0.74509077200167684 0.0016310638124786415 0.0015114173913469598 
1 -0.35029502777239391 -0.372916418989924 -0.3455611956245892 0.37356827389901548 0.50782815044747587 0.47057649892641079 
1 -0.34399797155823447 0.37225244676527319 0.34494592897466753 0.37152249810267246 -0.50945921425996255 -0.47208791631776204 

0.95000000000000062 3 0.0766261
1 0.68677462322437988 0.00068043234016667718 0.00063051933633426725 -0.7586374962327973 0.0016610718249513488 0.0015392241709370458 
1 -0.34652550493775458 -0.36779029412997449 -0.34081109682142297 0.38036294546663507 0.51743836174245139 0.47948175473223742 
1 -0.34024911828663301 0.36710986178982014 0.3401805774850965 0.37827455076617195 -0.51909943356741606 -0.48102097890317808 

0.96000000000000063 3 0.077121
1 0.67911915953564483 0.00069719596353854632 0.00064605326683556943 -0.77251122608318723 0.001691770607339957 0.0015676710491279891 
1 -0.34268722123883621 -0.36256679628369837 -0.33597076781153495 0.38732192682332467 0.52730525617023349 0.48862486472133904 
1 -0.33643193829681473 0.36186960032017418 0.3353247145447048 0.38518929925987438 -0.52899702677758353 -0.49019253577046862 

0.97000000000000064 3 0.0782409
1 0.67132324778556707 0.00071427016200224184 0.00066187499024326056 -0.78673028033427128 0.0017231923561164418 0.0015967878606248122 
1 -0.33877848801451504 -0.35724328120867699 -0.33103775832047544 0.39445444914026007 0.53744453659430835 0.49802037987620368 
1 -0.33254475977105669 0.35652901104669027 0.33037588333023915 0.39227583119402332 -0.53916772895044007 -0.49961716773682935 

0.98000000000000065 3 0.0787439
1 0.66338333703410668 0.00073166233363437989 0.00067799136194925493 -0.80131445766612708 0.0017553710594539317 0.0016266061004037247 
1 -0.33479752061112977 -0.35181694075842002 -0.32600946619288074 0.4017704925890947 0.54787330731021011 0.50768414980953858 
1 -0.32858581642298046 0.35108527842479842 0.32533147483094005 0.39954396507704515 -0.54962867836968021 -0.50931075590994401 

0.99000000000000066 3 0.079447
1 0.65529567029106717 0.0007493802256963311 0.0006944095609158216 -0.81628519808814248 0.0017883425792955957 0.0016571589997609031 
1 -0.33074243049035756 -0.34628478803896878 -0.32088312363791632 0.40928086852373369 0.55861024386718849 0.51763348012870503 
1 -0.3245532398007015 0.34553540781328135 0.32018871407701188 0.40700432956442828 -0.56039858644648843 -0.51929063912846984 

1.0000000000000007 3 0.080349
1 0.6470562672041954 0.00076743195375238594 0.00071113710739134617 -0.83166576666436909 0.0018221447258463712 0.0016884815953398223 
1 -0.3266112164596221 -0.3406436407398386 -0.31565578178297893 0.41699731309894078 0.56967578913484818 0.52788731411995271 
1 -0.32044505074456847 0.33987620878609914 0.31494464467560185 0.41466845356543974 -0.57149793386070769 -0.529575795715296 

1.0100000000000007 3 0.082005
1 0.63866090478326065 0.00078582602147516333 0.00072818188126292933 -0.84748146329431906 0.0018568173195054865 0.0017206107865207901 
1 -0.32240175490108453 -0.3348901023527075 -0.31032429327004402 0.4249325942739246 0.58109238060453039 0.53846644337606497 
1 -0.31625914988216464 0.33410427633124579 0.30959611138879189 0.42254886902041255 -0.58294919792404931 -0.54018705416258883 

1.0200000000000007 3 0.0833569
1 0.630105095877451 0.00080457134097983119 0.00074555214089897491 -0.86375986306622432 0.0018924022334140939 0.0017535853748475356 
1 -0.31811178885418195 -0.32902054093587668 -0.30488529257791308 0.4331006345453971 0.592884715053278 0.54939375304601945 
1 -0.31199330702326089 0.3282159695949044 0.30413974043703074 0.43065922852084193 -0.59477711728671978 -0.5511473384208696 

1.0300000000000007 3 0.0848968
1 0.62138406507423949 0.00082367725344935296 0.00076325654226147945 -0.88053109263165796 0.0019289434072918301 0.0017874460768486605 
1 -0.31373891578053259 -0.32303106501451745 -0.29933517369026486 0.44151665224500763 0.60508005814164023 0.56069450872225379 
1 -0.30764514929369802 0.32220738776107216 0.29857191714801745 0.43901444038666626 -0.6070090015489461 -0.562481954799115 

1.0400000000000007 3 0.0865238
1 0.61249272162734691 0.00084315354970321092 0.00078130415796595198 -0.89782814920913212 0.0019664868198396275 0.0018222354984650153 
1 -0.30928057380904589 -0.31691749612187431 -0.29367006465108997 0.45019732484711272 0.61770860836008046 0.57239669368989776 
1 -0.30321214781828798 0.31607434257217587 0.29288876049314833 0.44763082436204232 -0.61967509517994335 -0.57421892918836448 

1.0500000000000007 3 0.0882487
1 0.60342562894865581 0.00086301049021300321 0.0007997044958287828 -0.91568727026984476 0.0020050804023492279 0.0018579980549961871 
1 -0.30473402622066537 -0.31067533738133446 -0.28788579845143392 0.45916097849836934 0.63080392711339162 0.58453140746231658 
1 -0.29869160272798034 0.30981232689112753 0.28708609395563439 0.45652629177149606 -0.63280900751576474 -0.58638940551732466 

1.0600000000000007 3 0.0901358
1 0.59417697010968507 0.00088325882386462728 0.00081846751625307211 -0.93414836377569987 0.002044773869803917 0.0018947798145909065 
1 -0.30009634388563672 -0.30429973739648802 -0.28197787956828724 0.46842780894656116 0.64440344981293962 0.59713333938235957 
1 -0.29408062622404402 0.30341647857263748 0.28115941205206318 0.46572055482916225 -0.64644822368276056 -0.59902811919696064 

1.0700000000000007 3 0.0916598
1 0.58474050868824312 0.0009039098044879636 0.00083760364754584596 -0.95325551113701468 0.0020856184369949181 0.0019326282351875734 
1 -0.29536438530839171 -0.29778544854848887 -0.27594144532102377 0.47802014027232931 0.65854909688113306 0.61024133480666665 
1 -0.2893761233798508 0.29688153874401496 0.27510384167350332 0.47523537086471318 -0.66063471531814233 -0.61217396304186567 

1.0800000000000007 3 0.0927186
1 0.5751095441604851 0.0009249752037931864 0.00085712379790539432 -0.97305755798141091 0.0021276663750339131 0.0019715917535591777 
1 -0.29053477386364157 -0.29112677858543351 -0.26977122101194256 0.48796272939658103 0.67328800890263307 0.62389907632995767 
1 -0.28457477029682704 0.29020180338164969 0.2689140972140715 0.48509482858484754 -0.67541567527767932 -0.62587066808351799 

1.0900000000000007 3 0.0934236
1 0.56527686086950713 0.0009464673188262435 0.00087703936232984986 -0.99360881157561409 0.0021709703466956144 0.0020117191694111695 
1 -0.2856038717178675 -0.28431753411244209 -0.26346146756166211 0.49828312635925209 0.68867343727121344 0.63815590909866116 
1 -0.27967298915163097 0.28337106679361979 0.26258442819937083 0.49532568521637738 -0.6908444076179231 -0.64016762826808182 

1.1000000000000008 3 0.0941226
1 0.55523466939025046 0.00096839897132848529 0.00089736222202381239 -1.014969868587533 0.0022155824352054669 0.0020530587454123867 
1 -0.28056774981782995 -0.27735095423204831 -0.25700592001724698 0.50901210299532851 0.70476583127775683 0.65306784815574082 
1 -0.27466691957240563 0.27638255526072519 0.2561085577952556 0.50595776559224026 -0.70698141371298096 -0.65512090690116076 

1.1100000000000008 3 0.0948207
1 0.54497453884301772 0.00099078349537237644 0.00091810473294100508 -1.0372086031873491 0.0022615527473406416 0.0020956569127653416 
1 -0.2754221531850789 -0.27021963211292971 -0.25039771487427714 0.52018416608401674 0.72163417568001087 0.66869881789325092 
1 -0.26955238565791628 0.26922884861756147 0.24947961014136899 0.51702443710334667 -0.72389572842737226 -0.67079447480601262 

1.1200000000000008 3 0.0955157
1 0.53448731836898422 0.001013634708227538 0.00093927969878752622 -1.0604013537802164 0.0023089274234853658 0.0021395564272339868 
1 -0.27016246057285537 -0.26291542163920201 -0.24362930357388266 0.53183817561687174 0.73935765088714733 0.68512219045429867 
1 -0.26432485779610321 0.26190178693098443 0.24269002387512414 0.52856317816337195 -0.74166657831065985 -0.68726174688153729 

1.1300000000000008 3 0.0962079
1 0.52376304554521369 0.0010369668574113445 0.00096090032195637475 -1.0846343576616961 0.0023577458176996247 0.002184793756067505 
1 -0.26478363730623328 -0.2554293254517539 -0.23669234875676279 0.54401809494597153 0.75802771322773776 0.70242271340332441 
1 -0.25897940823895221 0.25439235859435044 0.23573144843483254 0.5406162627157608 -0.7603854590454826 -0.70460750715939835 

1.1400000000000008 3 0.0968988
1 0.5127908389542003 0.0010607945340335666 0.0009829801232288664 -1.1100054976157072 0.0024080365094205037 0.0022313953822630872 
1 -0.25928017981961593 -0.2477513595490192 -0.22957759879616749 0.55677390785085268 0.77775072877158746 0.72069895034434728 
1 -0.25351065913455795 0.24669056501499737 0.22859461867296299 0.55323158976489817 -0.78015876528104289 -0.72293034572661274 

1.1500000000000008 3 0.0975978
1 0.50155877138791038 0.0010851325384625594 0.0010055328172946969 -1.1366264444113447 0.0024598116588596584 0.0022793725740219073 
1 -0.25364605000142371 -0.23987038803632957 -0.22227473466917361 0.57016274890405938 0.79865134615878108 0.74006640633668896 
1 -0.24791272138646353 0.23878525549787977 0.22126920185190471 0.56646369550733489 -0.80111115781768139 -0.74234577891071329 

1.1600000000000008 3 0.0982938
1 0.49005371919769186 0.0011099956784195934 0.001028572125657199 -1.1646253064429164 0.0025130589949199519 0.0023287139603914244 
1 -0.24787459691787569 -0.23177391940144274 -0.21477218117639088 0.58425030926457289 0.82087687027323952 0.76066158073845502 
1 -0.2421791222797943 0.23066392372303662 0.21374360905075793 0.58037499717838603 -0.82338992926821342 -0.76299029469883772 

1.1700000000000008 3 0.0989919
1 0.47826118201031997 0.0011353984709266032 0.0010521115004444811 -1.194149935570924 0.002567730386721962 0.0023793749411249593 
1 -0.24195846276176741 -0.22344785254276023 -0.20705687160023983 0.59911260222670393 0.84460301302116492 0.78264729613747219 
1 -0.23630271924852822 0.22231245407184427 0.20600476009981927 0.59503733334427467 -0.84717074340794707 -0.78502667107858848 

1.1800000000000008 3 0.099689
1 0.46616506528974122 0.0011613547066376437 0.0010761637206994537 -1.2253720913079862 0.0026237254313082685 0.0024312624783077693 
1 -0.23588946887974585 -0.21487615620207112 -0.19911395065285126 0.61483820465633665 0.87004157257512715 0.80621981428576017 
1 -0.23027559640996151 0.21371480149544203 0.19803778693217752 0.61053388665171004 -0.87266529800648973 -0.80865107676405368 

1.1900000000000008 3 0.100386
1 0.45374741584724076 0.0011878768156704141 0.0011007403047305238 -1.2584927410903632 0.0026808676810980946 0.0024842130676427931 
1 -0.22965847635300682 -0.20604045867331092 -0.1909263942816781 0.63153113686225404 0.89745086682796915 0.83161850420908456 
1 -0.22408893949419881 0.20485258185764638 0.18982565397697129 0.62696160422815228 -0.90013173450912976 -0.83410271727671514 

1.2000000000000008 3 0.101074
1 0.44098809711316084 0.0012149749443684445 0.0011258506545977732 -1.2937488836956537 0.0027388698499587979 0.0025379604968247195 
1 -0.22325521365867051 -0.19691951437294425 -0.18247451536951911 0.64931461261513557 0.9271501883237615 0.8591392367987718 
1 -0.21773288345445907 0.1957045394285846 0.18134866471494143 0.64443427108054707 -0.92988905817377987 -0.86167719729557313 

1.2100000000000009 3 0.102637
1 0.42786438636132684 0.0012426556062617184 0.0011515008060323387 -1.33142244361769 0.0027972822566004344 0.0025920880708619571 
1 -0.21666806113233716 -0.18748849784120131 -0.17373530952416144 0.66833599657601994 0.95954027997156521 0.88915335853288324 
1 -0.21119632522896775 0.18624584223494287 0.17258380871815698 0.66308644704175745 -0.96233756222826095 -0.89174544660368638 

1.2200000000000009 3 0.104698
1 0.41435046947851756 0.0012709196973430493 0.0011776915893016802 -1.3718520249275723 0.0028554153228241203 0.0026459567954521456 
1 -0.20988377781565934 -0.17771805005174252 -0.16468157134589431 0.68877347199506456 0.9951330864829615 0.92213526050178318 
1 -0.2044666916628467 0.17644713035441645 0.1635038797566217 0.68307855293262809 -0.99798850180585463 -0.92478121729715268 

1.2300000000000009 3 0.106728
1 0.40041679927979973 0.0012997595474110262 0.0012044158968506052 -1.4154486808438076 0.0029122211146771792 0.0026985956076679991 
1 -0.20288715001336616 -0.16757295927225349 -0.15528067205328921 0.71084518999194701 1.0345962757023601 0.95870363388352109 
1 -0.19752964926643232 0.16627319972485247 0.15407625615647483 0.7046034908518628 -1.0375084968170878 -0.96140222949112308 

1.2400000000000009 3 0.108828
1 0.38602926915614311 0.0013291544831774301 0.0012316545718767458 -1.4627174291991756 0.0029661087750374009 0.0027485303474531235 
1 -0.19566053111172849 -0.1570102851246736 -0.14549282115276829 0.73482212440961436 1.0788222015284941 0.99968537410149505 
1 -0.19036873804443638 0.15568113064150982 0.14426116658092697 0.72789530478957598 -1.0817883103036097 -1.0024339044488841 

1.2500000000000009 3 0.111145
1 0.37114813231783927 0.0013590640455002885 0.0012593701231118307 -1.5142871614137983 0.0030146505324528733 0.0027935113321357354 
1 -0.18818322636036403 -0.14597660147116573 -0.13526851157214556 0.76104665756954903 1.1290391973726392 1.0462187103691079 
1 -0.1829649059575135 0.14461753742568506 0.13400914144907322 0.75324050384426877 -1.1320538479052416 -1.0490122217012348 

1.2600000000000009 3 0.113441
1 0.35572656353146154 0.0013894174194079834 0.0012874969302050423 -1.5709530973013888 0.0030541013400350019 0.0028300682321340496 
1 -0.18043064935511516 -0.13440377975225898 -0.12454461231138018 0.78996043054244824 1.1870003050016 1.0999280903588908 
1 -0.17529591417639481 0.13301436233287262 0.12325711538120898 0.7809926667590511 -1.1900544063417318 -1.1027581585910626 

1.2700000000000009 3 0.115458
1 0.33970870716558871 0.0014200965788891211 0.0013159256249238444 -1.6337384756699063 0.0030785905679216984 0.0028527610566860461 
1 -0.17237312817107378 -0.12220221608932395 -0.11323809236980042 0.8221480653972324 1.255323486366257 1.1632394358480784 
1 -0.16733557899456244 0.12078211951046208 0.1119221667449128 0.81159041027271872 -1.2584020769342732 -1.1660921969047535 

1.2800000000000009 3 0.117609
1 0.32302696849292217 0.001450908661640151 0.0013444774923478924 -1.7039865777718481 0.0030787146341826666 0.0028528760220860074 
1 -0.16397414322210391 -0.10924925689280009 -0.10123529539199821 0.85841032931197581 1.3381542840891854 1.2399941938532226 
1 -0.15905282527086337 0.10779834823118568 0.099890817899675022 0.84557624846018642 -1.3412329987233742 -1.2428470698753598 

1.2900000000000009 3 0.118809
1 0.30559815870287954 0.0014815391885907101 0.0013728611219675387 -1.7835020611315935 0.003038987157481611 0.0028160627479871391 
1 -0.15518756768185801 -0.095367749199707808 -0.088372063441825535 0.89989851724082548 1.4425946846736106 1.336773385810814 
1 -0.15041059102106338 0.093886210011129775 0.086999202319868213 0.88360354389095885 -1.4456336718314149 -1.3395894485589714 

1.3000000000000009 3 0.120361
1 0.28731784946575462 0.0015114696985298384 0.0014005960842100977 -1.8747750127442171 0.0029329992113065898 0.0027178495303932411 
1 -0.14595293262434195 -0.080281619557885112 -0.074392574390435826 0.94840000362576571 1.5822486600053693 1.4661830664568263 
1 -0.14136491684146407 0.078770149859401131 0.072991978306235855 0.92637500911877435 -1.5851816592161152 -1.4689009159881559 

1.3100000000000009 3 0.121901
1 0.26805183947784011 0.0015398258195358804 0.0014268721465637302 -1.9813475887198095 0.002713720518535895 0.0025146559905166923 
1 -0.13618591584228867 -0.063507527756366061 -0.058848943369497413 1.0071137676973509 1.7880749229257171 1.6569109772794839 
1 -0.13186592363556557 0.061967701936938131 0.057422071222941101 0.97423382102284872 -1.7907886434443454 -1.6594256332717101 

1.320000000000001 3 0.147035
1 0.24762283131367133 0.0015650810828208666 0.0014502748141101336 -2.1084268744923826 0.002292817993582546 0.0021246287019218994 
1 -0.12575221421969052 -0.044007378148826486 -0.040779224070192431 1.0839682474994567 2.156139125692718 1.9979758902148146 
1 -0.12187061709398507 0.042442297066136725 0.039328949256108213 1.0244586269936071 -2.1584319436872841 -2.000100518918396 

1.330000000000001 3 0.241096
1 0.22578921370072857 0.0015844417390096319 0.0014682152725071372 -2.2638578465662351 0.0014936984340711199 0.0013841284279422043 
1 -0.11430392706825653 -0.01807148934412961 -0.016745858177527509 1.2384129104109056 3.393176145640338 3.1442702604266386 
1 -0.11148528663211821 0.016487047605244127 0.015277642905149522 1.0254449361527731 -3.3946698440724057 -3.1456543888474755 

